/*--------------------------------*- C++ -*----------------------------------*\
  =========                 |
  \\      /  F ield         | OpenFOAM: The Open Source CFD Toolbox
   \\    /   O peration     | Website:  https://openfoam.org
    \\  /    A nd           | Version:  6.0
     \\/     M anipulation  |
\*---------------------------------------------------------------------------*/
FoamFile
{
    version     2.0;
    format      ascii;
    class       volScalarField;
    location    "7";
    object      p;
}
// * * * * * * * * * * * * * * * * * * * * * * * * * * * * * * * * * * * * * //

dimensions      [0 2 -2 0 0 0 0];

internalField   nonuniform List<scalar> 
8000
(
-0.341839
-0.346177
-0.348691
-0.350141
-0.35098
-0.351284
-0.351136
-0.35062
-0.349805
-0.348746
-0.347492
-0.346082
-0.344553
-0.342934
-0.341251
-0.339531
-0.33779
-0.336015
-0.334205
-0.332704
-0.342532
-0.346818
-0.349288
-0.350698
-0.351495
-0.35176
-0.351574
-0.351021
-0.350169
-0.349075
-0.347786
-0.346343
-0.344781
-0.34313
-0.341417
-0.339668
-0.337901
-0.336098
-0.334262
-0.332751
-0.343919
-0.348101
-0.350483
-0.351811
-0.352528
-0.352713
-0.35245
-0.351823
-0.350898
-0.349733
-0.348375
-0.346864
-0.345236
-0.343521
-0.341746
-0.339939
-0.338117
-0.336261
-0.33437
-0.33284
-0.346003
-0.350028
-0.352277
-0.353481
-0.354075
-0.354142
-0.353763
-0.353023
-0.351989
-0.350717
-0.349253
-0.34764
-0.345912
-0.3441
-0.342232
-0.340335
-0.33843
-0.336492
-0.334519
-0.332962
-0.34879
-0.352601
-0.354671
-0.355708
-0.356137
-0.356044
-0.35551
-0.354619
-0.353438
-0.352022
-0.350418
-0.348666
-0.346803
-0.344859
-0.342864
-0.340846
-0.338826
-0.336776
-0.334692
-0.333101
-0.352286
-0.355824
-0.357665
-0.35849
-0.358712
-0.358416
-0.357687
-0.356607
-0.355241
-0.353645
-0.351863
-0.349937
-0.347902
-0.345789
-0.34363
-0.341456
-0.339288
-0.337092
-0.334864
-0.333235
-0.356499
-0.3597
-0.361261
-0.361828
-0.361797
-0.361257
-0.360293
-0.358984
-0.357396
-0.355581
-0.353584
-0.351445
-0.349199
-0.34688
-0.344518
-0.342148
-0.339795
-0.337415
-0.335009
-0.333337
-0.361439
-0.364235
-0.36546
-0.365719
-0.36539
-0.364563
-0.363323
-0.361747
-0.359898
-0.357827
-0.355577
-0.353186
-0.35069
-0.348121
-0.345514
-0.342906
-0.340324
-0.337716
-0.335089
-0.333371
-0.367118
-0.369431
-0.37026
-0.370162
-0.369486
-0.368329
-0.366772
-0.364892
-0.362746
-0.360382
-0.357841
-0.355159
-0.35237
-0.349507
-0.346606
-0.343711
-0.34085
-0.337959
-0.335062
-0.333292
-0.373547
-0.375291
-0.375661
-0.375151
-0.374081
-0.37255
-0.370637
-0.368415
-0.365937
-0.363245
-0.360376
-0.357364
-0.354239
-0.351035
-0.347788
-0.344547
-0.341346
-0.338108
-0.334875
-0.333041
-0.380736
-0.381816
-0.381657
-0.38068
-0.379167
-0.377219
-0.374913
-0.372314
-0.369471
-0.366419
-0.363189
-0.359808
-0.356304
-0.352707
-0.349056
-0.345404
-0.341788
-0.338119
-0.334465
-0.33254
-0.388689
-0.389002
-0.38824
-0.386739
-0.384734
-0.382327
-0.379592
-0.376586
-0.37335
-0.36991
-0.366288
-0.362505
-0.35858
-0.354539
-0.350418
-0.346276
-0.342155
-0.337945
-0.333753
-0.331689
-0.397406
-0.396838
-0.395397
-0.393313
-0.390767
-0.387862
-0.384666
-0.381227
-0.377575
-0.373726
-0.36969
-0.365477
-0.361094
-0.356557
-0.351897
-0.347174
-0.342433
-0.337541
-0.332644
-0.330351
-0.406873
-0.405305
-0.403106
-0.400382
-0.397249
-0.393808
-0.390124
-0.386232
-0.382149
-0.377879
-0.373418
-0.368757
-0.363888
-0.358811
-0.353541
-0.348135
-0.342633
-0.336868
-0.331024
-0.32834
-0.417065
-0.414376
-0.41134
-0.40792
-0.404155
-0.400147
-0.395952
-0.391593
-0.387074
-0.382384
-0.3775
-0.372392
-0.367029
-0.361381
-0.355438
-0.349239
-0.342805
-0.335908
-0.328754
-0.325393
-0.427937
-0.424009
-0.420061
-0.415893
-0.411456
-0.406852
-0.40213
-0.3973
-0.392352
-0.387258
-0.381974
-0.376447
-0.37061
-0.364394
-0.357744
-0.350651
-0.343091
-0.33472
-0.325713
-0.321202
-0.439429
-0.434153
-0.429224
-0.424261
-0.419118
-0.413896
-0.408638
-0.403341
-0.397982
-0.392519
-0.386889
-0.381007
-0.374771
-0.368057
-0.360736
-0.352724
-0.343902
-0.333715
-0.322133
-0.315659
-0.45146
-0.444743
-0.438776
-0.432978
-0.427101
-0.421244
-0.415447
-0.409696
-0.403959
-0.398184
-0.39229
-0.38617
-0.379681
-0.372635
-0.364807
-0.355996
-0.345936
-0.333643
-0.318238
-0.307675
-0.463934
-0.455705
-0.448655
-0.441993
-0.43536
-0.428859
-0.422524
-0.41634
-0.41027
-0.404258
-0.398221
-0.392038
-0.385533
-0.378448
-0.370426
-0.361057
-0.349711
-0.334258
-0.31135
-0.290991
-0.476741
-0.466956
-0.458795
-0.45125
-0.443849
-0.436697
-0.429833
-0.423239
-0.416886
-0.410733
-0.404716
-0.398741
-0.39266
-0.386229
-0.379059
-0.370595
-0.359664
-0.342428
-0.312397
-0.281828
-0.489767
-0.478412
-0.46913
-0.460693
-0.452517
-0.444714
-0.437324
-0.430337
-0.423739
-0.417519
-0.411668
-0.406184
-0.401075
-0.39638
-0.392219
-0.388877
-0.386658
-0.385726
-0.389916
-0.414575
-0.502896
-0.489984
-0.479588
-0.470263
-0.461315
-0.452861
-0.444944
-0.43756
-0.43071
-0.424408
-0.418688
-0.413607
-0.409266
-0.405832
-0.403596
-0.402996
-0.404474
-0.408881
-0.420895
-0.448097
-0.516017
-0.501588
-0.490102
-0.479905
-0.470195
-0.461093
-0.452647
-0.444851
-0.437716
-0.431271
-0.425571
-0.420699
-0.416787
-0.414026
-0.412705
-0.413186
-0.415765
-0.421075
-0.432385
-0.452548
-0.52903
-0.513143
-0.500605
-0.489564
-0.479111
-0.469372
-0.460394
-0.452168
-0.444708
-0.438046
-0.432242
-0.427383
-0.423595
-0.421049
-0.419977
-0.420628
-0.423145
-0.427931
-0.437253
-0.451601
-0.541842
-0.52457
-0.511031
-0.499183
-0.488015
-0.477655
-0.468146
-0.459474
-0.451645
-0.444689
-0.438656
-0.433619
-0.429679
-0.426961
-0.42562
-0.425789
-0.427477
-0.430924
-0.437845
-0.447544
-0.554367
-0.535791
-0.521311
-0.508701
-0.496853
-0.485893
-0.475857
-0.466722
-0.458482
-0.451155
-0.444774
-0.439389
-0.435062
-0.43187
-0.429894
-0.429172
-0.429621
-0.431395
-0.435877
-0.441681
-0.566523
-0.546725
-0.531369
-0.518048
-0.50556
-0.494023
-0.483467
-0.473851
-0.465157
-0.457386
-0.450548
-0.444665
-0.439764
-0.435872
-0.433013
-0.431158
-0.430175
-0.430179
-0.432327
-0.43481
-0.578222
-0.557288
-0.541122
-0.527145
-0.514056
-0.501968
-0.490896
-0.480782
-0.471592
-0.463306
-0.455912
-0.449405
-0.443778
-0.439021
-0.435114
-0.431989
-0.429493
-0.427731
-0.427678
-0.427291
-0.58937
-0.567381
-0.550475
-0.535896
-0.522249
-0.509633
-0.498047
-0.487417
-0.477687
-0.468821
-0.460784
-0.453546
-0.447076
-0.441335
-0.436277
-0.431812
-0.427789
-0.424312
-0.422199
-0.419319
-0.59986
-0.576898
-0.55932
-0.544195
-0.53003
-0.516907
-0.504808
-0.493639
-0.483329
-0.473821
-0.465064
-0.457009
-0.449607
-0.442802
-0.436535
-0.430708
-0.425184
-0.420071
-0.416044
-0.411002
-0.609567
-0.585716
-0.567536
-0.551919
-0.537274
-0.523662
-0.511048
-0.499319
-0.488387
-0.478182
-0.46864
-0.459701
-0.451303
-0.443386
-0.435884
-0.428706
-0.421735
-0.415081
-0.409292
-0.402384
-0.618354
-0.5937
-0.574988
-0.558933
-0.543843
-0.529759
-0.516625
-0.504313
-0.492722
-0.481772
-0.471392
-0.461516
-0.452082
-0.443028
-0.434294
-0.425801
-0.417455
-0.409366
-0.401969
-0.393468
-0.626063
-0.600699
-0.581528
-0.565087
-0.549587
-0.535044
-0.521386
-0.508469
-0.496185
-0.48445
-0.473191
-0.462344
-0.451851
-0.441658
-0.431715
-0.421959
-0.412324
-0.402914
-0.394064
-0.384217
-0.632526
-0.606552
-0.586997
-0.570223
-0.554345
-0.539355
-0.525167
-0.511626
-0.498621
-0.486069
-0.473902
-0.462064
-0.450507
-0.439191
-0.428079
-0.417129
-0.406298
-0.395684
-0.385535
-0.374569
-0.637559
-0.611086
-0.591226
-0.574173
-0.557949
-0.542525
-0.527801
-0.51362
-0.499871
-0.48648
-0.473388
-0.460555
-0.447946
-0.435538
-0.423311
-0.411244
-0.399318
-0.38762
-0.376321
-0.364444
-0.640972
-0.614122
-0.59404
-0.576761
-0.560224
-0.544379
-0.529118
-0.514284
-0.499777
-0.485533
-0.471514
-0.457693
-0.444058
-0.430603
-0.417327
-0.40423
-0.391314
-0.378652
-0.366349
-0.353748
-0.64257
-0.615474
-0.595259
-0.57781
-0.560993
-0.544741
-0.528943
-0.513452
-0.498179
-0.483083
-0.468144
-0.453359
-0.438736
-0.424292
-0.410043
-0.396009
-0.382211
-0.368703
-0.355539
-0.342382
-0.642157
-0.614957
-0.5947
-0.577139
-0.560077
-0.543436
-0.527108
-0.51096
-0.494925
-0.478986
-0.463148
-0.447435
-0.431877
-0.416511
-0.401374
-0.386503
-0.371933
-0.357699
-0.343806
-0.330247
-0.639536
-0.612387
-0.592185
-0.57457
-0.557302
-0.540292
-0.523446
-0.506651
-0.489867
-0.473107
-0.456405
-0.439812
-0.423383
-0.407175
-0.391243
-0.375637
-0.360407
-0.345563
-0.331071
-0.317249
-0.634523
-0.607584
-0.587536
-0.569931
-0.552496
-0.535145
-0.5178
-0.500376
-0.482868
-0.465321
-0.447803
-0.430391
-0.413167
-0.396206
-0.379576
-0.363345
-0.347568
-0.332229
-0.31726
-0.303302
-0.626941
-0.600381
-0.58059
-0.563057
-0.5455
-0.527839
-0.510021
-0.491998
-0.473802
-0.455516
-0.437242
-0.419087
-0.401153
-0.383535
-0.366315
-0.349569
-0.333359
-0.317639
-0.302311
-0.28833
-0.616619
-0.590611
-0.571184
-0.55379
-0.536161
-0.518228
-0.499974
-0.481392
-0.462558
-0.443595
-0.424639
-0.405825
-0.387279
-0.369109
-0.351409
-0.334263
-0.317733
-0.301744
-0.28617
-0.27227
-0.603412
-0.578135
-0.559178
-0.541993
-0.524344
-0.506186
-0.487542
-0.468453
-0.449044
-0.429478
-0.409926
-0.390551
-0.371498
-0.352889
-0.334825
-0.317394
-0.300659
-0.284512
-0.268799
-0.255076
-0.587195
-0.562826
-0.544447
-0.527542
-0.509932
-0.491603
-0.472626
-0.453095
-0.433186
-0.413104
-0.393055
-0.373226
-0.353782
-0.334852
-0.316543
-0.298947
-0.282121
-0.265924
-0.250174
-0.236714
-0.567862
-0.544578
-0.526886
-0.510335
-0.492828
-0.474391
-0.455148
-0.435253
-0.414932
-0.394435
-0.373998
-0.353835
-0.33412
-0.314994
-0.296563
-0.278919
-0.262115
-0.245976
-0.230287
-0.217166
-0.545334
-0.523312
-0.506412
-0.490292
-0.472959
-0.454486
-0.435056
-0.414886
-0.394255
-0.373454
-0.352751
-0.332378
-0.312522
-0.293327
-0.274899
-0.257328
-0.240658
-0.22468
-0.209146
-0.196432
-0.519562
-0.498972
-0.482971
-0.467359
-0.450276
-0.431847
-0.412321
-0.391978
-0.37115
-0.350169
-0.32933
-0.308881
-0.289018
-0.269886
-0.251587
-0.234206
-0.217781
-0.202066
-0.186775
-0.174528
-0.490524
-0.471531
-0.456532
-0.44151
-0.424759
-0.406465
-0.386942
-0.366539
-0.34564
-0.324611
-0.303774
-0.28339
-0.263658
-0.244723
-0.226679
-0.209607
-0.193536
-0.178182
-0.163217
-0.151486
-0.458231
-0.440993
-0.427096
-0.412747
-0.396417
-0.378354
-0.358947
-0.338609
-0.317772
-0.296838
-0.276148
-0.255973
-0.236514
-0.21791
-0.200249
-0.183603
-0.16799
-0.153095
-0.138533
-0.127356
-0.422726
-0.407392
-0.394696
-0.381104
-0.365287
-0.347563
-0.328392
-0.308251
-0.287619
-0.266929
-0.246537
-0.22672
-0.207678
-0.189541
-0.172389
-0.156283
-0.141234
-0.12689
-0.112806
-0.102211
-0.384087
-0.370797
-0.359394
-0.346645
-0.331439
-0.314167
-0.29536
-0.275556
-0.25528
-0.234988
-0.215049
-0.195741
-0.17726
-0.159728
-0.14321
-0.12776
-0.113378
-0.099678
-0.0861404
-0.076144
-0.342424
-0.331306
-0.321287
-0.309467
-0.294974
-0.278272
-0.259963
-0.240644
-0.220877
-0.20114
-0.181811
-0.163166
-0.145393
-0.128602
-0.112846
-0.098166
-0.0845542
-0.0715907
-0.058669
-0.0492769
-0.297883
-0.289055
-0.280503
-0.269698
-0.256021
-0.240012
-0.222338
-0.203654
-0.184553
-0.165531
-0.146969
-0.129139
-0.11222
-0.0963087
-0.081443
-0.0676515
-0.0549173
-0.0427886
-0.0305557
-0.0217652
-0.250644
-0.24421
-0.237203
-0.227496
-0.214741
-0.199548
-0.18265
-0.16475
-0.146472
-0.128322
-0.110683
-0.0938202
-0.0779008
-0.0630079
-0.0491646
-0.0363855
-0.0246453
-0.0134618
-0.00200402
0.00619241
-0.200919
-0.196969
-0.191579
-0.183053
-0.171322
-0.157069
-0.141084
-0.124116
-0.106812
-0.0896875
-0.0731219
-0.0573734
-0.0425974
-0.0288637
-0.0161808
-0.00454952
0.00606251
0.0161639
0.0267289
0.0343335
-0.148955
-0.147565
-0.143853
-0.136586
-0.12598
-0.112786
-0.0978474
-0.0819521
-0.0657669
-0.049811
-0.0344601
-0.0199644
-0.00646941
0.00596577
0.0173443
0.0276766
0.0369979
0.0458339
0.055327
0.0623099
-0.0950266
-0.0962561
-0.0942786
-0.088342
-0.0789561
-0.0669346
-0.0531671
-0.0384755
-0.0235402
-0.00888169
0.0051289
0.0182487
0.0303391
0.0413462
0.0512784
0.0601514
0.0679957
0.0753309
0.083466
0.0896936
-0.0394403
-0.0433316
-0.0431327
-0.0385916
-0.030514
-0.0197697
-0.00728778
0.00608309
0.0196541
0.0329062
0.0454738
0.0571191
0.0677054
0.0771752
0.0855295
0.09278
0.0989415
0.104452
0.110653
0.11565
0.0174726
0.0108954
0.009282
0.0123704
0.0190604
0.0284331
0.0395281
0.051478
0.063591
0.0753535
0.0864065
0.0965154
0.105539
0.113399
0.120066
0.125519
0.129701
0.132702
0.135418
0.13768
0.0753561
0.0660884
0.0626408
0.0642287
0.0694614
0.0773796
0.0870007
0.0974466
0.10803
0.11825
0.127759
0.13633
0.14382
0.150131
0.15519
0.158933
0.161137
0.16103
0.158257
0.15593
0.133832
0.12189
0.116599
0.116649
0.120366
0.126758
0.134831
0.143705
0.152706
0.161352
0.169318
0.176404
0.182491
0.187513
0.191451
0.194378
0.19619
0.195574
0.191586
0.197132
0.192531
0.177944
0.170809
0.169291
0.171442
0.176247
0.182708
0.189951
0.19732
0.204359
0.210771
0.216384
0.221114
0.224936
0.227891
0.23014
0.23171
0.231698
0.230125
0.237998
0.251052
0.233869
0.224903
0.221799
0.222345
0.225514
0.230309
0.235869
0.241561
0.246956
0.251784
0.255898
0.259238
0.261803
0.263661
0.264974
0.265775
0.265347
0.263947
0.270875
0.308995
0.289284
0.278511
0.273813
0.272729
0.274223
0.27731
0.281147
0.285124
0.28884
0.292051
0.294631
0.296537
0.297783
0.298444
0.298673
0.298491
0.297265
0.295266
0.300571
0.365965
0.343807
0.331262
0.324976
0.322247
0.322044
0.323396
0.32548
0.327716
0.329729
0.331296
0.332311
0.332742
0.332612
0.331995
0.33103
0.329724
0.327511
0.324681
0.32834
0.42157
0.39706
0.382792
0.374932
0.370561
0.368652
0.368257
0.368577
0.36906
0.369358
0.369269
0.368702
0.367636
0.366096
0.364153
0.361931
0.359426
0.356135
0.352375
0.354408
0.475428
0.448673
0.432739
0.423336
0.417338
0.413732
0.411596
0.410158
0.408895
0.407485
0.405747
0.403602
0.401037
0.398081
0.3948
0.391303
0.387581
0.383193
0.378475
0.378911
0.527168
0.498286
0.480754
0.469849
0.462256
0.45698
0.453129
0.449958
0.446976
0.443885
0.440524
0.436826
0.432786
0.428432
0.423829
0.419073
0.414152
0.408689
0.403021
0.401906
0.576434
0.545552
0.526501
0.51415
0.50501
0.498109
0.492586
0.487729
0.483074
0.478349
0.473412
0.468207
0.462734
0.457025
0.45114
0.445165
0.439088
0.432591
0.426002
0.423396
0.622888
0.590141
0.569659
0.55593
0.545306
0.536843
0.529713
0.523234
0.516972
0.510681
0.504233
0.497586
0.490744
0.48374
0.476632
0.469495
0.462322
0.454848
0.447381
0.443357
0.666211
0.631742
0.609926
0.594898
0.582871
0.572926
0.564271
0.556254
0.548471
0.540697
0.532824
0.524815
0.516683
0.508461
0.500203
0.491978
0.483781
0.475396
0.467103
0.461746
0.706104
0.670064
0.647019
0.630785
0.617448
0.606119
0.596038
0.586585
0.577383
0.568229
0.559029
0.549756
0.540427
0.531076
0.521755
0.512525
0.503384
0.494163
0.485105
0.478511
0.742292
0.704837
0.680678
0.663341
0.648803
0.636201
0.624811
0.61404
0.603538
0.59312
0.582706
0.572279
0.561858
0.551479
0.54119
0.531047
0.521052
0.511076
0.501321
0.493598
0.774525
0.735818
0.710667
0.692341
0.676722
0.662975
0.650406
0.63845
0.626778
0.615226
0.603725
0.592265
0.580867
0.56957
0.558418
0.547461
0.536706
0.52606
0.515683
0.506948
0.802581
0.76279
0.736775
0.717583
0.701016
0.686263
0.672659
0.659662
0.646966
0.634421
0.621969
0.609605
0.597356
0.585258
0.573354
0.561689
0.550274
0.539047
0.528127
0.518506
0.826266
0.785563
0.758818
0.738892
0.721518
0.70591
0.691426
0.677546
0.66398
0.650593
0.637334
0.624206
0.611236
0.598461
0.585923
0.57366
0.56169
0.549973
0.538594
0.528222
0.845414
0.803978
0.776642
0.75612
0.73809
0.721787
0.706587
0.691989
0.677717
0.663646
0.649734
0.635987
0.622433
0.609111
0.596059
0.583314
0.570895
0.558784
0.547033
0.536052
0.859893
0.817903
0.790121
0.769146
0.750619
0.733788
0.718045
0.702901
0.688094
0.673504
0.659097
0.644881
0.630885
0.617149
0.603709
0.590599
0.577841
0.565433
0.553401
0.541957
0.869602
0.827241
0.79916
0.777881
0.75902
0.741833
0.725724
0.710214
0.695047
0.680109
0.66537
0.650838
0.636547
0.622532
0.608832
0.595478
0.582493
0.569886
0.557665
0.545911
0.874473
0.831927
0.803695
0.782264
0.763234
0.745869
0.729577
0.713882
0.698534
0.683422
0.668515
0.653826
0.639385
0.625231
0.611401
0.597924
0.584825
0.572119
0.559802
0.547892
0.874473
0.831926
0.803695
0.782264
0.763234
0.745868
0.729576
0.713882
0.698534
0.683421
0.668515
0.653826
0.639385
0.625231
0.6114
0.597924
0.584825
0.572118
0.559802
0.547892
0.869601
0.82724
0.799159
0.777881
0.759019
0.741832
0.725724
0.710214
0.695046
0.680109
0.665369
0.650838
0.636546
0.622532
0.608832
0.595477
0.582493
0.569886
0.557664
0.54591
0.859891
0.817901
0.790119
0.769145
0.750618
0.733787
0.718044
0.7029
0.688093
0.673504
0.659096
0.64488
0.630885
0.617148
0.603708
0.590598
0.577841
0.565433
0.5534
0.541957
0.845412
0.803975
0.77664
0.756118
0.738089
0.721786
0.706586
0.691988
0.677716
0.663645
0.649733
0.635986
0.622432
0.609109
0.596057
0.583313
0.570894
0.558783
0.547032
0.536051
0.826263
0.785561
0.758816
0.73889
0.721516
0.705908
0.691424
0.677544
0.663979
0.650591
0.637333
0.624205
0.611234
0.59846
0.585921
0.573659
0.561688
0.549972
0.538593
0.528221
0.802578
0.762787
0.736772
0.71758
0.701013
0.686261
0.672657
0.65966
0.646964
0.634419
0.621967
0.609603
0.597354
0.585256
0.573352
0.561687
0.550273
0.539045
0.528125
0.518504
0.774522
0.735815
0.710663
0.692338
0.676719
0.662972
0.650404
0.638447
0.626776
0.615224
0.603723
0.592262
0.580865
0.569568
0.558416
0.547459
0.536704
0.526058
0.515681
0.506946
0.742288
0.704833
0.680674
0.663338
0.648799
0.636198
0.624808
0.614037
0.603535
0.593117
0.582703
0.572277
0.561856
0.551477
0.541188
0.531044
0.521049
0.511073
0.501319
0.493595
0.706099
0.670059
0.647015
0.630781
0.617444
0.606115
0.596034
0.586582
0.57738
0.568226
0.559026
0.549754
0.540424
0.531073
0.521752
0.512522
0.503381
0.494161
0.485103
0.478509
0.666206
0.631737
0.609921
0.594893
0.582866
0.572922
0.564267
0.55625
0.548467
0.540694
0.53282
0.524812
0.51668
0.508458
0.5002
0.491975
0.483778
0.475393
0.4671
0.461743
0.622883
0.590136
0.569654
0.555924
0.545301
0.536838
0.529708
0.523229
0.516968
0.510677
0.50423
0.497582
0.49074
0.483737
0.476628
0.469492
0.462319
0.454844
0.447377
0.443353
0.576428
0.545546
0.526495
0.514144
0.505004
0.498104
0.492581
0.487724
0.483069
0.478345
0.473408
0.468203
0.46273
0.457021
0.451136
0.445161
0.439084
0.432587
0.425999
0.423393
0.527162
0.498279
0.480748
0.469843
0.46225
0.456975
0.453124
0.449953
0.446971
0.44388
0.440519
0.436822
0.432781
0.428428
0.423825
0.419069
0.414148
0.408685
0.403017
0.401902
0.475421
0.448666
0.432732
0.423329
0.417331
0.413725
0.41159
0.410152
0.40889
0.40748
0.405742
0.403597
0.401032
0.398076
0.394795
0.391298
0.387577
0.383189
0.378471
0.378907
0.421563
0.397053
0.382784
0.374925
0.370554
0.368645
0.368251
0.368571
0.369054
0.369352
0.369264
0.368697
0.367631
0.366091
0.364149
0.361926
0.359422
0.356131
0.35237
0.354404
0.365958
0.343799
0.331255
0.324968
0.32224
0.322037
0.323389
0.325474
0.32771
0.329723
0.33129
0.332305
0.332737
0.332607
0.33199
0.331025
0.32972
0.327506
0.324676
0.328335
0.308987
0.289276
0.278502
0.273805
0.272721
0.274215
0.277303
0.281139
0.285117
0.288834
0.292045
0.294625
0.296531
0.297778
0.298439
0.298668
0.298486
0.297259
0.295261
0.300566
0.251043
0.233861
0.224894
0.22179
0.222337
0.225506
0.230301
0.235861
0.241554
0.246949
0.251777
0.255891
0.259232
0.261797
0.263655
0.264968
0.26577
0.265342
0.263941
0.27087
0.192522
0.177935
0.1708
0.169282
0.171433
0.176239
0.1827
0.189943
0.197312
0.204351
0.210764
0.216378
0.221108
0.224929
0.227885
0.230135
0.231704
0.231692
0.230119
0.237993
0.133823
0.12188
0.116589
0.116639
0.120356
0.126749
0.134822
0.143697
0.152698
0.161344
0.169311
0.176397
0.182484
0.187507
0.191445
0.194371
0.196184
0.195568
0.191581
0.197126
0.0753458
0.066078
0.0626304
0.0642184
0.0694514
0.07737
0.0869914
0.0974377
0.108022
0.118242
0.127751
0.136322
0.143813
0.150124
0.155183
0.158927
0.16113
0.161024
0.158251
0.155924
0.0174617
0.0108844
0.00927104
0.0123596
0.0190499
0.0284229
0.0395183
0.0514684
0.0635818
0.0753447
0.0863981
0.0965074
0.105531
0.113392
0.120059
0.125512
0.129694
0.132696
0.135412
0.137674
-0.0394518
-0.0433432
-0.0431442
-0.038603
-0.0305251
-0.0197805
-0.00729823
0.00607302
0.0196444
0.032897
0.045465
0.0571106
0.0676973
0.0771675
0.0855221
0.092773
0.0989348
0.104446
0.110647
0.115644
-0.0950386
-0.0962682
-0.0942908
-0.0883539
-0.0789679
-0.066946
-0.0531781
-0.0384861
-0.0235504
-0.00889149
0.00511953
0.0182398
0.0303306
0.0413381
0.0512707
0.060144
0.0679886
0.0753242
0.0834597
0.0896875
-0.148967
-0.147577
-0.143866
-0.136599
-0.125993
-0.112798
-0.097859
-0.0819633
-0.0657777
-0.0498213
-0.03447
-0.0199739
-0.0064784
0.00595721
0.0173362
0.0276689
0.0369906
0.0458269
0.0553203
0.0623035
-0.200932
-0.196983
-0.191592
-0.183066
-0.171335
-0.157082
-0.141096
-0.124128
-0.106823
-0.0896984
-0.0731323
-0.0573833
-0.0426068
-0.0288727
-0.0161893
-0.00455766
0.00605476
0.0161565
0.0267219
0.0343267
-0.250658
-0.244224
-0.237217
-0.22751
-0.214754
-0.199562
-0.182663
-0.164762
-0.146484
-0.128333
-0.110694
-0.0938306
-0.0779107
-0.0630173
-0.0491735
-0.036394
-0.0246535
-0.0134696
-0.00201139
0.00618529
-0.297898
-0.28907
-0.280518
-0.269712
-0.256035
-0.240026
-0.222352
-0.203667
-0.184565
-0.165543
-0.14698
-0.12915
-0.112231
-0.0963186
-0.0814524
-0.0676605
-0.0549259
-0.0427968
-0.0305635
-0.0217727
-0.342439
-0.331322
-0.321302
-0.309482
-0.294988
-0.278287
-0.259977
-0.240657
-0.22089
-0.201153
-0.181823
-0.163177
-0.145404
-0.128612
-0.112856
-0.0981754
-0.0845631
-0.0715992
-0.0586771
-0.0492847
-0.384102
-0.370812
-0.35941
-0.346661
-0.331454
-0.314182
-0.295374
-0.27557
-0.255293
-0.235001
-0.215061
-0.195753
-0.177272
-0.159739
-0.143221
-0.12777
-0.113388
-0.0996869
-0.0861489
-0.0761522
-0.422742
-0.407409
-0.394712
-0.38112
-0.365303
-0.347579
-0.328407
-0.308265
-0.287633
-0.266942
-0.24655
-0.226732
-0.207689
-0.189552
-0.172399
-0.156293
-0.141244
-0.1269
-0.112815
-0.10222
-0.458248
-0.44101
-0.427113
-0.412764
-0.396433
-0.37837
-0.358963
-0.338624
-0.317786
-0.296852
-0.276161
-0.255986
-0.236526
-0.217922
-0.20026
-0.183613
-0.168
-0.153105
-0.138542
-0.127365
-0.490541
-0.471548
-0.456549
-0.441527
-0.424776
-0.406481
-0.386958
-0.366555
-0.345655
-0.324626
-0.303788
-0.283403
-0.263671
-0.244735
-0.226691
-0.209618
-0.193546
-0.178193
-0.163227
-0.151495
-0.51958
-0.49899
-0.482989
-0.467377
-0.450294
-0.431864
-0.412337
-0.391993
-0.371165
-0.350184
-0.329344
-0.308894
-0.289031
-0.269898
-0.251599
-0.234218
-0.217792
-0.202077
-0.186785
-0.174538
-0.545353
-0.523331
-0.506431
-0.49031
-0.472977
-0.454503
-0.435073
-0.414902
-0.39427
-0.373469
-0.352766
-0.332392
-0.312536
-0.29334
-0.274912
-0.257339
-0.240669
-0.224691
-0.209156
-0.196442
-0.567881
-0.544598
-0.526905
-0.510354
-0.492847
-0.474409
-0.455165
-0.43527
-0.414948
-0.39445
-0.374013
-0.353849
-0.334134
-0.315007
-0.296576
-0.278931
-0.262127
-0.245987
-0.230298
-0.217176
-0.587214
-0.562845
-0.544466
-0.527561
-0.509951
-0.491622
-0.472643
-0.453112
-0.433202
-0.41312
-0.39307
-0.373241
-0.353796
-0.334866
-0.316556
-0.298959
-0.282133
-0.265936
-0.250185
-0.236724
-0.603433
-0.578155
-0.559198
-0.542013
-0.524363
-0.506205
-0.48756
-0.468471
-0.449061
-0.429494
-0.409941
-0.390566
-0.371512
-0.352903
-0.334838
-0.317407
-0.300672
-0.284524
-0.26881
-0.255087
-0.616639
-0.590632
-0.571204
-0.55381
-0.53618
-0.518247
-0.499993
-0.48141
-0.462575
-0.443612
-0.424655
-0.405841
-0.387294
-0.369124
-0.351423
-0.334276
-0.317746
-0.301757
-0.286182
-0.272282
-0.626961
-0.600401
-0.58061
-0.563077
-0.54552
-0.527858
-0.51004
-0.492016
-0.47382
-0.455534
-0.437259
-0.419103
-0.401168
-0.38355
-0.366329
-0.349583
-0.333372
-0.317651
-0.302323
-0.288342
-0.634544
-0.607605
-0.587557
-0.569951
-0.552516
-0.535165
-0.517819
-0.500394
-0.482886
-0.465338
-0.447819
-0.430408
-0.413183
-0.396221
-0.379591
-0.363359
-0.347582
-0.332242
-0.317273
-0.303314
-0.639558
-0.612408
-0.592206
-0.574591
-0.557322
-0.540312
-0.523466
-0.50667
-0.489886
-0.473124
-0.456422
-0.439828
-0.423399
-0.407191
-0.391257
-0.375651
-0.360421
-0.345577
-0.331084
-0.317262
-0.642178
-0.614979
-0.594721
-0.57716
-0.560098
-0.543456
-0.527128
-0.510979
-0.494944
-0.479004
-0.463165
-0.447451
-0.431893
-0.416527
-0.40139
-0.386517
-0.371947
-0.357713
-0.343819
-0.33026
-0.642592
-0.615496
-0.59528
-0.577831
-0.561014
-0.544761
-0.528964
-0.513472
-0.498198
-0.483101
-0.468161
-0.453376
-0.438753
-0.424308
-0.410059
-0.396024
-0.382226
-0.368718
-0.355553
-0.342396
-0.640994
-0.614143
-0.594061
-0.576782
-0.560245
-0.544399
-0.529138
-0.514304
-0.499796
-0.485552
-0.471532
-0.457711
-0.444075
-0.43062
-0.417343
-0.404245
-0.391329
-0.378666
-0.366364
-0.353762
-0.637581
-0.611108
-0.591248
-0.574194
-0.55797
-0.542546
-0.527822
-0.51364
-0.499891
-0.486499
-0.473407
-0.460573
-0.447963
-0.435555
-0.423328
-0.41126
-0.399334
-0.387635
-0.376336
-0.364459
-0.632547
-0.606574
-0.587018
-0.570245
-0.554366
-0.539376
-0.525187
-0.511646
-0.498641
-0.486088
-0.47392
-0.462082
-0.450525
-0.439209
-0.428096
-0.417145
-0.406314
-0.3957
-0.38555
-0.374584
-0.626085
-0.600721
-0.581549
-0.565109
-0.549608
-0.535065
-0.521406
-0.508489
-0.496205
-0.484469
-0.47321
-0.462362
-0.451868
-0.441675
-0.431732
-0.421976
-0.412341
-0.40293
-0.39408
-0.384233
-0.618376
-0.593722
-0.575009
-0.558954
-0.543864
-0.52978
-0.516646
-0.504334
-0.492743
-0.481792
-0.471411
-0.461535
-0.4521
-0.443046
-0.434312
-0.425818
-0.417472
-0.409383
-0.401986
-0.393484
-0.609589
-0.585738
-0.567557
-0.551941
-0.537295
-0.523683
-0.511069
-0.49934
-0.488408
-0.478202
-0.46866
-0.459719
-0.451321
-0.443404
-0.435902
-0.428724
-0.421753
-0.415098
-0.409309
-0.402401
-0.599882
-0.57692
-0.559341
-0.544216
-0.530051
-0.516928
-0.504829
-0.49366
-0.483349
-0.47384
-0.465083
-0.457028
-0.449625
-0.442821
-0.436553
-0.430726
-0.425202
-0.420088
-0.416062
-0.411019
-0.589392
-0.567403
-0.550496
-0.535917
-0.52227
-0.509654
-0.498068
-0.487437
-0.477708
-0.468841
-0.460803
-0.453565
-0.447094
-0.441354
-0.436295
-0.43183
-0.427807
-0.42433
-0.422217
-0.419337
-0.578244
-0.557309
-0.541143
-0.527166
-0.514077
-0.501989
-0.490917
-0.480803
-0.471612
-0.463326
-0.455932
-0.449424
-0.443797
-0.43904
-0.435133
-0.432007
-0.429511
-0.42775
-0.427696
-0.42731
-0.566545
-0.546747
-0.53139
-0.518069
-0.505581
-0.494044
-0.483488
-0.473871
-0.465177
-0.457406
-0.450568
-0.444685
-0.439783
-0.435891
-0.433032
-0.431177
-0.430194
-0.430199
-0.432346
-0.434828
-0.554389
-0.535812
-0.521332
-0.508722
-0.496874
-0.485914
-0.475878
-0.466742
-0.458502
-0.451175
-0.444794
-0.439408
-0.435082
-0.43189
-0.429913
-0.429191
-0.42964
-0.431414
-0.435896
-0.4417
-0.541864
-0.524591
-0.511053
-0.499204
-0.488036
-0.477676
-0.468167
-0.459494
-0.451665
-0.444709
-0.438675
-0.433639
-0.429698
-0.426981
-0.42564
-0.425809
-0.427496
-0.430944
-0.437865
-0.447564
-0.529052
-0.513165
-0.500626
-0.489585
-0.479132
-0.469393
-0.460414
-0.452188
-0.444727
-0.438066
-0.432261
-0.427402
-0.423614
-0.421069
-0.419997
-0.420647
-0.423165
-0.427951
-0.437273
-0.451621
-0.51604
-0.50161
-0.490123
-0.479926
-0.470216
-0.461114
-0.452667
-0.444871
-0.437735
-0.431291
-0.42559
-0.420719
-0.416806
-0.414046
-0.412725
-0.413206
-0.415786
-0.421096
-0.432406
-0.452568
-0.502918
-0.490006
-0.479609
-0.470284
-0.461335
-0.452881
-0.444964
-0.43758
-0.430729
-0.424428
-0.418707
-0.413626
-0.409285
-0.405852
-0.403616
-0.403016
-0.404495
-0.408902
-0.420916
-0.448118
-0.48979
-0.478434
-0.469151
-0.460714
-0.452537
-0.444734
-0.437344
-0.430356
-0.423758
-0.417538
-0.411688
-0.406203
-0.401095
-0.3964
-0.392239
-0.388898
-0.386679
-0.385748
-0.389938
-0.414597
-0.476764
-0.466978
-0.458817
-0.451271
-0.443869
-0.436717
-0.429853
-0.423258
-0.416905
-0.410752
-0.404735
-0.398761
-0.39268
-0.386249
-0.379079
-0.370616
-0.359686
-0.34245
-0.31242
-0.281852
-0.463956
-0.455726
-0.448676
-0.442013
-0.43538
-0.428879
-0.422544
-0.416359
-0.410289
-0.404278
-0.39824
-0.392057
-0.385552
-0.378468
-0.370446
-0.361078
-0.349732
-0.33428
-0.311373
-0.291014
-0.451483
-0.444764
-0.438797
-0.432998
-0.427121
-0.421264
-0.415466
-0.409715
-0.403978
-0.398203
-0.392309
-0.386189
-0.379701
-0.372655
-0.364828
-0.356017
-0.345957
-0.333665
-0.31826
-0.307698
-0.439451
-0.434174
-0.429245
-0.424281
-0.419138
-0.413915
-0.408656
-0.403359
-0.398001
-0.392538
-0.386907
-0.381026
-0.37479
-0.368076
-0.360756
-0.352745
-0.343923
-0.333737
-0.322155
-0.315682
-0.427959
-0.42403
-0.420081
-0.415912
-0.411475
-0.406871
-0.402149
-0.397318
-0.39237
-0.387276
-0.381993
-0.376465
-0.370629
-0.364414
-0.357763
-0.350672
-0.343112
-0.334741
-0.325735
-0.321224
-0.417086
-0.414396
-0.411359
-0.407939
-0.404174
-0.400165
-0.395969
-0.39161
-0.387092
-0.382402
-0.377518
-0.37241
-0.367047
-0.3614
-0.355458
-0.349259
-0.342825
-0.335929
-0.328776
-0.325416
-0.406894
-0.405325
-0.403125
-0.400401
-0.397267
-0.393826
-0.390141
-0.386249
-0.382166
-0.377896
-0.373435
-0.368774
-0.363906
-0.358829
-0.35356
-0.348154
-0.342652
-0.336888
-0.331045
-0.328362
-0.397427
-0.396857
-0.395415
-0.393331
-0.390785
-0.387879
-0.384682
-0.381244
-0.377591
-0.373742
-0.369707
-0.365493
-0.361111
-0.356574
-0.351915
-0.347193
-0.342452
-0.33756
-0.332664
-0.330372
-0.388709
-0.38902
-0.388258
-0.386756
-0.38475
-0.382343
-0.379608
-0.376602
-0.373365
-0.369925
-0.366304
-0.362521
-0.358596
-0.354555
-0.350435
-0.346294
-0.342173
-0.337964
-0.333773
-0.331709
-0.380754
-0.381834
-0.381674
-0.380696
-0.379183
-0.377234
-0.374928
-0.372329
-0.369485
-0.366434
-0.363204
-0.359823
-0.356319
-0.352723
-0.349072
-0.34542
-0.341805
-0.338136
-0.334483
-0.332559
-0.373565
-0.375307
-0.375676
-0.375166
-0.374096
-0.372564
-0.370651
-0.368429
-0.36595
-0.363259
-0.36039
-0.357378
-0.354253
-0.351049
-0.347803
-0.344563
-0.341362
-0.338124
-0.334892
-0.333058
-0.367134
-0.369446
-0.370274
-0.370175
-0.3695
-0.368342
-0.366785
-0.364904
-0.362758
-0.360395
-0.357854
-0.355172
-0.352383
-0.349521
-0.34662
-0.343725
-0.340864
-0.337974
-0.335077
-0.333308
-0.361454
-0.364248
-0.365473
-0.365732
-0.365402
-0.364575
-0.363334
-0.361758
-0.35991
-0.357839
-0.355589
-0.353198
-0.350702
-0.348134
-0.345526
-0.342919
-0.340337
-0.337729
-0.335103
-0.333385
-0.356512
-0.359712
-0.361273
-0.361839
-0.361808
-0.361268
-0.360303
-0.358994
-0.357406
-0.355591
-0.353594
-0.351455
-0.34921
-0.34689
-0.344529
-0.342159
-0.339807
-0.337427
-0.335021
-0.33335
-0.352297
-0.355834
-0.357675
-0.3585
-0.358721
-0.358425
-0.357696
-0.356616
-0.35525
-0.353653
-0.351872
-0.349946
-0.347911
-0.345798
-0.343639
-0.341465
-0.339298
-0.337102
-0.334875
-0.333246
-0.3488
-0.35261
-0.354679
-0.355716
-0.356145
-0.356051
-0.355517
-0.354626
-0.353445
-0.352029
-0.350425
-0.348674
-0.346811
-0.344867
-0.342872
-0.340854
-0.338834
-0.336785
-0.3347
-0.33311
-0.346011
-0.350035
-0.352284
-0.353487
-0.354081
-0.354147
-0.353769
-0.353028
-0.351994
-0.350722
-0.349259
-0.347646
-0.345918
-0.344106
-0.342238
-0.340342
-0.338436
-0.336499
-0.334526
-0.332969
-0.343924
-0.348106
-0.350488
-0.351815
-0.352532
-0.352717
-0.352454
-0.351827
-0.350902
-0.349737
-0.348379
-0.346868
-0.34524
-0.343525
-0.341751
-0.339943
-0.338121
-0.336266
-0.334375
-0.332846
-0.342535
-0.346821
-0.349291
-0.3507
-0.351498
-0.351763
-0.351576
-0.351023
-0.350172
-0.349078
-0.347789
-0.346346
-0.344784
-0.343133
-0.34142
-0.339671
-0.337903
-0.336101
-0.334265
-0.332754
-0.34184
-0.346178
-0.348692
-0.350142
-0.35098
-0.351285
-0.351137
-0.350621
-0.349806
-0.348747
-0.347493
-0.346083
-0.344554
-0.342935
-0.341252
-0.339532
-0.337791
-0.336016
-0.334206
-0.332705
-0.322167
-0.202454
-0.164414
-0.0896409
-0.0610687
-0.0255777
-0.0103108
0.00286383
0.00780468
0.0103255
0.00994474
0.00870278
0.00693809
0.00531643
0.00387688
0.0028176
0.00187974
0.00136943
0.000602898
0.000606791
-0.322535
-0.202659
-0.164588
-0.0898136
-0.0611883
-0.0256884
-0.0103848
0.00280458
0.00776605
0.0102983
0.00992771
0.00869183
0.00693137
0.00531214
0.00387422
0.00281592
0.00187881
0.00136862
0.000602765
0.000606107
-0.323264
-0.203068
-0.164932
-0.0901563
-0.0614248
-0.0259078
-0.0105315
0.00268674
0.00768902
0.0102439
0.00989366
0.00866978
0.00691778
0.00530345
0.00386882
0.00281245
0.00187684
0.00136703
0.000602503
0.00060472
-0.324338
-0.203676
-0.165443
-0.0906667
-0.061776
-0.0262345
-0.0107501
0.00251106
0.00757402
0.0101628
0.00984286
0.00863684
0.00689749
0.00529052
0.0038608
0.00280727
0.00187386
0.00136472
0.000602149
0.000602652
-0.325733
-0.204476
-0.166112
-0.0913409
-0.0622384
-0.026666
-0.0110387
0.0022787
0.00742172
0.0100551
0.00977543
0.00859306
0.0068705
0.00527334
0.00385014
0.00280036
0.00186988
0.00136164
0.000601682
0.000599898
-0.327419
-0.20546
-0.166932
-0.0921742
-0.0628076
-0.0271993
-0.0113955
0.00199114
0.00723298
0.00992161
0.00969162
0.00853859
0.00683691
0.00525196
0.00383687
0.00279175
0.0018649
0.00135781
0.000601099
0.000596466
-0.329361
-0.20662
-0.167892
-0.0931608
-0.0634783
-0.0278306
-0.0118179
0.00165021
0.00700882
0.00976284
0.00959176
0.00847361
0.00679679
0.00522641
0.00382102
0.00278145
0.00185895
0.00135321
0.000600398
0.000592364
-0.331517
-0.207947
-0.16898
-0.0942941
-0.0642448
-0.0285557
-0.0123032
0.001258
0.00675045
0.00957958
0.00947622
0.00839833
0.00675024
0.00519677
0.0038026
0.00276948
0.00185201
0.00134787
0.000599578
0.000587601
-0.333842
-0.209437
-0.170183
-0.0955668
-0.0651004
-0.0293698
-0.0128482
0.000816841
0.00645919
0.0093727
0.00934546
0.00831302
0.0066974
0.00516309
0.00378166
0.00275585
0.00184412
0.00134178
0.00059864
0.00058219
-0.336285
-0.211083
-0.171488
-0.0969712
-0.0660387
-0.0302677
-0.0134496
0.000329278
0.00613651
0.00914313
0.00919995
0.00821794
0.0066384
0.00512546
0.00375825
0.0027406
0.00183527
0.00133497
0.000597585
0.000576144
-0.338789
-0.212885
-0.172882
-0.0984991
-0.0670526
-0.0312441
-0.014104
-0.000201978
0.00578396
0.0088919
0.00904024
0.00811341
0.0065734
0.00508396
0.00373239
0.00272375
0.00182548
0.00132743
0.000596411
0.000569476
-0.341285
-0.214843
-0.174353
-0.100142
-0.0681352
-0.032293
-0.0148078
-0.000774078
0.00540321
0.00862012
0.0088669
0.00799975
0.00650256
0.00503868
0.00370415
0.00270534
0.00181476
0.00131919
0.000595118
0.000562204
-0.343692
-0.216963
-0.175888
-0.101891
-0.0692804
-0.0334091
-0.0155576
-0.00138423
0.00499589
0.00832888
0.00868052
0.00787731
0.00642605
0.00498973
0.00367358
0.00268538
0.00180314
0.00131026
0.000593704
0.000554343
-0.345898
-0.219252
-0.177483
-0.103741
-0.0704834
-0.0345876
-0.0163506
-0.00202995
0.00456343
0.00801918
0.00848164
0.00774642
0.00634405
0.00493719
0.00364073
0.00266392
0.00179062
0.00130064
0.000592171
0.000545909
-0.347737
-0.221708
-0.179124
-0.105682
-0.0717369
-0.0358221
-0.0171831
-0.0027083
0.00410755
0.00769216
0.00827086
0.00760742
0.00625676
0.00488118
0.00360567
0.002641
0.00177723
0.00129036
0.000590524
0.000536913
-0.349008
-0.224293
-0.18078
-0.107685
-0.073021
-0.037097
-0.0180454
-0.00341244
0.00363231
0.00735039
0.00804963
0.00746116
0.00616462
0.00482195
0.00356852
0.00261666
0.00176299
0.00127941
0.000588764
0.000527367
-0.349606
-0.227012
-0.182447
-0.109728
-0.0743241
-0.0383979
-0.0189282
-0.00413396
0.00314338
0.00699788
0.0078203
0.00730895
0.00606822
0.00475974
0.00352935
0.00259096
0.00174788
0.00126785
0.000586828
0.000517355
-0.34929
-0.230158
-0.184336
-0.111957
-0.0757531
-0.039791
-0.0198733
-0.00489614
0.00262792
0.00662812
0.00757941
0.00714894
0.0059665
0.00469401
0.00348785
0.00256387
0.00173186
0.0012559
0.000584596
0.000507095
-0.346092
-0.233941
-0.186724
-0.114665
-0.0775014
-0.0414415
-0.0209934
-0.00578195
0.00203149
0.00620551
0.00730595
0.00696951
0.00585378
0.0046223
0.00344327
0.00253521
0.00171511
0.0012435
0.000582423
0.000496292
-0.33574
-0.23595
-0.188244
-0.116984
-0.0789168
-0.0429818
-0.0220715
-0.00669055
0.00139889
0.0057448
0.00700622
0.00677502
0.00573541
0.0045492
0.00339964
0.00250644
0.00169938
0.00122905
0.000582467
0.000482649
-0.290338
-0.232339
-0.187338
-0.120453
-0.0800902
-0.0457235
-0.0239874
-0.00864389
1.24311e-05
0.00468398
0.00633911
0.00635545
0.00549841
0.00440294
0.00331255
0.0024336
0.00166117
0.00117223
0.000593497
0.000422346
-0.259373
-0.22167
-0.178332
-0.119239
-0.0798568
-0.0482281
-0.0267535
-0.0117661
-0.00275024
0.00230654
0.00448444
0.00495987
0.00450293
0.00370868
0.00284559
0.00211799
0.00146419
0.0010342
0.000540526
0.000349304
-0.237143
-0.203966
-0.164497
-0.11482
-0.0785207
-0.0496324
-0.0290569
-0.0145676
-0.00542879
-6.23439e-05
0.00257119
0.00349553
0.00343966
0.00296058
0.00233633
0.00177313
0.00124369
0.00088462
0.000469959
0.000288091
-0.210465
-0.182277
-0.148419
-0.108519
-0.0762964
-0.0501747
-0.0308306
-0.0169736
-0.00786955
-0.0022805
0.000735694
0.0020674
0.00238607
0.00220845
0.00181628
0.00141526
0.00101086
0.000725098
0.000391344
0.000230329
-0.182451
-0.160203
-0.132495
-0.101238
-0.0734045
-0.0500278
-0.0321095
-0.0189925
-0.0100532
-0.00433347
-0.00101285
0.000674943
0.00133639
0.00144501
0.00127924
0.00104094
0.000763614
0.000556142
0.000304933
0.00017386
-0.155737
-0.139824
-0.117947
-0.0937312
-0.070144
-0.0494196
-0.0329979
-0.0206769
-0.0119909
-0.00621514
-0.00265828
-0.000664368
0.000306275
0.000682735
0.00073457
0.000657093
0.000506753
0.000381147
0.000212852
0.00011847
-0.132053
-0.121878
-0.105158
-0.0864944
-0.0667574
-0.0485276
-0.0335859
-0.022074
-0.0136948
-0.00791932
-0.00418274
-0.00192927
-0.00068412
-6.18743e-05
0.000194758
0.00027248
0.000246355
0.000203706
0.000117716
6.42968e-05
-0.111789
-0.106424
-0.0940954
-0.0797797
-0.0634015
-0.0474649
-0.0339372
-0.023221
-0.0151789
-0.00944651
-0.00557737
-0.00310687
-0.00162132
-0.000777014
-0.000330774
-0.000105971
-1.25734e-05
2.69053e-05
2.17296e-05
1.16352e-05
-0.0948353
-0.093265
-0.0845961
-0.0736919
-0.0601748
-0.0463064
-0.0341002
-0.0241498
-0.0164594
-0.0108025
-0.00684009
-0.00419059
-0.00249684
-0.00145431
-0.000834751
-0.000472545
-0.000265732
-0.000146446
-7.322e-05
-3.90834e-05
-0.0808025
-0.0821376
-0.0764699
-0.0682553
-0.0571396
-0.045107
-0.0341158
-0.0248896
-0.0175532
-0.0119953
-0.00797221
-0.00517718
-0.00330497
-0.00208736
-0.00131118
-0.000822287
-0.000509281
-0.000313752
-0.000165459
-8.7365e-05
-0.0692735
-0.0727798
-0.0695417
-0.0634557
-0.054336
-0.0439105
-0.0340197
-0.0254674
-0.0184777
-0.0130345
-0.00897697
-0.00606549
-0.0040419
-0.00267128
-0.00175516
-0.00115096
-0.000739851
-0.000472664
-0.000253511
-0.000132721
-0.059849
-0.0649544
-0.0636598
-0.0592622
-0.0517893
-0.0427525
-0.033844
-0.0259089
-0.0192502
-0.0139302
-0.00985894
-0.00685595
-0.00470533
-0.00320243
-0.00216276
-0.001455
-0.000954535
-0.000621105
-0.000336088
-0.000174699
-0.0521896
-0.0584554
-0.0586977
-0.0556389
-0.0495147
-0.0416625
-0.0336176
-0.0262379
-0.0198879
-0.0146931
-0.0106235
-0.00754999
-0.0052941
-0.00367822
-0.00253087
-0.00173145
-0.00115086
-0.000757256
-0.000412078
-0.000212896
-0.046011
-0.0531081
-0.0545513
-0.0525501
-0.0475211
-0.0406645
-0.0333658
-0.0264764
-0.0204069
-0.0153337
-0.0112764
-0.00814973
-0.00580777
-0.00409677
-0.00285705
-0.00197788
-0.00132673
-0.000879553
-0.000480529
-0.000246962
-0.0410838
-0.0487677
-0.0511363
-0.0499634
-0.0458125
-0.0397782
-0.0331106
-0.0266439
-0.0208221
-0.0158621
-0.0118234
-0.00865759
-0.00624648
-0.00445685
-0.00313941
-0.0021923
-0.00148043
-0.000986669
-0.000540639
-0.000276596
-0.0372255
-0.0453162
-0.0483847
-0.0478505
-0.0443904
-0.0390189
-0.0328705
-0.0267574
-0.021147
-0.0162873
-0.0122699
-0.00907608
-0.00661066
-0.00475761
-0.00337651
-0.00237314
-0.00161053
-0.0010775
-0.000591742
-0.000301541
-0.0342945
-0.0426601
-0.0462434
-0.0461881
-0.0432548
-0.0383984
-0.0326608
-0.026831
-0.0213928
-0.0166174
-0.0126208
-0.0094076
-0.00690094
-0.00499856
-0.0035673
-0.00251916
-0.0017159
-0.00115118
-0.000633289
-0.000321577
-0.0321836
-0.0407278
-0.0446716
-0.0449575
-0.0424045
-0.0379259
-0.0324933
-0.0268762
-0.0215689
-0.016859
-0.0128801
-0.00965422
-0.00711795
-0.00517943
-0.00371099
-0.00262945
-0.00179567
-0.00120703
-0.000664869
-0.000336473
-0.030817
-0.0394668
-0.04364
-0.0441449
-0.0418386
-0.0376077
-0.032377
-0.0269016
-0.0216823
-0.0170172
-0.0130512
-0.00981764
-0.00726226
-0.00530004
-0.00380708
-0.0027033
-0.00184928
-0.00124443
-0.000686445
-0.000345841
-0.0301452
-0.0388426
-0.0431291
-0.0437414
-0.0415562
-0.0374484
-0.0323181
-0.0269134
-0.0217381
-0.0170955
-0.0131362
-0.00989902
-0.00733428
-0.00536021
-0.00385523
-0.00274008
-0.00187646
-0.00126264
-0.00069837
-0.000349305
-0.250185
-0.261029
-0.27119
-0.280767
-0.289889
-0.298712
-0.307421
-0.316232
-0.325392
-0.335171
-0.34586
-0.357762
-0.371179
-0.386405
-0.403713
-0.423267
-0.445088
-0.470247
-0.501848
-0.528121
-0.172152
-0.182083
-0.191742
-0.201121
-0.210213
-0.219006
-0.22749
-0.23566
-0.243515
-0.251074
-0.258374
-0.265488
-0.272532
-0.279679
-0.28717
-0.295283
-0.304322
-0.315302
-0.330766
-0.345232
-0.131141
-0.138632
-0.145988
-0.153229
-0.160376
-0.167455
-0.174489
-0.181503
-0.188519
-0.195559
-0.202637
-0.209765
-0.216947
-0.224187
-0.231483
-0.238824
-0.246184
-0.253828
-0.262675
-0.270143
-0.0954132
-0.101335
-0.107161
-0.112892
-0.118529
-0.124074
-0.129531
-0.134906
-0.140206
-0.145443
-0.15063
-0.155785
-0.16093
-0.16609
-0.171294
-0.176563
-0.181908
-0.187469
-0.193652
-0.199115
-0.0744999
-0.0792995
-0.0840377
-0.0887166
-0.0933379
-0.0979031
-0.102414
-0.10687
-0.111273
-0.115622
-0.119918
-0.12416
-0.128347
-0.132482
-0.136567
-0.1406
-0.144585
-0.148576
-0.152716
-0.156408
-0.0568286
-0.0607353
-0.0645998
-0.0684225
-0.0722037
-0.0759438
-0.0796433
-0.0833027
-0.0869229
-0.0905046
-0.0940487
-0.0975559
-0.101027
-0.104463
-0.107864
-0.111229
-0.114558
-0.117871
-0.121204
-0.124298
-0.0450781
-0.0483587
-0.0516078
-0.0548253
-0.058011
-0.0611647
-0.0642861
-0.067375
-0.070431
-0.0734539
-0.0764433
-0.0793988
-0.0823201
-0.0852069
-0.088059
-0.0908758
-0.0936575
-0.0964106
-0.0991377
-0.101756
-0.035544
-0.0383188
-0.0410711
-0.0438006
-0.0465069
-0.0491898
-0.0518492
-0.0544847
-0.0570962
-0.0596836
-0.0622466
-0.064785
-0.0672985
-0.069787
-0.0722501
-0.0746875
-0.0770994
-0.0794855
-0.08184
-0.0841633
-0.028617
-0.0310107
-0.0333862
-0.0357431
-0.0380809
-0.0403991
-0.0426972
-0.044975
-0.0472321
-0.0494682
-0.0516829
-0.053876
-0.0560473
-0.0581966
-0.0603237
-0.0624288
-0.0645121
-0.0665709
-0.0685983
-0.0706359
-0.023082
-0.0251665
-0.0272365
-0.0292916
-0.0313313
-0.0333549
-0.0353621
-0.0373524
-0.0393255
-0.0412808
-0.0432182
-0.0451373
-0.0470377
-0.0489192
-0.0507816
-0.052625
-0.0544494
-0.0562506
-0.0580235
-0.0598256
-0.0188548
-0.0206947
-0.0225222
-0.0243369
-0.0261381
-0.0279251
-0.0296974
-0.0314546
-0.0331962
-0.0349216
-0.0366306
-0.0383227
-0.0399976
-0.0416549
-0.0432946
-0.0449165
-0.0465205
-0.0481025
-0.0496587
-0.0512493
-0.0154881
-0.0171285
-0.0187584
-0.0203771
-0.021984
-0.0235784
-0.0251598
-0.0267276
-0.0282813
-0.0298204
-0.0313445
-0.032853
-0.0343457
-0.0358221
-0.037282
-0.0387253
-0.0401516
-0.0415571
-0.0429395
-0.0443541
-0.0128593
-0.0143389
-0.0158091
-0.0172692
-0.0187187
-0.0201568
-0.0215829
-0.0229966
-0.0243971
-0.025784
-0.0271568
-0.028515
-0.0298582
-0.0311861
-0.0324982
-0.0337945
-0.0350746
-0.0363351
-0.0375748
-0.0388403
-0.010778
-0.0121268
-0.0134673
-0.0147986
-0.0161202
-0.0174315
-0.0187317
-0.0200203
-0.0212968
-0.0225606
-0.0238112
-0.0250481
-0.0262708
-0.027479
-0.0286724
-0.0298506
-0.0310134
-0.0321579
-0.0332838
-0.0344275
-0.00915583
-0.0103996
-0.0116358
-0.0128636
-0.0140825
-0.0152917
-0.0164906
-0.0176788
-0.0188555
-0.0200203
-0.0211727
-0.0223121
-0.0234382
-0.0245505
-0.0256486
-0.0267323
-0.0278012
-0.0288532
-0.0298884
-0.0309332
-0.00790187
-0.00906207
-0.0102152
-0.0113607
-0.012498
-0.0136262
-0.0147449
-0.0158534
-0.0169512
-0.0180379
-0.0191128
-0.0201755
-0.0212256
-0.0222627
-0.0232864
-0.0242963
-0.0252921
-0.0262723
-0.0272372
-0.0282043
-0.0069607
-0.00805646
-0.00914568
-0.0102277
-0.011302
-0.0123678
-0.0134246
-0.014472
-0.0155092
-0.016536
-0.0175516
-0.0185558
-0.019548
-0.0205279
-0.0214951
-0.0224492
-0.0233898
-0.024316
-0.0252282
-0.0261364
-0.00628943
-0.00733686
-0.00837815
-0.00941266
-0.0104399
-0.0114592
-0.0124701
-0.0134721
-0.0144647
-0.0154473
-0.0164197
-0.0173812
-0.0183315
-0.0192702
-0.0201969
-0.0211113
-0.022013
-0.0229014
-0.0237769
-0.0246441
-0.00585474
-0.00687022
-0.00787984
-0.00888301
-0.00987934
-0.0108681
-0.011849
-0.0128214
-0.013785
-0.0147391
-0.0156835
-0.0166177
-0.0175412
-0.0184538
-0.0193549
-0.0202444
-0.0211219
-0.021987
-0.0228402
-0.0236823
-0.0056443
-0.00663909
-0.00762827
-0.00861131
-0.00958797
-0.0105576
-0.01152
-0.0124747
-0.0134212
-0.0143593
-0.0152884
-0.0162083
-0.0171185
-0.0180188
-0.0189088
-0.0197881
-0.0206564
-0.0215135
-0.0223597
-0.0231942
0.138493
0.116427
0.0902454
0.0654823
0.0413142
0.0172373
-0.00645411
-0.0294982
-0.0517955
-0.0732933
-0.0939434
-0.113708
-0.13256
-0.150486
-0.167475
-0.183527
-0.198647
-0.212846
-0.226145
-0.238577
0.100671
0.0824029
0.0626622
0.0455376
0.0296801
0.0141388
-0.00105031
-0.0157431
-0.0299421
-0.0436973
-0.0570441
-0.0700057
-0.0826025
-0.0948545
-0.106779
-0.118392
-0.129706
-0.140732
-0.151478
-0.16195
0.0665561
0.0524397
0.0389815
0.0273154
0.0162662
0.00533234
-0.00542169
-0.0159074
-0.026124
-0.0360941
-0.0458293
-0.0553329
-0.0646071
-0.0736552
-0.0824813
-0.09109
-0.0994873
-0.107681
-0.115679
-0.123495
0.0487855
0.0388047
0.0297709
0.0217706
0.0140067
0.00626336
-0.00138371
-0.00888377
-0.0162402
-0.023466
-0.0305676
-0.0375479
-0.0444098
-0.0511567
-0.0577921
-0.0643192
-0.0707406
-0.0770589
-0.0832761
-0.0893937
0.0382933
0.0306945
0.0240195
0.0179752
0.0120039
0.00602185
9.99643e-05
-0.00573118
-0.0114758
-0.0171406
-0.0227275
-0.0282366
-0.0336686
-0.0390246
-0.0443058
-0.0495133
-0.0546486
-0.0597131
-0.0647087
-0.0696369
0.0318643
0.0259855
0.0209479
0.0163206
0.0117007
0.00706333
0.00246684
-0.00207132
-0.00655679
-0.0109945
-0.0153856
-0.0197302
-0.0240289
-0.0282823
-0.0324911
-0.0366556
-0.0407764
-0.0448538
-0.0488881
-0.0528797
0.0275445
0.0228641
0.0188998
0.0152051
0.0114824
0.00773377
0.00400721
0.000314416
-0.00334895
-0.00698546
-0.0105948
-0.014176
-0.0177286
-0.0212523
-0.0247466
-0.0282112
-0.0316457
-0.0350499
-0.0384235
-0.0417663
0.0246588
0.0208742
0.0176729
0.0146545
0.0115988
0.00851784
0.00544966
0.00240246
-0.000627074
-0.00364048
-0.0066371
-0.00961601
-0.0125766
-0.0155183
-0.0184408
-0.0213434
-0.0242257
-0.0270874
-0.0299279
-0.0327469
0.0225274
0.019401
0.0167392
0.0142042
0.0116313
0.00903451
0.00644352
0.00386441
0.00129483
-0.00126598
-0.00381716
-0.00635765
-0.00888661
-0.0114033
-0.013907
-0.016397
-0.0188725
-0.0213329
-0.0237776
-0.0262058
0.0209183
0.0183012
0.0160447
0.0138773
0.0116764
0.00945467
0.00723479
0.00502141
0.00281301
0.00060924
-0.001589
-0.00378068
-0.00596496
-0.00814105
-0.0103082
-0.0124656
-0.0146126
-0.0167484
-0.0188723
-0.0209838
0.0196214
0.0173967
0.0154461
0.0135584
0.0116424
0.00970848
0.00777371
0.00584172
0.00391163
0.00198341
5.79415e-05
-0.00186378
-0.0037809
-0.00569257
-0.00759801
-0.00949637
-0.0113869
-0.0132687
-0.0151412
-0.0170035
0.0185573
0.0166429
0.0149315
0.013264
0.0115736
0.00986811
0.00816017
0.00645268
0.0047452
0.00303792
0.00133169
-0.000372578
-0.00207403
-0.00377186
-0.00546525
-0.00715341
-0.00883553
-0.0105108
-0.0121785
-0.0138379
0.017659
0.0159892
0.0144657
0.012972
0.01146
0.00993527
0.00840707
0.0068777
0.00534706
0.00381548
0.00228377
0.000752803
-0.000776596
-0.00230363
-0.00382748
-0.00534736
-0.00686245
-0.00837199
-0.00987514
-0.0113712
0.0169006
0.0154249
0.0140508
0.0126961
0.0113266
0.00994648
0.00856231
0.0071759
0.0057874
0.00439726
0.00300624
0.00161515
0.000224782
-0.00116407
-0.00255064
-0.00393412
-0.00531373
-0.0066887
-0.00805823
-0.00942163
0.0162619
0.0149384
0.0136824
0.0124377
0.0111812
0.00991564
0.00864571
0.00737284
0.00609736
0.00481978
0.00354083
0.00226128
0.000981909
-0.000296541
-0.00157331
-0.00284762
-0.00411871
-0.00538584
-0.00664821
-0.00790516
0.0157347
0.0145287
0.0133647
0.0122061
0.0110378
0.0098619
0.0086815
0.00749778
0.00631118
0.00512226
0.00393173
0.00274031
0.00154873
0.000357719
-0.000831987
-0.00201966
-0.00320456
-0.00438597
-0.00556313
-0.00673538
0.0153149
0.0141968
0.013102
0.0120085
0.010907
0.00979899
0.00868658
0.00757073
0.00645195
0.0053308
0.00420797
0.00308414
0.00196
0.00083625
-0.000286418
-0.0014073
-0.00252571
-0.00364094
-0.00475228
-0.00585913
0.0149978
0.0139405
0.0128941
0.0118463
0.010792
0.00973222
0.00866835
0.00760122
0.00653136
0.00545935
0.00438584
0.00331147
0.00223688
0.00116274
8.96819e-05
-0.000981631
-0.00205055
-0.00311643
-0.0041786
-0.00523652
0.0147893
0.0137696
0.0127531
0.0117338
0.0107093
0.0096803
0.00864768
0.00761213
0.00657417
0.00553438
0.00449332
0.00345159
0.0024098
0.00136854
0.000328416
-0.000709962
-0.00174599
-0.00277909
-0.0038086
-0.00483407
0.0146761
0.0136682
0.0126607
0.0116506
0.0106367
0.0096194
0.0085996
0.00757787
0.00655472
0.00553067
0.00450625
0.00348199
0.00245841
0.00143604
0.000415392
-0.000603027
-0.00161871
-0.00263117
-0.00363988
-0.00464446
0.224437
0.224715
0.225552
0.226984
0.228977
0.231497
0.234507
0.237949
0.241732
0.245721
0.249712
0.253408
0.256375
0.257987
0.257348
0.253208
0.243813
0.226898
0.199547
0.158416
0.210308
0.210496
0.211019
0.211892
0.213068
0.214497
0.216114
0.217837
0.219545
0.221075
0.222202
0.222626
0.221948
0.219638
0.215013
0.207203
0.195149
0.17761
0.153538
0.120636
0.194937
0.195006
0.195198
0.195507
0.195891
0.196294
0.196642
0.196839
0.196759
0.19624
0.195074
0.193
0.189692
0.184754
0.177705
0.167983
0.154947
0.137859
0.116018
0.087945
0.179083
0.179055
0.178978
0.178833
0.178584
0.178178
0.177543
0.176587
0.175192
0.173217
0.170484
0.166786
0.161873
0.155459
0.147218
0.136793
0.123808
0.107883
0.0886978
0.0659882
0.163402
0.163305
0.163035
0.162561
0.161856
0.160875
0.159557
0.157822
0.155573
0.152696
0.149055
0.144495
0.138841
0.131901
0.123471
0.113344
0.101324
0.0872498
0.0709656
0.0525524
0.148352
0.14821
0.14781
0.147115
0.146106
0.14475
0.142999
0.140789
0.138044
0.13468
0.130598
0.125691
0.119842
0.112931
0.104839
0.095453
0.08468
0.0724663
0.0587282
0.0436874
0.134244
0.134074
0.133595
0.132766
0.131578
0.130008
0.128019
0.125563
0.122587
0.119028
0.11482
0.109893
0.104172
0.0975873
0.0900717
0.0815713
0.0720474
0.0614982
0.0498756
0.0374345
0.121263
0.121079
0.120561
0.119667
0.118393
0.116727
0.114643
0.112107
0.10908
0.105522
0.101389
0.0966377
0.0912241
0.0851093
0.078261
0.0706582
0.0622928
0.0531876
0.0433174
0.0329318
0.109503
0.109316
0.108787
0.107875
0.106583
0.104906
0.102824
0.100316
0.0973567
0.0939196
0.0899789
0.085509
0.080487
0.0748943
0.0687191
0.061959
0.0546217
0.0467387
0.0382962
0.0295119
0.0989908
0.0988068
0.0982856
0.0973899
0.0961238
0.0944879
0.0924714
0.0900593
0.0872363
0.0839875
0.0802986
0.0761569
0.0715524
0.0664795
0.0609381
0.0549361
0.0484884
0.0416283
0.0343504
0.0268386
0.0897073
0.0895304
0.0890292
0.0881686
0.0869553
0.0853933
0.0834771
0.0811977
0.0785466
0.0755165
0.0721013
0.0682965
0.0641005
0.0595153
0.0545476
0.04921
0.0435206
0.0375108
0.0311807
0.0246797
0.0816056
0.081438
0.080963
0.0801481
0.0790014
0.0775293
0.0757298
0.0735983
0.071131
0.0683258
0.0651818
0.0617
0.0578836
0.0537392
0.0492769
0.0445114
0.0394616
0.0341559
0.0285985
0.0229088
0.0746239
0.0744664
0.0740201
0.0732547
0.0721791
0.0708015
0.069122
0.0671391
0.0648522
0.0622625
0.0593725
0.0561865
0.0527106
0.0489537
0.0449276
0.0406476
0.0361319
0.031406
0.0264768
0.0214379
0.0686949
0.0685474
0.0681293
0.0674127
0.0664068
0.0651204
0.0635556
0.0617125
0.0595928
0.0571997
0.0545379
0.0516134
0.0484341
0.04501
0.0413534
0.0374793
0.033405
0.0291531
0.0247327
0.0202163
0.063752
0.0636137
0.0632217
0.0625501
0.0616081
0.0604049
0.0589436
0.0572257
0.055254
0.0530332
0.050569
0.0478686
0.0449407
0.0417955
0.0384456
0.0349052
0.0311904
0.0273214
0.0233089
0.0192083
0.0597336
0.0596034
0.0592342
0.0586017
0.0577153
0.0565841
0.0552118
0.0536008
0.0517547
0.0496789
0.0473797
0.0448649
0.0421434
0.0392256
0.0361237
0.0328511
0.0294232
0.0258576
0.0221665
0.018392
0.0565859
0.0564624
0.056112
0.0555118
0.0546709
0.0535987
0.0522989
0.0507746
0.0490298
0.0470702
0.0449027
0.0425351
0.0399763
0.0372368
0.0343281
0.0312633
0.0280565
0.024724
0.0212787
0.0177528
0.0542648
0.0541463
0.0538102
0.0532347
0.0524285
0.051401
0.0501563
0.0486974
0.0470288
0.0451564
0.0430872
0.0408289
0.0383907
0.0357825
0.0330158
0.0301029
0.0270573
0.0238941
0.0206266
0.0172798
0.0527362
0.0526211
0.0522946
0.0517357
0.0509529
0.0499555
0.0487475
0.0473324
0.0457147
0.0439004
0.0418963
0.0397105
0.0373517
0.0348301
0.0321565
0.029343
0.0264028
0.02335
0.0201985
0.0169693
0.0519784
0.0518645
0.0515429
0.0509924
0.0502214
0.0492389
0.0480494
0.0466562
0.0450639
0.0432784
0.0413069
0.039157
0.0368378
0.034359
0.0317315
0.0289672
0.0260788
0.0230802
0.0199851
0.0168116
0.252174
0.252429
0.253828
0.256128
0.259394
0.263679
0.269046
0.27558
0.283385
0.292593
0.303362
0.31589
0.330405
0.347215
0.366614
0.38911
0.414994
0.445134
0.47959
0.519226
0.252061
0.252314
0.253712
0.256009
0.259272
0.263552
0.268913
0.275438
0.283231
0.292424
0.303172
0.315674
0.330152
0.346912
0.366242
0.388644
0.414384
0.444344
0.478472
0.517775
0.251834
0.252085
0.253479
0.255772
0.259027
0.263298
0.268646
0.275153
0.282924
0.292086
0.302794
0.315242
0.329647
0.346308
0.365498
0.387713
0.413166
0.442767
0.476239
0.51488
0.251494
0.251742
0.253132
0.255417
0.258662
0.262918
0.268246
0.274728
0.282464
0.291581
0.302229
0.314596
0.328891
0.345405
0.364386
0.386322
0.411344
0.440409
0.472899
0.510557
0.251042
0.251287
0.252671
0.254946
0.258177
0.262414
0.267716
0.274163
0.281854
0.29091
0.301478
0.313738
0.327888
0.344206
0.362909
0.384474
0.408924
0.43728
0.468465
0.50483
0.250479
0.250719
0.252096
0.254359
0.257573
0.261786
0.267056
0.273461
0.281095
0.290077
0.300544
0.312671
0.326641
0.342714
0.361073
0.382176
0.405917
0.433392
0.462952
0.497728
0.249805
0.250042
0.25141
0.253659
0.256852
0.261038
0.26627
0.272623
0.28019
0.289082
0.299431
0.3114
0.325154
0.340936
0.358884
0.379436
0.402333
0.428759
0.45638
0.489288
0.249023
0.249256
0.250615
0.252847
0.256018
0.260171
0.265359
0.271653
0.279142
0.287931
0.298143
0.309928
0.323432
0.338878
0.356351
0.376264
0.398186
0.423398
0.448772
0.479552
0.248134
0.248363
0.249712
0.251927
0.255071
0.259188
0.264326
0.270555
0.277955
0.286628
0.296683
0.30826
0.321483
0.336545
0.353482
0.372669
0.39349
0.417325
0.440159
0.468567
0.24714
0.247365
0.248704
0.2509
0.254016
0.258092
0.263176
0.269331
0.276633
0.285175
0.295058
0.306402
0.319311
0.333947
0.350288
0.368663
0.388265
0.41056
0.430574
0.456381
0.246042
0.246266
0.247594
0.249769
0.252855
0.256888
0.261911
0.267985
0.27518
0.283579
0.293271
0.30436
0.316924
0.331091
0.346778
0.364258
0.382531
0.403122
0.420056
0.443045
0.244843
0.245067
0.246384
0.248539
0.251592
0.255577
0.260536
0.266522
0.273601
0.281845
0.291329
0.302142
0.314331
0.327986
0.342966
0.359467
0.376309
0.395028
0.408653
0.428601
0.243544
0.243771
0.245078
0.247211
0.25023
0.254166
0.259055
0.264947
0.2719
0.279977
0.28924
0.299753
0.311539
0.324644
0.338863
0.354307
0.369623
0.386297
0.39642
0.413088
0.242149
0.242382
0.243679
0.245791
0.248774
0.252657
0.257472
0.263265
0.270084
0.277983
0.287008
0.297203
0.308559
0.321075
0.334486
0.348795
0.362502
0.376948
0.383422
0.396528
0.240659
0.240902
0.24219
0.24428
0.247227
0.251054
0.255792
0.261479
0.268156
0.275866
0.284639
0.294495
0.305395
0.317286
0.329841
0.342939
0.354962
0.366991
0.36973
0.378916
0.239077
0.239334
0.240614
0.242683
0.245591
0.24936
0.254015
0.259589
0.266115
0.273623
0.282127
0.291622
0.302036
0.313262
0.324911
0.336725
0.346992
0.356413
0.355406
0.360224
0.237405
0.237684
0.238958
0.241006
0.243876
0.247583
0.252152
0.257609
0.263977
0.271273
0.279494
0.28861
0.298515
0.309043
0.319744
0.33021
0.338658
0.345284
0.340584
0.340456
0.23565
0.235962
0.237236
0.239271
0.242109
0.245765
0.250258
0.255608
0.26183
0.268929
0.276884
0.285638
0.295049
0.304893
0.314653
0.323755
0.330354
0.334007
0.325648
0.319515
0.23381
0.234169
0.23545
0.237482
0.240299
0.243915
0.248346
0.253607
0.259704
0.26663
0.274344
0.282762
0.291705
0.300882
0.3097
0.317399
0.322055
0.322465
0.310502
0.296291
0.231851
0.232241
0.233489
0.23547
0.238205
0.241705
0.245978
0.251031
0.256857
0.263427
0.270678
0.278489
0.286634
0.294749
0.302169
0.307964
0.31018
0.306969
0.291857
0.2697
0.231853
0.232243
0.233491
0.235473
0.238207
0.241707
0.24598
0.251033
0.256859
0.263429
0.27068
0.27849
0.286634
0.294749
0.302169
0.307963
0.310178
0.306967
0.291854
0.269695
0.233812
0.234171
0.235452
0.237484
0.240301
0.243917
0.248348
0.253609
0.259706
0.266631
0.274345
0.282763
0.291706
0.300882
0.3097
0.317398
0.322053
0.322462
0.310499
0.296287
0.235652
0.235964
0.237238
0.239273
0.242111
0.245767
0.25026
0.25561
0.261832
0.268931
0.276885
0.285639
0.29505
0.304893
0.314653
0.323754
0.330352
0.334005
0.325645
0.319511
0.237407
0.237686
0.23896
0.241008
0.243877
0.247585
0.252154
0.257611
0.263978
0.271274
0.279495
0.288611
0.298515
0.309043
0.319744
0.330209
0.338657
0.345282
0.340581
0.340452
0.239079
0.239336
0.240616
0.242685
0.245593
0.249361
0.254016
0.25959
0.266116
0.273624
0.282128
0.291623
0.302036
0.313262
0.324911
0.336725
0.346991
0.356411
0.355403
0.36022
0.240661
0.240903
0.242192
0.244282
0.247229
0.251056
0.255793
0.26148
0.268158
0.275867
0.28464
0.294496
0.305395
0.317286
0.32984
0.342938
0.354961
0.366989
0.369727
0.378912
0.242151
0.242383
0.24368
0.245792
0.248776
0.252658
0.257474
0.263266
0.270086
0.277984
0.287009
0.297204
0.30856
0.321076
0.334486
0.348794
0.362501
0.376946
0.38342
0.396525
0.243546
0.243772
0.245079
0.247212
0.250232
0.254167
0.259056
0.264948
0.271901
0.279978
0.28924
0.299754
0.311539
0.324644
0.338863
0.354307
0.369622
0.386295
0.396417
0.413085
0.244844
0.245068
0.246385
0.24854
0.251593
0.255578
0.260537
0.266523
0.273601
0.281845
0.29133
0.302142
0.314331
0.327986
0.342966
0.359467
0.376308
0.395026
0.408651
0.428598
0.246043
0.246267
0.247595
0.24977
0.252856
0.256889
0.261912
0.267986
0.275181
0.28358
0.293272
0.304361
0.316924
0.331091
0.346778
0.364257
0.38253
0.403121
0.420054
0.443042
0.247141
0.247366
0.248705
0.250901
0.254017
0.258093
0.263177
0.269331
0.276634
0.285176
0.295058
0.306402
0.319311
0.333947
0.350288
0.368662
0.388265
0.410559
0.430572
0.456379
0.248135
0.248364
0.249713
0.251928
0.255072
0.259189
0.264327
0.270555
0.277956
0.286628
0.296684
0.30826
0.321483
0.336545
0.353482
0.372668
0.39349
0.417324
0.440158
0.468565
0.249024
0.249257
0.250615
0.252848
0.256018
0.260171
0.265359
0.271654
0.279143
0.287932
0.298143
0.309928
0.323433
0.338878
0.356351
0.376264
0.398185
0.423397
0.448771
0.47955
0.249806
0.250043
0.251411
0.253659
0.256853
0.261038
0.26627
0.272624
0.28019
0.289083
0.299432
0.3114
0.325154
0.340936
0.358884
0.379436
0.402333
0.428759
0.456379
0.489286
0.250479
0.25072
0.252097
0.254359
0.257573
0.261787
0.267057
0.273461
0.281095
0.290077
0.300544
0.312672
0.326641
0.342714
0.361073
0.382176
0.405917
0.433392
0.462951
0.497727
0.251042
0.251287
0.252671
0.254946
0.258177
0.262414
0.267716
0.274163
0.281854
0.290911
0.301478
0.313738
0.327888
0.344206
0.362909
0.384474
0.408924
0.43728
0.468464
0.504829
0.251494
0.251743
0.253132
0.255417
0.258662
0.262919
0.268247
0.274728
0.282464
0.291581
0.302229
0.314596
0.328891
0.345405
0.364386
0.386322
0.411343
0.440409
0.472899
0.510557
0.251834
0.252085
0.25348
0.255772
0.259028
0.263298
0.268646
0.275153
0.282924
0.292086
0.302794
0.315242
0.329647
0.346308
0.365498
0.387713
0.413166
0.442766
0.476238
0.51488
0.252061
0.252314
0.253712
0.256009
0.259272
0.263552
0.268913
0.275438
0.283231
0.292424
0.303172
0.315674
0.330152
0.346912
0.366242
0.388644
0.414384
0.444343
0.478471
0.517775
0.252174
0.252429
0.253828
0.256128
0.259394
0.263679
0.269047
0.27558
0.283385
0.292593
0.303362
0.31589
0.330405
0.347215
0.366614
0.38911
0.414994
0.445134
0.47959
0.519226
0.0519784
0.0518645
0.0515429
0.0509924
0.0502214
0.0492389
0.0480494
0.0466562
0.0450639
0.0432785
0.0413069
0.0391571
0.0368379
0.0343592
0.0317317
0.0289674
0.0260791
0.0230805
0.0199855
0.0168122
0.0527362
0.0526211
0.0522947
0.0517357
0.050953
0.0499555
0.0487476
0.0473325
0.0457148
0.0439004
0.0418964
0.0397105
0.0373519
0.0348302
0.0321567
0.0293433
0.0264031
0.0233504
0.020199
0.0169698
0.0542648
0.0541463
0.0538102
0.0532347
0.0524285
0.051401
0.0501563
0.0486974
0.0470289
0.0451565
0.0430872
0.040829
0.0383908
0.0357827
0.033016
0.0301031
0.0270575
0.0238944
0.0206269
0.0172802
0.056586
0.0564624
0.056112
0.0555118
0.054671
0.0535987
0.052299
0.0507746
0.0490299
0.0470703
0.0449028
0.0425352
0.0399764
0.0372369
0.0343283
0.0312635
0.0280567
0.0247243
0.021279
0.0177532
0.0597336
0.0596034
0.0592342
0.0586018
0.0577153
0.0565842
0.0552119
0.0536009
0.0517548
0.0496789
0.0473798
0.044865
0.0421435
0.0392257
0.0361238
0.0328513
0.0294233
0.0258578
0.0221668
0.0183923
0.063752
0.0636138
0.0632218
0.0625501
0.0616081
0.060405
0.0589436
0.0572257
0.0552541
0.0530332
0.0505691
0.0478687
0.0449407
0.0417956
0.0384457
0.0349052
0.0311906
0.0273215
0.0233091
0.0192085
0.0686949
0.0685475
0.0681294
0.0674127
0.0664068
0.0651205
0.0635556
0.0617125
0.0595928
0.0571997
0.0545379
0.0516134
0.0484341
0.04501
0.0413534
0.0374793
0.0334051
0.0291531
0.0247328
0.0202164
0.074624
0.0744665
0.0740201
0.0732547
0.0721792
0.0708015
0.0691221
0.0671391
0.0648522
0.0622625
0.0593725
0.0561864
0.0527105
0.0489536
0.0449275
0.0406475
0.0361319
0.0314059
0.0264768
0.0214379
0.0816057
0.0814381
0.0809631
0.0801482
0.0790014
0.0775293
0.0757298
0.0735983
0.071131
0.0683258
0.0651817
0.0616999
0.0578835
0.053739
0.0492767
0.0445112
0.0394614
0.0341556
0.0285982
0.0229085
0.0897074
0.0895305
0.0890293
0.0881687
0.0869554
0.0853934
0.0834771
0.0811977
0.0785466
0.0755164
0.0721012
0.0682963
0.0641003
0.059515
0.0545473
0.0492096
0.0435202
0.0375104
0.0311802
0.0246792
0.098991
0.098807
0.0982858
0.09739
0.096124
0.094488
0.0924714
0.0900593
0.0872363
0.0839874
0.0802984
0.0761566
0.0715521
0.0664791
0.0609377
0.0549356
0.0484878
0.0416276
0.0343496
0.0268378
0.109503
0.109316
0.108787
0.107876
0.106584
0.104906
0.102824
0.100316
0.0973566
0.0939195
0.0899787
0.0855087
0.0804866
0.0748938
0.0687185
0.0619583
0.0546208
0.0467377
0.038295
0.0295107
0.121263
0.12108
0.120561
0.119667
0.118393
0.116728
0.114644
0.112107
0.10908
0.105522
0.101389
0.0966373
0.0912236
0.0851087
0.0782602
0.0706572
0.0622916
0.0531863
0.0433159
0.0329301
0.134244
0.134074
0.133595
0.132767
0.131578
0.130008
0.128019
0.125563
0.122587
0.119028
0.11482
0.109892
0.104172
0.0975866
0.0900708
0.0815702
0.072046
0.0614965
0.0498737
0.0374323
0.148353
0.148211
0.147811
0.147115
0.146106
0.144751
0.143
0.140789
0.138044
0.13468
0.130598
0.12569
0.119841
0.11293
0.104837
0.0954516
0.0846783
0.0724643
0.0587259
0.0436848
0.163402
0.163306
0.163036
0.162562
0.161857
0.160876
0.159558
0.157823
0.155574
0.152696
0.149055
0.144495
0.13884
0.1319
0.12347
0.113343
0.101322
0.0872475
0.0709629
0.0525493
0.179084
0.179056
0.178979
0.178834
0.178585
0.178179
0.177544
0.176587
0.175193
0.173217
0.170484
0.166786
0.161873
0.155458
0.147217
0.136792
0.123806
0.107881
0.0886946
0.0659844
0.194938
0.195007
0.195199
0.195508
0.195892
0.196295
0.196643
0.19684
0.19676
0.196241
0.195075
0.193
0.189692
0.184753
0.177704
0.167982
0.154945
0.137856
0.116015
0.0879408
0.210309
0.210497
0.211021
0.211893
0.21307
0.214498
0.216116
0.217838
0.219546
0.221075
0.222202
0.222627
0.221948
0.219638
0.215011
0.207201
0.195147
0.177607
0.153534
0.120631
0.22444
0.224717
0.225555
0.226986
0.228979
0.231499
0.234509
0.237951
0.241734
0.245722
0.249713
0.253409
0.256375
0.257987
0.257347
0.253207
0.243811
0.226895
0.199543
0.158411
0.0146766
0.0136687
0.0126612
0.0116511
0.0106371
0.00961984
0.00860002
0.00757827
0.00655511
0.00553105
0.00450662
0.00348236
0.00245878
0.0014364
0.000415743
-0.000602689
-0.00161839
-0.00263087
-0.00363963
-0.0046442
0.0147898
0.0137701
0.0127535
0.0117343
0.0107098
0.00968069
0.00864803
0.00761244
0.00657447
0.00553465
0.00449357
0.00345183
0.00241003
0.00136876
0.00032864
-0.000709741
-0.00174578
-0.00277887
-0.00380843
-0.00483386
0.0149983
0.013941
0.0128946
0.0118468
0.0107925
0.00973263
0.00866873
0.00760157
0.00653169
0.00545967
0.00438613
0.00331174
0.00223714
0.00116297
8.98959e-05
-0.000981434
-0.00205037
-0.00311627
-0.00417849
-0.00523639
0.0153154
0.0141973
0.0131025
0.0120089
0.0109074
0.00979937
0.00868694
0.00757107
0.00645226
0.0053311
0.00420825
0.0030844
0.00196024
0.000836475
-0.000286214
-0.00140712
-0.00252555
-0.00364081
-0.00475221
-0.00585906
0.015735
0.0145291
0.013365
0.0122064
0.0110382
0.00986223
0.0086818
0.00749807
0.00631146
0.00512253
0.00393198
0.00274055
0.00154896
0.000357947
-0.000831765
-0.00201944
-0.00320435
-0.00438576
-0.00556294
-0.00673519
0.0162622
0.0149386
0.0136827
0.012438
0.0111815
0.00991591
0.00864596
0.00737309
0.00609761
0.00482002
0.00354107
0.00226152
0.00098215
-0.000296298
-0.00157306
-0.00284737
-0.00411847
-0.00538559
-0.00664799
-0.00790491
0.0169008
0.015425
0.014051
0.0126962
0.0113268
0.00994667
0.0085625
0.0071761
0.00578761
0.00439749
0.00300648
0.00161541
0.000225073
-0.00116375
-0.00255029
-0.00393374
-0.00531334
-0.0066883
-0.00805784
-0.00942122
0.017659
0.0159892
0.0144657
0.0129721
0.0114601
0.00993535
0.00840716
0.00687781
0.00534719
0.00381564
0.00228396
0.000753021
-0.000776346
-0.00230334
-0.00382717
-0.00534702
-0.00686209
-0.00837159
-0.00987474
-0.0113708
0.0185571
0.0166427
0.0149313
0.0132638
0.0115735
0.00986796
0.00816005
0.00645259
0.00474515
0.00303791
0.00133171
-0.00037252
-0.00207394
-0.00377174
-0.00546511
-0.00715324
-0.00883533
-0.0105106
-0.0121783
-0.0138376
0.0196208
0.0173962
0.0154456
0.0135579
0.011642
0.00970803
0.00777327
0.00584131
0.00391125
0.00198305
5.76185e-05
-0.00186407
-0.00378115
-0.00569279
-0.00759819
-0.00949652
-0.011387
-0.0132688
-0.0151413
-0.0170036
0.0209174
0.0183003
0.0160437
0.0138764
0.0116755
0.00945374
0.00723387
0.0050205
0.00281211
0.000608364
-0.00158985
-0.00378151
-0.00596576
-0.00814183
-0.0103089
-0.0124664
-0.0146133
-0.0167491
-0.0188731
-0.0209845
0.022526
0.0193996
0.0167378
0.0142028
0.0116299
0.00903309
0.00644211
0.003863
0.00129343
-0.00126738
-0.00381855
-0.00635904
-0.008888
-0.0114047
-0.0139084
-0.0163984
-0.0188739
-0.0213344
-0.023779
-0.0262073
0.0246569
0.0208722
0.017671
0.0146526
0.0115969
0.0085159
0.00544773
0.00240053
-0.000629008
-0.00364242
-0.00663905
-0.00961798
-0.0125786
-0.0155203
-0.0184428
-0.0213454
-0.0242278
-0.0270895
-0.0299301
-0.0327492
0.0275422
0.0228616
0.0188973
0.0152026
0.0114799
0.00773124
0.00400468
0.000311875
-0.0033515
-0.00698802
-0.0105973
-0.0141786
-0.0177313
-0.0212549
-0.0247493
-0.0282139
-0.0316486
-0.0350529
-0.0384266
-0.0417694
0.0318614
0.0259825
0.0209448
0.0163176
0.0116976
0.00706026
0.00246375
-0.00207443
-0.00655991
-0.0109976
-0.0153888
-0.0197334
-0.0240322
-0.0282857
-0.0324945
-0.0366591
-0.0407799
-0.0448574
-0.0488918
-0.0528835
0.0382897
0.0306908
0.0240158
0.0179715
0.0120001
0.00601807
9.6153e-05
-0.00573502
-0.0114797
-0.0171445
-0.0227314
-0.0282406
-0.0336727
-0.0390288
-0.0443099
-0.0495175
-0.0546529
-0.0597175
-0.0647131
-0.0696415
0.0487814
0.0388004
0.0297665
0.0217663
0.0140022
0.00625889
-0.00138822
-0.00888832
-0.0162448
-0.0234707
-0.0305723
-0.0375527
-0.0444147
-0.0511617
-0.0577972
-0.0643243
-0.0707458
-0.0770642
-0.0832815
-0.0893993
0.0665513
0.0524347
0.0389765
0.0273103
0.016261
0.00532706
-0.00542704
-0.0159128
-0.0261295
-0.0360998
-0.0458351
-0.0553387
-0.0646131
-0.0736613
-0.0824875
-0.0910963
-0.0994938
-0.107687
-0.115686
-0.123502
0.100666
0.0823973
0.0626566
0.0455319
0.0296744
0.014133
-0.0010563
-0.0157493
-0.0299484
-0.0437038
-0.0570508
-0.0700125
-0.0826095
-0.0948617
-0.106787
-0.1184
-0.129714
-0.14074
-0.151486
-0.161958
0.138487
0.116421
0.0902391
0.0654759
0.0413076
0.0172306
-0.00646114
-0.0295055
-0.0518031
-0.073301
-0.0939514
-0.113716
-0.132569
-0.150494
-0.167484
-0.183536
-0.198656
-0.212855
-0.226155
-0.238587
-0.0056441
-0.00663886
-0.00762803
-0.00861116
-0.00958782
-0.0105576
-0.01152
-0.0124747
-0.0134213
-0.0143594
-0.0152886
-0.0162085
-0.0171188
-0.0180191
-0.0189091
-0.0197885
-0.0206568
-0.0215139
-0.0223602
-0.0231948
-0.00585459
-0.00687004
-0.00787966
-0.0088829
-0.00987922
-0.0108681
-0.011849
-0.0128215
-0.0137851
-0.0147393
-0.0156837
-0.0166179
-0.0175415
-0.0184541
-0.0193553
-0.0202448
-0.0211223
-0.0219875
-0.0228407
-0.0236828
-0.00628936
-0.00733679
-0.00837806
-0.00941261
-0.0104398
-0.0114592
-0.0124702
-0.0134723
-0.0144649
-0.0154476
-0.01642
-0.0173816
-0.0183319
-0.0192707
-0.0201974
-0.0211118
-0.0220135
-0.0229019
-0.0237775
-0.0246448
-0.0069607
-0.00805645
-0.00914567
-0.0102277
-0.011302
-0.0123679
-0.0134248
-0.0144722
-0.0155096
-0.0165364
-0.0175521
-0.0185563
-0.0195486
-0.0205285
-0.0214957
-0.0224498
-0.0233904
-0.0243166
-0.0252289
-0.0261371
-0.00790179
-0.00906205
-0.0102153
-0.0113609
-0.0124981
-0.0136264
-0.0147451
-0.0158537
-0.0169516
-0.0180383
-0.0191133
-0.0201761
-0.0212262
-0.0222633
-0.023287
-0.024297
-0.0252928
-0.0262731
-0.027238
-0.0282052
-0.00915564
-0.0103994
-0.0116356
-0.0128635
-0.0140824
-0.0152917
-0.0164907
-0.0176789
-0.0188558
-0.0200207
-0.0211731
-0.0223126
-0.0234388
-0.0245511
-0.0256493
-0.0267332
-0.0278021
-0.0288542
-0.0298895
-0.0309343
-0.0107777
-0.0121265
-0.013467
-0.0147984
-0.01612
-0.0174313
-0.0187316
-0.0200203
-0.0212969
-0.0225607
-0.0238114
-0.0250484
-0.0262712
-0.0274796
-0.0286731
-0.0298515
-0.0310143
-0.032159
-0.033285
-0.0344287
-0.0128589
-0.0143385
-0.0158087
-0.0172689
-0.0187184
-0.0201566
-0.0215829
-0.0229965
-0.0243971
-0.0257841
-0.027157
-0.0285153
-0.0298587
-0.0311866
-0.0324989
-0.0337954
-0.0350756
-0.0363363
-0.0375761
-0.0388418
-0.0154878
-0.0171282
-0.0187582
-0.0203769
-0.0219838
-0.0235783
-0.0251598
-0.0267277
-0.0282815
-0.0298207
-0.0313449
-0.0328535
-0.0343463
-0.0358229
-0.0372829
-0.0387263
-0.0401528
-0.0415585
-0.0429411
-0.0443558
-0.018855
-0.0206948
-0.0225224
-0.0243371
-0.0261383
-0.0279253
-0.0296978
-0.0314551
-0.0331967
-0.0349223
-0.0366314
-0.0383236
-0.0399986
-0.0416561
-0.0432958
-0.0449179
-0.0465221
-0.0481043
-0.0496607
-0.0512515
-0.0230828
-0.0251672
-0.0272373
-0.0292925
-0.0313321
-0.0333559
-0.0353631
-0.0373536
-0.0393267
-0.0412822
-0.0432197
-0.0451388
-0.0470394
-0.048921
-0.0507836
-0.0526271
-0.0544516
-0.0562531
-0.0580262
-0.0598284
-0.0286186
-0.0310123
-0.0333878
-0.0357448
-0.0380826
-0.0404008
-0.0426991
-0.044977
-0.0472342
-0.0494704
-0.0516852
-0.0538784
-0.0560498
-0.0581993
-0.0603265
-0.0624318
-0.0645153
-0.0665742
-0.0686018
-0.0706395
-0.0355463
-0.0383212
-0.0410736
-0.0438031
-0.0465095
-0.0491925
-0.0518519
-0.0544876
-0.0570992
-0.0596867
-0.0622498
-0.0647884
-0.0673021
-0.0697907
-0.0722539
-0.0746915
-0.0771035
-0.0794898
-0.0818445
-0.0841679
-0.0450813
-0.0483619
-0.0516111
-0.0548287
-0.0580145
-0.0611682
-0.0642898
-0.0673788
-0.070435
-0.073458
-0.0764475
-0.0794031
-0.0823246
-0.0852116
-0.0880639
-0.0908808
-0.0936627
-0.096416
-0.0991432
-0.101762
-0.0568325
-0.0607393
-0.0646039
-0.0684267
-0.0722081
-0.0759483
-0.0796479
-0.0833075
-0.0869279
-0.0905098
-0.094054
-0.0975614
-0.101033
-0.104469
-0.10787
-0.111236
-0.114564
-0.117877
-0.121211
-0.124305
-0.0745046
-0.0793043
-0.0840427
-0.0887218
-0.0933432
-0.0979086
-0.102419
-0.106876
-0.111279
-0.115628
-0.119924
-0.124166
-0.128354
-0.132489
-0.136574
-0.140608
-0.144592
-0.148584
-0.152724
-0.156416
-0.0954189
-0.101341
-0.107167
-0.112898
-0.118535
-0.124081
-0.129538
-0.134913
-0.140214
-0.14545
-0.150637
-0.155793
-0.160938
-0.166099
-0.171303
-0.176572
-0.181917
-0.187479
-0.193662
-0.199126
-0.131148
-0.13864
-0.145996
-0.153237
-0.160384
-0.167463
-0.174497
-0.181511
-0.188528
-0.195568
-0.202647
-0.209775
-0.216958
-0.224197
-0.231495
-0.238836
-0.246196
-0.253841
-0.262688
-0.270156
-0.17216
-0.182092
-0.191751
-0.201131
-0.210223
-0.219016
-0.227501
-0.23567
-0.243526
-0.251085
-0.258386
-0.265501
-0.272545
-0.279692
-0.287184
-0.295298
-0.304337
-0.315319
-0.330784
-0.34525
-0.250196
-0.26104
-0.271201
-0.280779
-0.289902
-0.298725
-0.307435
-0.316247
-0.325407
-0.335186
-0.345876
-0.357779
-0.371197
-0.386424
-0.403733
-0.423287
-0.445109
-0.470269
-0.501871
-0.528145
-0.0301456
-0.0388423
-0.043128
-0.0437396
-0.0415542
-0.0374466
-0.0323169
-0.026913
-0.0217385
-0.0170966
-0.0131377
-0.00990052
-0.00733562
-0.0053613
-0.00385607
-0.00274073
-0.00187693
-0.00126309
-0.000698613
-0.000349776
-0.0308175
-0.0394665
-0.0436389
-0.0441431
-0.0418365
-0.0376059
-0.0323757
-0.0269012
-0.0216827
-0.0170183
-0.0130527
-0.00981915
-0.00726361
-0.00530113
-0.00380792
-0.00270395
-0.00184974
-0.00124489
-0.000686684
-0.000346316
-0.0321841
-0.0407275
-0.0446704
-0.0449555
-0.0424023
-0.0379239
-0.032492
-0.0268758
-0.0215693
-0.0168601
-0.0128816
-0.00965574
-0.00711931
-0.00518052
-0.00371183
-0.00263011
-0.00179614
-0.00120748
-0.000665105
-0.000336949
-0.0342951
-0.0426598
-0.0462421
-0.046186
-0.0432523
-0.0383962
-0.0326593
-0.0268305
-0.0213932
-0.0166186
-0.0126223
-0.00940913
-0.00690231
-0.00499966
-0.00356814
-0.00251981
-0.00171637
-0.00115163
-0.000633522
-0.000322054
-0.0372263
-0.0453159
-0.0483833
-0.0478482
-0.0443877
-0.0390164
-0.0328688
-0.0267567
-0.0211473
-0.0162884
-0.0122714
-0.00907763
-0.00661205
-0.00475872
-0.00337736
-0.00237379
-0.00161099
-0.00107796
-0.000591975
-0.000302019
-0.0410848
-0.0487675
-0.0511347
-0.0499607
-0.0458093
-0.0397753
-0.0331086
-0.0266431
-0.0208224
-0.0158632
-0.0118249
-0.00865915
-0.00624788
-0.00445797
-0.00314027
-0.00219295
-0.0014809
-0.000987125
-0.000540873
-0.000277075
-0.0460121
-0.053108
-0.0545496
-0.052547
-0.0475174
-0.0406612
-0.0333635
-0.0264754
-0.0204071
-0.0153348
-0.0112779
-0.0081513
-0.00580919
-0.00409791
-0.00285792
-0.00197854
-0.0013272
-0.00088001
-0.000480767
-0.000247442
-0.0521911
-0.0584553
-0.0586957
-0.0556352
-0.0495104
-0.0416585
-0.0336149
-0.0262367
-0.019888
-0.0146941
-0.010625
-0.00755158
-0.00529554
-0.00367937
-0.00253176
-0.00173212
-0.00115133
-0.000757713
-0.000412321
-0.000213374
-0.0598508
-0.0649543
-0.0636574
-0.0592578
-0.051784
-0.0427478
-0.0338408
-0.0259074
-0.0192502
-0.0139311
-0.00986042
-0.00685755
-0.00470681
-0.00320361
-0.00216366
-0.00145568
-0.00095502
-0.000621564
-0.000336337
-0.000175174
-0.0692758
-0.0727798
-0.0695389
-0.0634503
-0.0543296
-0.0439048
-0.0340158
-0.0254655
-0.0184775
-0.0130353
-0.00897844
-0.00606712
-0.0040434
-0.00267248
-0.00175608
-0.00115165
-0.000740346
-0.000473126
-0.000253765
-0.000133193
-0.0808055
-0.0821378
-0.0764664
-0.0682486
-0.0571318
-0.0451002
-0.0341112
-0.0248873
-0.0175527
-0.0119961
-0.00797368
-0.00517883
-0.00330651
-0.0020886
-0.00131213
-0.000822992
-0.000509791
-0.000314218
-0.000165719
-8.78319e-05
-0.094839
-0.0932653
-0.0845917
-0.0736835
-0.0601651
-0.0462981
-0.0340947
-0.024147
-0.0164587
-0.0108032
-0.00684156
-0.00419229
-0.00249843
-0.00145559
-0.000835729
-0.000473268
-0.000266259
-0.000146918
-7.34861e-05
-3.95422e-05
-0.111793
-0.106424
-0.0940898
-0.0797691
-0.0633895
-0.0474548
-0.0339304
-0.0232174
-0.0151779
-0.00944713
-0.00557886
-0.00310863
-0.00162297
-0.000778338
-0.000331785
-0.000106714
-1.31185e-05
2.64292e-05
2.14582e-05
1.11882e-05
-0.132058
-0.121879
-0.105151
-0.0864808
-0.0667424
-0.0485151
-0.0335776
-0.0220696
-0.0136935
-0.00791986
-0.00418429
-0.00193112
-0.000685848
-6.32499e-05
0.000193712
0.000271717
0.000245794
0.000203228
0.000117441
6.38658e-05
-0.155745
-0.139826
-0.117938
-0.093714
-0.0701252
-0.0494042
-0.0329878
-0.0206716
-0.0119892
-0.00621564
-0.00265993
-0.000666339
0.000304454
0.000681301
0.000733489
0.000656311
0.000506176
0.000380669
0.000212574
0.000118058
-0.182461
-0.160205
-0.132483
-0.101216
-0.0733811
-0.050009
-0.0320973
-0.0189861
-0.0100511
-0.00433396
-0.00101461
0.000672838
0.00133447
0.00144352
0.00127812
0.00104014
0.000763024
0.000555665
0.000304652
0.000173472
-0.210479
-0.182281
-0.148405
-0.108493
-0.076268
-0.050152
-0.030816
-0.016966
-0.00786705
-0.002281
0.000733808
0.00206518
0.00238408
0.00220692
0.00181515
0.00141445
0.00101027
0.000724628
0.000391061
0.000229966
-0.237161
-0.203973
-0.164482
-0.11479
-0.0784873
-0.0496058
-0.02904
-0.014559
-0.00542603
-6.29202e-05
0.00256916
0.00349319
0.00343761
0.00295902
0.00233518
0.00177232
0.00124309
0.000884158
0.000469675
0.000287756
-0.259398
-0.221684
-0.178318
-0.119205
-0.079819
-0.048198
-0.0267345
-0.0117567
-0.00274746
0.00230566
0.00448205
0.00495719
0.0045006
0.0037069
0.00284429
0.00211709
0.00146353
0.00103372
0.000540223
0.000348989
-0.290369
-0.232359
-0.187327
-0.120419
-0.0800507
-0.0456916
-0.0239673
-0.00863407
1.51569e-05
0.00468284
0.00633637
0.0063524
0.00549572
0.00440084
0.00331101
0.00243253
0.00166041
0.0011717
0.000593148
0.000422024
-0.335768
-0.235971
-0.188237
-0.116956
-0.0788833
-0.0429545
-0.0220539
-0.00668141
0.00140222
0.00574502
0.00700516
0.00677364
0.00573415
0.00454818
0.00339886
0.00250586
0.00169891
0.0012287
0.000582222
0.000482356
-0.34612
-0.233961
-0.186718
-0.114638
-0.0774687
-0.0414148
-0.0209762
-0.00577306
0.00203472
0.00620572
0.00730497
0.00696823
0.00585263
0.00462136
0.00344257
0.00253469
0.00171468
0.00124318
0.000582202
0.00049601
-0.349317
-0.230178
-0.184329
-0.111929
-0.0757206
-0.0397649
-0.0198566
-0.00488768
0.00263086
0.00662815
0.00757835
0.00714764
0.00596535
0.00469309
0.0034872
0.0025634
0.00173146
0.00125564
0.000584406
0.00050683
-0.349633
-0.227032
-0.182439
-0.109701
-0.0742923
-0.0383727
-0.0189123
-0.00412598
0.00314611
0.00699793
0.00781941
0.00730789
0.00606734
0.00475905
0.0035289
0.00259064
0.00174759
0.00126768
0.000586701
0.000517124
-0.349035
-0.224312
-0.180772
-0.107658
-0.0729896
-0.0370723
-0.0180299
-0.00340475
0.00363482
0.00735023
0.00804853
0.00745988
0.00616351
0.00482106
0.00356792
0.00261624
0.00176263
0.00127922
0.00058862
0.000527128
-0.347763
-0.221726
-0.179116
-0.105655
-0.0717065
-0.0357983
-0.0171681
-0.00270101
0.00410987
0.00769194
0.00826976
0.00760614
0.00625566
0.00488029
0.00360507
0.00264058
0.00177687
0.0012902
0.000590393
0.000536683
-0.345924
-0.21927
-0.177475
-0.103716
-0.0704543
-0.0345649
-0.0163364
-0.00202309
0.00456557
0.00801895
0.0084806
0.00774519
0.00634301
0.00493634
0.00364017
0.00266352
0.00179028
0.00130052
0.000592061
0.000545692
-0.343717
-0.21698
-0.175881
-0.101866
-0.0692527
-0.0333876
-0.0155442
-0.00137782
0.00499785
0.00832863
0.00867956
0.00787617
0.00642508
0.00498894
0.00367307
0.00268501
0.00180282
0.00131017
0.000593615
0.000554139
-0.341309
-0.214859
-0.174345
-0.100118
-0.0681089
-0.0322728
-0.0147952
-0.000768133
0.00540499
0.00861987
0.00886602
0.00799868
0.00650165
0.00503797
0.00370369
0.00270499
0.00181446
0.00131914
0.000595049
0.000562015
-0.338811
-0.2129
-0.172876
-0.0984769
-0.067028
-0.0312252
-0.0140923
-0.000196508
0.00578557
0.00889166
0.00903944
0.00811242
0.00657257
0.00508331
0.00373197
0.00272344
0.00182519
0.00132742
0.000596361
0.000569302
-0.336306
-0.211097
-0.171482
-0.0969506
-0.0660159
-0.0302503
-0.0134389
0.000334262
0.00613794
0.0091429
0.00919925
0.00821703
0.00663765
0.00512489
0.00375788
0.00274031
0.001835
0.00133498
0.000597553
0.000575985
-0.333861
-0.20945
-0.170177
-0.0955479
-0.0650796
-0.0293539
-0.0128385
0.000821331
0.00646046
0.00937248
0.00934486
0.0083122
0.00669673
0.00516259
0.00378134
0.00275558
0.00184386
0.00134182
0.000598625
0.000582047
-0.331534
-0.207959
-0.168975
-0.094277
-0.064226
-0.0285414
-0.0122945
0.00126198
0.00675154
0.00957939
0.00947573
0.00839761
0.00674965
0.00519634
0.00380233
0.00276923
0.00185177
0.00134793
0.000599579
0.000587475
-0.329376
-0.20663
-0.167887
-0.0931457
-0.0634618
-0.027818
-0.0118103
0.00165368
0.00700975
0.00976267
0.00959138
0.00847298
0.00679627
0.00522605
0.00382079
0.00278123
0.00185872
0.0013533
0.000600413
0.000592254
-0.327432
-0.205469
-0.166928
-0.0921612
-0.0627934
-0.0271885
-0.011389
0.00199409
0.00723373
0.00992146
0.00969136
0.00853806
0.00683647
0.00525166
0.00383669
0.00279155
0.00186468
0.00135792
0.000601129
0.000596375
-0.325744
-0.204484
-0.166109
-0.0913301
-0.0622266
-0.026657
-0.0110333
0.00228112
0.0074223
0.010055
0.00977529
0.00859263
0.00687015
0.00527311
0.00385001
0.00280018
0.00186966
0.00136178
0.000601727
0.000599825
-0.324347
-0.203682
-0.16544
-0.0906582
-0.0617667
-0.0262274
-0.0107458
0.00251294
0.00757442
0.0101626
0.00984284
0.00863651
0.0068972
0.00529035
0.0038607
0.00280711
0.00187365
0.00136487
0.000602209
0.000602598
-0.32327
-0.203073
-0.16493
-0.0901503
-0.0614182
-0.0259028
-0.0105285
0.00268807
0.00768926
0.0102438
0.00989376
0.00866958
0.0069176
0.00530336
0.00386879
0.00281234
0.00187666
0.0013672
0.000602579
0.000604689
-0.322539
-0.202662
-0.164586
-0.0898099
-0.0611842
-0.0256853
-0.0103829
0.00280539
0.00776616
0.0102982
0.00992776
0.00869164
0.0069312
0.00531204
0.00387417
0.00281581
0.00187865
0.00136873
0.000602814
0.000606084
-0.322168
-0.202454
-0.164414
-0.0896398
-0.0610674
-0.0255768
-0.0103102
0.00286408
0.00780472
0.0103255
0.00994484
0.0087028
0.00693811
0.00531646
0.00387692
0.00281761
0.00187971
0.00136949
0.000602933
0.000606794
)
;

boundaryField
{
    inlet
    {
        type            zeroGradient;
    }
    outlet
    {
        type            fixedValue;
        value           uniform 0;
    }
    cylinder
    {
        type            zeroGradient;
    }
    top
    {
        type            symmetryPlane;
    }
    bottom
    {
        type            symmetryPlane;
    }
    defaultFaces
    {
        type            empty;
    }
}


// ************************************************************************* //
