/*--------------------------------*- C++ -*----------------------------------*\
  =========                 |
  \\      /  F ield         | OpenFOAM: The Open Source CFD Toolbox
   \\    /   O peration     | Website:  https://openfoam.org
    \\  /    A nd           | Version:  6.0
     \\/     M anipulation  |
\*---------------------------------------------------------------------------*/
FoamFile
{
    version     2.0;
    format      ascii;
    class       volVectorField;
    location    "23";
    object      U;
}
// * * * * * * * * * * * * * * * * * * * * * * * * * * * * * * * * * * * * * //

dimensions      [0 1 -1 0 0 0 0];

internalField   nonuniform List<vector> 
2000
(
(-0.00199193 0.0017391 3.3655e-20)
(-0.00762228 0.00330567 3.57537e-20)
(-0.0153364 0.00366586 -3.28023e-20)
(-0.0223501 0.00334163 -6.47164e-20)
(-0.0277068 0.00264375 -4.38912e-20)
(-0.0312545 0.00177548 5.6973e-20)
(-0.0330924 0.000882469 3.24365e-20)
(-0.0334888 7.1784e-05 -1.28586e-20)
(-0.032865 -0.000577108 -3.1532e-20)
(-0.0315178 -0.00100131 1.85421e-20)
(-0.0024905 0.00512382 -8.34194e-20)
(-0.0083734 0.00969512 1.03009e-19)
(-0.0157359 0.0107097 9.88798e-21)
(-0.0220488 0.00970973 -5.55187e-20)
(-0.0264933 0.00760956 2.57919e-19)
(-0.0289936 0.00500655 -1.10603e-19)
(-0.0296967 0.00232975 -1.16957e-19)
(-0.0288978 -0.000101444 1.38246e-19)
(-0.0270362 -0.00204446 -1.3393e-19)
(-0.0244831 -0.00330939 5.45347e-20)
(-0.00343692 0.0082301 1.38544e-20)
(-0.00973509 0.0154272 4.40562e-21)
(-0.0163212 0.0169079 2.97084e-19)
(-0.0211796 0.0151621 1.00763e-19)
(-0.0237668 0.0116531 1.94024e-20)
(-0.0241576 0.00733345 1.56339e-19)
(-0.022592 0.00289031 -2.90234e-19)
(-0.0194146 -0.00115181 6.16704e-21)
(-0.0150976 -0.00437529 -1.65223e-19)
(-0.0101669 -0.00645931 1.47188e-19)
(-0.00472612 0.0108774 -2.60597e-20)
(-0.0114173 0.0200882 1.34111e-19)
(-0.0166513 0.0217524 -3.76028e-19)
(-0.0191906 0.0191824 -4.69989e-20)
(-0.018904 0.0142972 -2.59814e-19)
(-0.0160895 0.00833556 2.62181e-19)
(-0.0111199 0.00219412 -2.71809e-19)
(-0.00440412 -0.00341586 1.87076e-19)
(0.00354604 -0.00788465 7.72576e-20)
(0.0119573 -0.0107538 -7.0773e-20)
(-0.00619095 0.0128902 -2.90016e-19)
(-0.0129638 0.0232981 2.33424e-21)
(-0.0160344 0.0248141 4.63194e-19)
(-0.0152132 0.0213901 1.34275e-19)
(-0.0109167 0.0152673 -4.14491e-19)
(-0.00373695 0.00786844 2.51129e-19)
(0.00578252 0.000219112 2.78239e-19)
(0.0171639 -0.00682503 -2.43118e-19)
(0.0298656 -0.0124488 1.70293e-19)
(0.0427615 -0.0160497 3.40054e-20)
(-0.00759061 0.0140974 3.96451e-20)
(-0.0137326 0.0247211 6.57832e-21)
(-0.0135042 0.0257649 -5.92164e-19)
(-0.00802906 0.0215763 -3.20325e-19)
(0.00159752 0.0145505 3.70999e-19)
(0.0144153 0.00616117 -4.23323e-19)
(0.029667 -0.00255951 4.7414e-19)
(0.0468069 -0.0107008 -4.01187e-20)
(0.065304 -0.0172597 -1.28445e-19)
(0.0835684 -0.0214979 -3.04801e-19)
(-0.00859884 0.0143362 -8.62453e-20)
(-0.0128843 0.0240788 -1.40929e-19)
(-0.0078143 0.0243918 -1.66619e-19)
(0.00393876 0.0197129 3.43681e-19)
(0.0204824 0.0124068 6.19003e-19)
(0.0404081 0.00384953 -1.24656e-19)
(0.0626798 -0.00508783 -2.96573e-19)
(0.0866691 -0.0136143 8.86458e-20)
(0.111938 -0.0206442 -5.48446e-19)
(0.136365 -0.0253502 4.94351e-19)
(-0.00879989 0.0134659 5.27479e-19)
(-0.00939757 0.0211763 -2.57564e-19)
(0.00251885 0.0206049 4.83973e-19)
(0.0225637 0.0159282 -7.64554e-19)
(0.0479587 0.00931403 -3.54707e-19)
(0.07676 0.00192093 -4.78728e-19)
(0.107544 -0.00572132 1.35937e-19)
(0.139523 -0.0132126 -3.71055e-19)
(0.172482 -0.0196216 7.93769e-19)
(0.203883 -0.0242003 1.83292e-19)
(-0.00770378 0.0113984 3.87833e-20)
(-0.00213032 0.0159446 4.19564e-19)
(0.0191051 0.0144434 8.02421e-19)
(0.0498675 0.0104378 2.37116e-19)
(0.0864587 0.00580385 6.814e-19)
(0.126306 0.00150005 3.6396e-20)
(0.167409 -0.00228134 -3.45539e-22)
(0.208552 -0.00560988 2.56427e-19)
(0.24976 -0.00788585 2.03523e-19)
(0.288645 -0.0093907 -5.49769e-19)
(-0.00479663 0.00814408 -3.12387e-19)
(0.0100487 0.00850105 -4.68152e-19)
(0.043478 0.00607282 -6.54899e-19)
(0.0877863 0.00337257 1.49439e-20)
(0.138496 0.00194228 -3.13468e-19)
(0.192508 0.00274289 4.8142e-19)
(0.247252 0.0060953 -1.29558e-18)
(0.30078 0.0121861 5.70112e-19)
(0.35241 0.02156 2.10461e-19)
(0.399578 0.0303028 5.53792e-19)
(0.00035981 0.00387158 1.56304e-19)
(0.0280137 -0.000753285 -5.35253e-19)
(0.0766406 -0.00413193 4.59969e-19)
(0.137359 -0.0052801 -1.7256e-19)
(0.205319 -0.00322229 1.8224e-19)
(0.277556 0.00296487 3.86664e-19)
(0.352238 0.0140125 -5.07442e-19)
(0.428956 0.0308379 6.45949e-20)
(0.508726 0.0527414 -2.3425e-19)
(0.594045 0.069961 4.14239e-19)
(0.00803113 -0.00104295 2.23891e-19)
(0.0521575 -0.0109746 -4.85303e-19)
(0.118597 -0.0151934 6.36324e-19)
(0.19757 -0.014834 -3.83204e-19)
(0.283858 -0.0100447 -1.36504e-19)
(0.374409 -0.00068665 7.87482e-20)
(0.467414 0.013148 3.97766e-20)
(0.562311 0.0311432 5.29252e-19)
(0.658802 0.0506532 1.49637e-19)
(0.754656 0.0630265 5.60814e-19)
(0.0183251 -0.00603721 -1.99837e-19)
(0.0825192 -0.0208086 6.27473e-19)
(0.168869 -0.0251417 -5.03835e-19)
(0.266914 -0.0226563 -5.71427e-19)
(0.370956 -0.0148717 7.76276e-19)
(0.477502 -0.00258332 -5.75248e-19)
(0.584157 0.0132758 1.48522e-19)
(0.689368 0.0315938 -8.63124e-19)
(0.791399 0.0497436 6.35131e-19)
(0.886313 0.0623695 2.79913e-20)
(0.0312478 -0.0104826 -2.60425e-19)
(0.1189 -0.0286955 -2.25087e-19)
(0.226763 -0.0316811 -4.61212e-19)
(0.343972 -0.0257333 5.4056e-19)
(0.464382 -0.0138257 -2.65246e-20)
(0.584033 0.0023429 3.30734e-19)
(0.699988 0.0211705 5.89874e-19)
(0.810007 0.0411592 -1.77662e-19)
(0.911749 0.06025 -6.17459e-19)
(1.00125 0.0754136 1.0786e-18)
(0.0467294 -0.0137703 -1.34602e-19)
(0.160858 -0.0331307 -1.43691e-19)
(0.291276 -0.0326957 2.48814e-19)
(0.427082 -0.0215234 -4.47248e-19)
(0.561894 -0.00406361 7.41742e-20)
(0.6915 0.0171311 6.43427e-20)
(0.812779 0.0399132 2.76051e-20)
(0.923376 0.0625759 -4.34337e-21)
(1.02111 0.0836305 -6.50479e-20)
(1.10263 0.10145 -9.12106e-19)
(0.0646116 -0.0153379 5.46441e-19)
(0.20766 -0.032787 -3.41202e-19)
(0.36097 -0.0264677 4.21474e-21)
(0.514089 -0.0082093 -4.83633e-19)
(0.660743 0.0160945 -1.68051e-19)
(0.796849 0.0431162 1.53087e-19)
(0.919567 0.0702853 1.16265e-19)
(1.02699 0.0958082 -4.06036e-19)
(1.11766 0.118712 3.26107e-19)
(1.18924 0.138186 -3.75871e-19)
(0.0846155 -0.0146734 2.35831e-19)
(0.258242 -0.0265729 -1.87557e-19)
(0.433946 -0.0117742 7.49706e-19)
(0.602332 0.0152253 7.39255e-20)
(0.757722 0.0472042 1.64953e-19)
(0.896645 0.0802076 7.16557e-19)
(1.01707 0.111421 -1.07064e-19)
(1.11805 0.139132 9.57192e-20)
(1.19925 0.162909 3.89565e-20)
(1.2596 0.182436 -4.19966e-20)
(0.106312 -0.0113261 1.64756e-19)
(0.311197 -0.013673 3.54508e-19)
(0.507891 0.0120729 -3.65438e-19)
(0.688792 0.0490174 -1.19655e-19)
(0.849412 0.0888558 -1.43532e-19)
(0.987457 0.12726 2.16716e-19)
(1.10222 0.161441 -1.10218e-19)
(1.19414 0.19001 2.90646e-19)
(1.26425 0.213168 9.61394e-20)
(1.31292 0.230959 -1.36983e-19)
(0.129105 -0.00493162 -1.77562e-19)
(0.364802 0.00640401 1.41222e-19)
(0.580192 0.0452059 -2.90015e-19)
(0.770296 0.0926818 1.20971e-19)
(0.932487 0.139856 -1.21888e-19)
(1.06622 0.182407 -1.48258e-19)
(1.17256 0.217925 -1.16408e-19)
(1.25364 0.245635 1.27525e-19)
(1.31195 0.266501 -2.36311e-19)
(1.3493 0.280887 1.2432e-19)
(0.152243 0.00475027 -6.32882e-20)
(0.417093 0.0337701 -1.10796e-19)
(0.648095 0.0871863 5.07725e-20)
(0.843758 0.14508 3.02362e-21)
(1.00399 0.198399 3.9556e-20)
(1.13052 0.243326 5.28979e-20)
(1.22649 0.278237 4.79367e-20)
(1.29584 0.303263 -6.22954e-20)
(1.34249 0.320246 5.21414e-20)
(1.36957 0.329885 -7.06692e-20)
(0.174843 0.017795 -3.66408e-20)
(0.465964 0.0681077 -1.23083e-20)
(0.708878 0.137006 4.71017e-20)
(0.906392 0.204502 -2.09656e-20)
(1.06155 0.262234 5.4283e-20)
(1.1787 0.307455 -6.83e-20)
(1.26325 0.339748 1.54667e-20)
(1.32089 0.360392 1.62661e-20)
(1.35678 0.372181 -6.70327e-21)
(1.37513 0.376158 2.18523e-20)
(0.195941 0.0340776 -3.95201e-20)
(0.509301 0.108639 -1.60079e-19)
(0.760039 0.193118 -1.06632e-20)
(0.9559 0.268771 3.06955e-21)
(1.10348 0.328818 -1.88187e-19)
(1.20996 0.372171 2.4232e-20)
(1.28293 0.399981 -2.01662e-20)
(1.32964 0.41485 -4.77325e-20)
(1.35621 0.420517 9.78268e-20)
(1.36766 0.41837 -1.52591e-19)
(0.214543 0.0532477 -1.90901e-20)
(0.545114 0.154126 3.24287e-19)
(0.799452 0.253496 5.02664e-20)
(0.990599 0.335363 -2.65635e-19)
(1.12888 0.395463 -2.09154e-20)
(1.22426 0.434912 -2.40986e-19)
(1.28629 0.456697 1.72708e-19)
(1.32344 0.464803 -6.15095e-20)
(1.34248 0.463845 1.07245e-19)
(1.34896 0.455531 -6.65154e-20)
(0.229696 0.0747213 -1.20408e-19)
(0.571679 0.202901 1.02958e-19)
(0.825506 0.315729 -7.15307e-20)
(1.0095 0.401536 5.21112e-19)
(1.13761 0.459469 2.49791e-19)
(1.22227 0.493275 -5.64631e-20)
(1.27464 0.507921 1.86014e-19)
(1.304 0.508728 -1.20051e-19)
(1.31747 0.501052 -3.28811e-20)
(1.32084 0.486889 1.81933e-19)
(0.240552 0.0976887 -2.0847e-19)
(0.587654 0.252939 2.37423e-19)
(0.837197 0.377142 -4.49574e-19)
(1.01234 0.464471 6.10798e-20)
(1.13019 0.51823 1.32609e-19)
(1.20523 0.545072 -1.98015e-19)
(1.24968 0.551947 -2.25784e-19)
(1.27326 0.545362 9.72697e-20)
(1.28312 0.531235 -1.15211e-19)
(1.28511 0.511831 1.15913e-19)
(0.246429 0.121142 -5.26616e-20)
(0.592171 0.301953 -2.41641e-19)
(0.834176 0.434935 1.28604e-19)
(0.999512 0.521396 2.08753e-19)
(1.10777 0.569323 -1.21836e-19)
(1.1748 0.588361 -8.85534e-20)
(1.21339 0.587308 -4.7723e-20)
(1.23327 0.573632 -2.32417e-20)
(1.24139 0.553608 4.6645e-21)
(1.2435 0.529786 3.97941e-20)
(0.246873 0.143919 3.87247e-20)
(0.584906 0.347519 -2.03014e-19)
(0.816746 0.486334 3.25881e-19)
(0.972046 0.569723 -1.86638e-19)
(1.07194 0.610591 5.09046e-20)
(1.13298 0.621466 -7.0303e-20)
(1.16791 0.612753 7.39821e-20)
(1.18611 0.592598 1.4395e-20)
(1.19417 0.567403 -3.25947e-20)
(1.19769 0.540077 5.24565e-20)
(0.2417 0.16477 -1.01822e-19)
(0.566101 0.387219 1.78256e-19)
(0.785828 0.528742 -7.65638e-21)
(0.931463 0.607162 -3.60241e-20)
(1.02466 0.64021 -9.55468e-20)
(1.08193 0.643021 1.16161e-20)
(1.11549 0.62729 2.6724e-20)
(1.13401 0.601511 -6.59249e-20)
(1.14362 0.57192 7.55424e-20)
(1.14974 0.541916 5.31221e-20)
(0.231031 0.182439 2.316e-20)
(0.536567 0.4188 -4.26986e-20)
(0.742875 0.559891 1.17979e-20)
(0.879642 0.631807 7.2567e-21)
(0.967988 0.656695 3.57692e-20)
(1.02379 0.651879 -6.58195e-20)
(1.05834 0.630018 -1.35142e-19)
(1.0794 0.599648 -5.4078e-20)
(1.09268 0.566507 -6.80692e-20)
(1.103 0.534661 4.66002e-20)
(0.215314 0.195771 6.43352e-20)
(0.497638 0.440352 -8.94245e-20)
(0.689767 0.578008 8.30736e-20)
(0.818623 0.642265 -1.52904e-19)
(0.903815 0.658919 3.59724e-20)
(0.96011 0.646878 2.37461e-19)
(0.997711 0.619352 -7.11984e-20)
(1.02361 0.584633 8.27187e-20)
(1.04313 0.547807 1.19185e-19)
(1.05935 0.51471 3.49198e-19)
(0.195318 0.203827 3.9821e-19)
(0.45114 0.450494 -2.42196e-19)
(0.628764 0.582042 5.67389e-19)
(0.750578 0.638029 -9.39324e-20)
(0.833732 0.646823 4.57077e-19)
(0.891424 0.628052 2.7938e-19)
(0.932695 0.594675 -6.41509e-19)
(0.963916 0.553791 9.54711e-19)
(0.989718 0.507753 -1.98577e-19)
(1.00692 0.460374 3.50268e-19)
(0.172107 0.205956 -2.19702e-19)
(0.399342 0.448424 -1.4017e-19)
(0.56259 0.571682 1.30577e-19)
(0.678183 0.619577 -3.12274e-19)
(0.759945 0.622046 -9.46962e-19)
(0.819002 0.598965 -3.71104e-19)
(0.863001 0.563102 -3.26877e-19)
(0.897375 0.521627 1.55086e-19)
(0.925354 0.478007 1.26825e-18)
(0.943235 0.4369 -2.37292e-19)
(0.146943 0.201783 1.15711e-19)
(0.344834 0.43379 -4.18947e-19)
(0.494391 0.546902 8.86472e-20)
(0.604868 0.587208 -6.24074e-19)
(0.686283 0.585037 1.32633e-18)
(0.747527 0.559895 -1.49824e-19)
(0.794811 0.523996 6.88258e-19)
(0.832598 0.484148 -9.6622e-19)
(0.863502 0.44382 2.97776e-19)
(0.885133 0.40708 4.15914e-20)
(0.121162 0.1912 8.53e-20)
(0.290244 0.406662 4.62028e-19)
(0.427226 0.508 -1.30587e-18)
(0.533742 0.541287 6.14276e-19)
(0.615806 0.535996 -1.93405e-21)
(0.680064 0.510585 -1.96051e-19)
(0.731368 0.47636 2.41221e-19)
(0.773351 0.439536 -2.34868e-19)
(0.808268 0.403242 -7.92395e-19)
(0.83461 0.370576 -1.95489e-19)
(0.0960913 0.174362 2.79171e-19)
(0.238096 0.367561 2.80202e-19)
(0.363925 0.455701 1.11341e-18)
(0.467534 0.48256 -5.98837e-19)
(0.550962 0.475511 1.19825e-18)
(0.618696 0.451329 -2.51447e-19)
(0.67433 0.420086 -2.59738e-19)
(0.720775 0.387233 3.00824e-19)
(0.759995 0.355437 1.92454e-19)
(0.791126 0.32693 6.28849e-19)
(0.0729894 0.151686 -2.83356e-19)
(0.190714 0.317441 8.27435e-20)
(0.30703 0.391179 2.15567e-20)
(0.408619 0.412187 6.10526e-19)
(0.493801 0.404598 -1.47935e-18)
(0.565086 0.382938 2.44843e-19)
(0.624948 0.355783 5.28357e-19)
(0.67567 0.327704 -6.25939e-19)
(0.718972 0.300861 2.16464e-19)
(0.754559 0.27678 -9.05933e-19)
(0.052995 0.123834 6.03851e-20)
(0.150156 0.257672 2.91391e-19)
(0.258742 0.316025 1.09006e-19)
(0.359007 0.33172 1.42857e-19)
(0.446015 0.324643 2.65717e-19)
(0.520576 0.3066 7.7072e-19)
(0.584217 0.284463 -9.22203e-19)
(0.638697 0.26185 -5.0899e-19)
(0.685547 0.240412 8.28728e-20)
(0.724989 0.221133 5.87682e-19)
(0.0370839 0.0916935 -3.65144e-19)
(0.118149 0.189983 -3.88561e-20)
(0.220879 0.232196 -3.13146e-19)
(0.320333 0.243042 4.31211e-20)
(0.408967 0.23734 -2.51567e-19)
(0.486239 0.223795 -2.79809e-19)
(0.55294 0.207427 -4.0751e-19)
(0.610421 0.190848 1.07607e-18)
(0.660084 0.175217 1.82343e-19)
(0.702585 0.161122 -2.50683e-19)
(0.0260284 0.0563428 1.96783e-19)
(0.0960386 0.116409 2.32683e-19)
(0.194842 0.141948 8.81803e-20)
(0.293847 0.148304 -4.60168e-19)
(0.383688 0.144618 -2.07957e-19)
(0.462889 0.136225 -4.36264e-20)
(0.531735 0.126177 8.3306e-20)
(0.591301 0.116055 6.55487e-20)
(0.642907 0.106544 -4.97872e-19)
(0.687527 0.0979499 2.57752e-19)
(0.0203637 0.0190052 -1.0248e-19)
(0.0847489 0.0392112 -1.04305e-19)
(0.181583 0.0477591 7.99729e-20)
(0.280392 0.0498517 6.86394e-20)
(0.370873 0.0485783 6.82867e-20)
(0.451076 0.0457356 1.0174e-19)
(0.521025 0.0423484 -5.22832e-21)
(0.581658 0.0389448 -1.27799e-19)
(0.634255 0.0357521 1.19247e-19)
(0.679959 0.0328635 -1.61879e-19)
(0.0203637 -0.0190051 -1.03157e-19)
(0.0847489 -0.0392111 -9.94016e-20)
(0.181583 -0.047759 8.81254e-20)
(0.280392 -0.0498516 1.66796e-19)
(0.370873 -0.0485782 1.07884e-19)
(0.451076 -0.0457355 -1.38486e-19)
(0.521025 -0.0423483 -7.35389e-20)
(0.581658 -0.0389448 3.14261e-20)
(0.634255 -0.0357521 6.94013e-20)
(0.679959 -0.0328635 -3.72908e-20)
(0.0260284 -0.0563428 2.46183e-19)
(0.0960386 -0.116409 -2.79869e-19)
(0.194842 -0.141948 -2.23798e-20)
(0.293847 -0.148304 1.44226e-19)
(0.383688 -0.144618 -6.32973e-19)
(0.462889 -0.136224 2.63487e-19)
(0.531735 -0.126177 2.65807e-19)
(0.591301 -0.116055 -3.07497e-19)
(0.642907 -0.106544 2.88523e-19)
(0.687527 -0.0979499 -1.1425e-19)
(0.0370839 -0.0916934 -4.2557e-20)
(0.118149 -0.189983 -4.85507e-21)
(0.220879 -0.232196 -7.27288e-19)
(0.320333 -0.243042 -2.23661e-19)
(0.408967 -0.237339 -2.28866e-20)
(0.486239 -0.223795 -3.47965e-19)
(0.55294 -0.207427 6.33614e-19)
(0.610421 -0.190848 -2.18191e-20)
(0.660084 -0.175217 3.48245e-19)
(0.702585 -0.161122 -2.76159e-19)
(0.052995 -0.123834 7.1878e-20)
(0.150156 -0.257671 -2.97682e-19)
(0.258742 -0.316025 8.81312e-19)
(0.359007 -0.33172 1.20568e-19)
(0.446015 -0.324643 5.75359e-19)
(0.520576 -0.3066 -5.47982e-19)
(0.584217 -0.284463 5.62204e-19)
(0.638697 -0.26185 -3.97204e-19)
(0.685547 -0.240412 -1.71368e-19)
(0.724989 -0.221133 1.31196e-19)
(0.0729893 -0.151686 6.41854e-19)
(0.190714 -0.317441 1.48119e-21)
(0.30703 -0.391179 -9.28753e-19)
(0.408619 -0.412187 -2.60505e-19)
(0.493801 -0.404598 8.39653e-19)
(0.565086 -0.382938 -4.79395e-19)
(0.624948 -0.355783 -5.42404e-19)
(0.67567 -0.327704 4.78225e-19)
(0.718972 -0.300861 -3.19809e-19)
(0.754559 -0.27678 -6.2078e-20)
(0.0960913 -0.174362 -9.58134e-20)
(0.238096 -0.367561 -4.04773e-21)
(0.363925 -0.455701 1.00783e-18)
(0.467534 -0.482559 5.58679e-19)
(0.550962 -0.47551 -6.39544e-19)
(0.618696 -0.451329 7.54418e-19)
(0.67433 -0.420086 -8.00051e-19)
(0.720775 -0.387233 7.80399e-20)
(0.759995 -0.355437 2.29532e-19)
(0.791126 -0.32693 4.77649e-19)
(0.121162 -0.1912 1.09804e-19)
(0.290244 -0.406662 1.58156e-19)
(0.427226 -0.508 1.65494e-19)
(0.533742 -0.541287 -5.14514e-19)
(0.615806 -0.535996 -8.89696e-19)
(0.680064 -0.510585 1.82528e-19)
(0.731368 -0.47636 5.16322e-19)
(0.773351 -0.439536 -1.44821e-19)
(0.808268 -0.403242 8.55781e-19)
(0.83461 -0.370576 -7.51019e-19)
(0.146943 -0.201783 -6.21537e-19)
(0.344834 -0.43379 2.13527e-19)
(0.494391 -0.546902 -5.54947e-19)
(0.604868 -0.587208 8.6734e-19)
(0.686283 -0.585037 4.21052e-19)
(0.747527 -0.559895 5.79182e-19)
(0.794811 -0.523996 -1.30957e-19)
(0.832598 -0.484148 5.05837e-19)
(0.863502 -0.44382 -1.05188e-18)
(0.885133 -0.40708 -2.46518e-19)
(0.172107 -0.205956 3.66411e-20)
(0.399342 -0.448424 -3.73393e-19)
(0.56259 -0.571682 -5.74965e-19)
(0.678183 -0.619577 -2.35644e-19)
(0.759945 -0.622046 -6.46372e-19)
(0.819002 -0.598965 -6.40881e-20)
(0.863001 -0.563102 5.36634e-20)
(0.897375 -0.521627 -2.35704e-19)
(0.925354 -0.478007 -2.57856e-19)
(0.943235 -0.4369 6.1248e-19)
(0.195318 -0.203827 1.96361e-19)
(0.45114 -0.450494 2.45092e-19)
(0.628764 -0.582042 4.22606e-19)
(0.750578 -0.638029 1.81809e-20)
(0.833732 -0.646823 2.64782e-19)
(0.891424 -0.628052 -3.5312e-19)
(0.932695 -0.594675 1.05396e-18)
(0.963916 -0.553791 -4.55997e-19)
(0.989718 -0.507753 -2.19631e-19)
(1.00692 -0.460374 -5.95153e-19)
(0.215314 -0.195771 -7.72781e-20)
(0.497638 -0.440352 1.21725e-19)
(0.689767 -0.578008 -1.20082e-19)
(0.818623 -0.642265 6.26762e-20)
(0.903815 -0.658919 -7.1927e-20)
(0.96011 -0.646878 -1.79757e-19)
(0.997711 -0.619352 2.31071e-19)
(1.02361 -0.584632 -7.42748e-20)
(1.04313 -0.547807 1.1272e-19)
(1.05935 -0.514709 -1.98371e-19)
(0.231031 -0.182439 -4.09934e-21)
(0.536567 -0.4188 -5.65368e-20)
(0.742875 -0.559891 1.16029e-20)
(0.879642 -0.631807 6.99969e-20)
(0.967988 -0.656695 -3.11786e-20)
(1.02379 -0.651879 8.22183e-21)
(1.05834 -0.630017 -7.74296e-21)
(1.0794 -0.599648 -1.68476e-19)
(1.09268 -0.566507 -7.69627e-20)
(1.103 -0.534661 -1.96601e-19)
(0.2417 -0.16477 -5.65863e-20)
(0.566101 -0.387219 1.7886e-19)
(0.785828 -0.528742 -1.07119e-19)
(0.931463 -0.607162 -3.79417e-20)
(1.02466 -0.64021 1.72555e-20)
(1.08193 -0.643021 3.2051e-20)
(1.11549 -0.62729 -2.91504e-21)
(1.13401 -0.601511 1.2737e-19)
(1.14362 -0.57192 -1.08298e-19)
(1.14974 -0.541916 -1.2101e-21)
(0.246873 -0.143919 -1.3909e-19)
(0.584906 -0.347519 -7.81085e-20)
(0.816746 -0.486333 -1.86503e-19)
(0.972046 -0.569723 2.05163e-19)
(1.07194 -0.610591 -1.46022e-20)
(1.13298 -0.621466 6.33882e-20)
(1.16791 -0.612753 7.04016e-20)
(1.18611 -0.592598 -2.50383e-20)
(1.19417 -0.567403 2.07903e-20)
(1.19769 -0.540077 -5.53296e-20)
(0.246429 -0.121142 -9.45627e-20)
(0.592171 -0.301953 -1.08724e-19)
(0.834176 -0.434935 1.57688e-19)
(0.999512 -0.521396 -2.29238e-19)
(1.10777 -0.569323 3.90783e-20)
(1.1748 -0.588361 1.92984e-20)
(1.21339 -0.587308 4.15956e-20)
(1.23327 -0.573632 -2.66451e-20)
(1.24139 -0.553608 -3.17167e-20)
(1.2435 -0.529785 -8.66437e-20)
(0.240552 -0.0976887 3.94291e-19)
(0.587654 -0.252939 -2.76064e-19)
(0.837197 -0.377142 1.24116e-20)
(1.01234 -0.464471 -3.29325e-19)
(1.13019 -0.51823 -9.2905e-20)
(1.20523 -0.545072 7.24326e-20)
(1.24968 -0.551947 5.1947e-20)
(1.27326 -0.545362 -1.69814e-19)
(1.28312 -0.531235 7.3557e-20)
(1.28511 -0.511831 -1.10785e-19)
(0.229696 -0.0747213 1.9562e-19)
(0.571679 -0.202901 -1.73241e-19)
(0.825506 -0.315729 5.98401e-19)
(1.0095 -0.401536 4.61733e-20)
(1.13761 -0.459469 1.27423e-19)
(1.22227 -0.493275 4.43241e-19)
(1.27464 -0.507921 -8.9943e-20)
(1.304 -0.508728 2.1679e-20)
(1.31747 -0.501052 -1.22936e-20)
(1.32084 -0.486889 -1.83326e-20)
(0.214543 -0.0532477 1.50765e-19)
(0.545114 -0.154126 3.06657e-19)
(0.799452 -0.253496 -3.008e-19)
(0.990599 -0.335362 -8.8389e-20)
(1.12888 -0.395463 -9.09053e-20)
(1.22426 -0.434912 1.74268e-19)
(1.28629 -0.456697 -8.04339e-20)
(1.32344 -0.464803 1.85964e-19)
(1.34248 -0.463845 4.41005e-20)
(1.34896 -0.455531 -6.57326e-20)
(0.195941 -0.0340776 -1.62874e-19)
(0.509301 -0.108639 1.35238e-19)
(0.76004 -0.193118 -2.6723e-19)
(0.9559 -0.268771 1.08195e-19)
(1.10348 -0.328818 -1.05302e-19)
(1.20996 -0.372171 -1.22043e-19)
(1.28293 -0.399981 -9.2597e-20)
(1.32964 -0.41485 1.00157e-19)
(1.35621 -0.420517 -1.71176e-19)
(1.36766 -0.41837 9.26815e-20)
(0.174843 -0.017795 -6.10092e-20)
(0.465964 -0.0681077 -1.07148e-19)
(0.708879 -0.137006 4.85066e-20)
(0.906392 -0.204502 3.45853e-21)
(1.06155 -0.262234 3.62507e-20)
(1.1787 -0.307455 5.06229e-20)
(1.26325 -0.339747 4.21579e-20)
(1.32089 -0.360392 -5.58952e-20)
(1.35678 -0.372181 4.48116e-20)
(1.37513 -0.376158 -6.09311e-20)
(0.152243 -0.00475027 -3.84439e-20)
(0.417093 -0.0337701 -1.38719e-20)
(0.648095 -0.0871862 4.97188e-20)
(0.843758 -0.14508 -2.16883e-20)
(1.00399 -0.198399 5.89561e-20)
(1.13052 -0.243326 -7.26231e-20)
(1.22649 -0.278237 1.82269e-20)
(1.29584 -0.303263 1.53383e-20)
(1.34249 -0.320246 -5.39435e-21)
(1.36957 -0.329885 2.14262e-20)
(0.129105 0.00493162 -4.61048e-20)
(0.364802 -0.00640399 -1.74957e-19)
(0.580192 -0.0452059 -1.355e-20)
(0.770296 -0.0926817 5.23371e-21)
(0.932487 -0.139856 -2.19336e-19)
(1.06622 -0.182407 2.2571e-20)
(1.17256 -0.217925 -2.33697e-20)
(1.25364 -0.245635 -6.23391e-20)
(1.31195 -0.266501 1.35572e-19)
(1.3493 -0.280886 -2.14743e-19)
(0.106312 0.0113261 -2.61378e-20)
(0.311197 0.013673 3.75295e-19)
(0.507891 -0.0120729 4.81751e-20)
(0.688792 -0.0490174 -3.15448e-19)
(0.849412 -0.0888558 -3.66547e-20)
(0.987457 -0.12726 -3.36671e-19)
(1.10222 -0.161441 2.55919e-19)
(1.19414 -0.19001 -1.01857e-19)
(1.26425 -0.213168 1.89648e-19)
(1.31292 -0.230959 -1.46312e-19)
(0.0846155 0.0146734 -1.47869e-19)
(0.258242 0.0265729 1.54062e-19)
(0.433947 0.0117743 -1.03585e-19)
(0.602333 -0.0152253 6.92262e-19)
(0.757722 -0.0472042 3.5586e-19)
(0.896645 -0.0802075 -9.08224e-20)
(1.01707 -0.11142 3.45199e-19)
(1.11805 -0.139132 -2.21274e-19)
(1.19925 -0.162908 -6.99903e-20)
(1.2596 -0.182436 4.43097e-19)
(0.0646116 0.0153379 -2.73393e-19)
(0.20766 0.032787 3.65188e-19)
(0.36097 0.0264677 -6.66545e-19)
(0.514089 0.00820936 1.11567e-19)
(0.660743 -0.0160944 2.70156e-19)
(0.796849 -0.0431161 -3.30809e-19)
(0.919567 -0.0702852 -5.72843e-19)
(1.02699 -0.0958081 3.00995e-19)
(1.11766 -0.118712 -3.84688e-19)
(1.18924 -0.138186 5.41109e-19)
(0.0467294 0.0137703 -6.75761e-20)
(0.160858 0.0331307 -3.67625e-19)
(0.291276 0.0326957 1.74631e-19)
(0.427082 0.0215235 4.22446e-19)
(0.561894 0.0040637 -2.20323e-19)
(0.6915 -0.0171309 -2.11913e-19)
(0.812779 -0.0399131 -3.51273e-19)
(0.923376 -0.0625758 -1.57804e-19)
(1.02111 -0.0836304 -3.72747e-20)
(1.10263 -0.10145 5.41405e-19)
(0.0312478 0.0104826 1.13474e-19)
(0.1189 0.0286956 -4.99398e-19)
(0.226764 0.0316812 8.22019e-19)
(0.343972 0.0257334 -4.42596e-19)
(0.464382 0.0138258 2.78488e-19)
(0.584033 -0.00234277 -3.37687e-19)
(0.699988 -0.0211703 3.67656e-19)
(0.810007 -0.041159 3.14755e-19)
(0.911749 -0.0602498 6.75687e-19)
(1.00125 -0.0754134 -9.82873e-19)
(0.0183252 0.00603723 -3.52561e-19)
(0.0825193 0.0208087 6.33549e-19)
(0.168869 0.0251418 8.14326e-21)
(0.266914 0.0226564 -2.12315e-19)
(0.370956 0.0148719 -1.09467e-19)
(0.477502 0.00258347 8.53112e-20)
(0.584158 -0.0132756 -5.9194e-19)
(0.689369 -0.0315936 4.48266e-19)
(0.791399 -0.0497434 -5.67575e-19)
(0.886313 -0.0623693 -2.27746e-19)
(0.00803116 0.00104297 6.06722e-19)
(0.0521575 0.0109746 -1.69374e-19)
(0.118597 0.0151935 -3.05751e-19)
(0.19757 0.0148341 8.02948e-19)
(0.283858 0.0100448 -7.65885e-19)
(0.374409 0.000686826 4.17021e-19)
(0.467415 -0.0131478 4.34216e-19)
(0.562311 -0.031143 1.16466e-19)
(0.658802 -0.0506529 1.18943e-19)
(0.754656 -0.0630263 -1.48161e-19)
(0.000359832 -0.00387156 -5.80294e-19)
(0.0280138 0.000753351 4.93491e-19)
(0.0766407 0.00413204 -4.2031e-19)
(0.137359 0.00528024 5.09916e-19)
(0.205319 0.00322247 -1.47915e-19)
(0.277557 -0.00296466 -5.00657e-19)
(0.352238 -0.0140123 1.40322e-19)
(0.428956 -0.0308377 -2.26949e-19)
(0.508726 -0.0527411 -2.63897e-19)
(0.594045 -0.0699607 -7.18085e-19)
(-0.00479661 -0.00814406 -7.24935e-19)
(0.0100488 -0.00850098 5.15644e-19)
(0.0434781 -0.00607269 -9.7232e-19)
(0.0877865 -0.0033724 1.68123e-19)
(0.138496 -0.00194208 -6.32436e-19)
(0.192508 -0.00274265 -3.69618e-19)
(0.247252 -0.00609504 8.64655e-19)
(0.300781 -0.0121858 -1.15864e-18)
(0.35241 -0.0215597 2.19276e-19)
(0.399578 -0.0303025 -3.02426e-19)
(-0.00770376 -0.0113984 3.57115e-19)
(-0.00213026 -0.0159445 1.35227e-19)
(0.0191052 -0.0144433 -3.87171e-20)
(0.0498676 -0.0104377 3.57265e-19)
(0.0864588 -0.00580361 1.01864e-18)
(0.126306 -0.00149978 3.42589e-19)
(0.167409 0.00228163 3.46019e-19)
(0.208552 0.00561019 -1.17227e-19)
(0.24976 0.00788616 -1.07463e-18)
(0.288645 0.009391 2.26783e-19)
(-0.00879987 -0.0134659 -1.00842e-19)
(-0.00939751 -0.0211761 2.8708e-19)
(0.00251893 -0.0206047 -7.23838e-20)
(0.0225638 -0.015928 4.94151e-19)
(0.0479588 -0.00931376 -1.10927e-18)
(0.0767601 -0.00192063 9.17531e-20)
(0.107545 0.00572165 -5.02818e-19)
(0.139523 0.013213 7.25263e-19)
(0.172482 0.0196219 -2.08185e-19)
(0.203883 0.0242006 -2.45709e-20)
(-0.00859882 -0.0143361 -6.86312e-20)
(-0.0128843 -0.0240786 -3.45271e-19)
(-0.00781423 -0.0243916 8.35676e-19)
(0.00393885 -0.0197127 -4.26013e-19)
(0.0204825 -0.0124065 2.9063e-20)
(0.0404082 -0.00384919 1.29337e-19)
(0.0626799 0.00508819 -1.15557e-19)
(0.0866691 0.0136147 1.47161e-19)
(0.111938 0.0206446 5.00954e-19)
(0.136365 0.0253506 1.075e-19)
(-0.00759059 -0.0140973 -1.53961e-19)
(-0.0137326 -0.0247209 -1.53207e-19)
(-0.0135042 -0.0257647 -6.54425e-19)
(-0.00802899 -0.0215761 3.36929e-19)
(0.0015976 -0.0145501 -6.74724e-19)
(0.0144154 -0.00616081 1.49349e-19)
(0.029667 0.0025599 1.64138e-19)
(0.046807 0.0107012 -1.70042e-19)
(0.065304 0.0172601 -1.08059e-19)
(0.0835685 0.0214983 -3.96552e-19)
(-0.00619093 -0.0128901 1.20292e-19)
(-0.0129638 -0.023298 -2.53081e-20)
(-0.0160343 -0.0248138 4.9057e-22)
(-0.0152132 -0.0213898 -3.04099e-19)
(-0.0109166 -0.0152669 7.47378e-19)
(-0.00373689 -0.00786804 -1.13584e-19)
(0.00578257 -0.000218693 -2.77065e-19)
(0.0171639 0.00682546 3.32345e-19)
(0.0298656 0.0124493 -1.14719e-19)
(0.0427615 0.0160501 5.15825e-19)
(-0.0047261 -0.0108774 -2.25795e-20)
(-0.0114173 -0.020088 -1.1842e-19)
(-0.0166512 -0.0217522 -4.49802e-20)
(-0.0191906 -0.0191821 -5.55576e-20)
(-0.018904 -0.0142969 -1.15964e-19)
(-0.0160895 -0.00833515 -3.54845e-19)
(-0.0111198 -0.00219368 4.33839e-19)
(-0.00440409 0.00341631 2.48382e-19)
(0.00354606 0.0078851 -4.37087e-20)
(0.0119573 0.0107542 -3.15343e-19)
(-0.00343691 -0.00823003 1.28225e-19)
(-0.00973506 -0.015427 2.00423e-20)
(-0.0163212 -0.0169077 1.30561e-19)
(-0.0211796 -0.0151617 -1.4453e-20)
(-0.0237667 -0.0116527 1.11596e-19)
(-0.0241576 -0.00733302 1.22681e-19)
(-0.0225919 -0.00288985 1.79778e-19)
(-0.0194146 0.00115228 -4.99104e-19)
(-0.0150976 0.00437576 -9.04904e-20)
(-0.0101669 0.00645975 1.31137e-19)
(-0.00249049 -0.00512374 -6.47491e-20)
(-0.00837338 -0.00969493 -8.23206e-20)
(-0.0157359 -0.0107094 -3.81108e-20)
(-0.0220488 -0.00970937 1.80221e-19)
(-0.0264933 -0.00760915 8.49302e-20)
(-0.0289936 -0.0050061 1.69709e-20)
(-0.0296966 -0.00232928 -3.59619e-20)
(-0.0288978 0.000101924 -2.73403e-20)
(-0.0270362 0.00204494 2.30527e-19)
(-0.0244831 0.00330984 -1.26736e-19)
(-0.00199193 -0.00173903 3.30092e-20)
(-0.00762228 -0.00330547 3.67383e-20)
(-0.0153364 -0.00366557 -3.01473e-20)
(-0.0223501 -0.00334127 -2.66603e-20)
(-0.0277068 -0.00264333 -2.6837e-20)
(-0.0312545 -0.00177503 -4.17262e-20)
(-0.0330923 -0.000881991 1.30864e-21)
(-0.0334888 -7.1299e-05 5.54561e-20)
(-0.032865 0.000577587 -5.46957e-20)
(-0.0315178 0.00100177 8.02617e-20)
(-0.00814003 -0.00256903 3.78254e-21)
(0.0613381 -0.00662959 2.28479e-21)
(0.277514 -0.0067472 3.15417e-22)
(0.377928 -0.00438197 -2.12712e-22)
(0.479233 -0.00370871 -1.42668e-23)
(0.555972 -0.00265259 3.62821e-23)
(0.606273 -0.00220064 4.34895e-23)
(0.66365 -0.00162219 -9.5176e-24)
(0.685765 -0.00150176 -5.71532e-25)
(0.739002 -0.00106607 6.43502e-23)
(0.00865815 -0.00801175 6.01146e-21)
(0.0766021 -0.0197256 2.85873e-22)
(0.28903 -0.0200847 -4.1115e-21)
(0.386679 -0.013045 3.33086e-21)
(0.485959 -0.0110518 2.16708e-22)
(0.561203 -0.00790784 -1.46689e-22)
(0.610556 -0.00656284 1.79915e-22)
(0.667006 -0.00483543 2.08048e-23)
(0.688699 -0.00447915 4.34445e-23)
(0.741219 -0.00318453 -5.90347e-23)
(0.0419602 -0.014337 6.21114e-21)
(0.106656 -0.0323412 -8.41023e-21)
(0.311632 -0.0329618 4.22426e-21)
(0.40387 -0.0214071 -2.77562e-21)
(0.499176 -0.0181671 2.01641e-22)
(0.571498 -0.013011 -1.60755e-22)
(0.618994 -0.0108099 -6.88088e-23)
(0.673632 -0.00796795 1.73263e-24)
(0.6945 -0.00739036 -3.29818e-23)
(0.745611 -0.00526273 -8.6288e-23)
(0.0911648 -0.0220235 -9.7076e-21)
(0.150575 -0.044177 -1.17676e-20)
(0.344484 -0.0450922 -5.49373e-21)
(0.428894 -0.0292843 2.92048e-21)
(0.518429 -0.0249145 -3.59285e-21)
(0.58653 -0.0178684 9.57321e-22)
(0.631343 -0.0148701 -5.61109e-23)
(0.683354 -0.0109693 3.65544e-23)
(0.703033 -0.0101936 -3.95128e-23)
(0.752095 -0.00727489 3.20225e-23)
(0.155342 -0.0313458 2.71987e-20)
(0.207033 -0.0549459 1.71977e-20)
(0.386392 -0.0562118 6.259e-21)
(0.460885 -0.0365148 -5.72714e-21)
(0.543068 -0.0311696 2.9911e-21)
(0.605835 -0.022397 7.94196e-22)
(0.647249 -0.0186791 5.87763e-22)
(0.695924 -0.0137939 7.08957e-23)
(0.714104 -0.0128505 8.95644e-23)
(0.760551 -0.00919681 -1.70307e-22)
(0.23321 -0.0422443 -1.21945e-20)
(0.274351 -0.0643384 9.41957e-21)
(0.435868 -0.0660694 1.1719e-21)
(0.498763 -0.0429563 6.49149e-21)
(0.572284 -0.0368254 -1.49172e-21)
(0.628831 -0.0265263 -9.33894e-22)
(0.666271 -0.0221816 -6.11427e-22)
(0.711031 -0.0164024 -5.01574e-23)
(0.727468 -0.0153268 -4.71149e-23)
(0.770822 -0.0110064 1.82365e-22)
(0.323138 -0.0544523 -9.52477e-21)
(0.350558 -0.0720935 -2.48646e-20)
(0.491209 -0.0744631 -4.27014e-21)
(0.541292 -0.0484941 -3.67708e-21)
(0.605159 -0.0417988 1.7871e-21)
(0.65485 -0.0302009 -5.08952e-22)
(0.687898 -0.025333 6.49884e-22)
(0.728309 -0.0187625 1.29783e-22)
(0.742836 -0.017594 -1.44717e-23)
(0.782723 -0.0126838 7.04143e-23)
(0.423192 -0.0681474 2.83468e-20)
(0.433454 -0.0784564 6.37638e-21)
(0.550583 -0.0814479 1.76076e-20)
(0.58715 -0.0531233 -1.02891e-20)
(0.640708 -0.0460656 3.10934e-21)
(0.683173 -0.0333937 -2.13142e-21)
(0.711576 -0.0281064 -9.68424e-22)
(0.747358 -0.0208506 -1.468e-22)
(0.759887 -0.0196315 -1.36316e-22)
(0.796043 -0.0142103 1.01413e-22)
(0.531122 -0.0829711 -3.68383e-20)
(0.520693 -0.0842755 -5.74893e-21)
(0.612145 -0.0873924 -1.49763e-20)
(0.635007 -0.057047 1.25761e-20)
(0.677937 -0.0496887 -3.98813e-21)
(0.713064 -0.0361264 1.70097e-21)
(0.736731 -0.0304994 1.10568e-21)
(0.767758 -0.0226576 -8.60145e-24)
(0.778282 -0.0214259 8.95989e-23)
(0.810553 -0.0155716 -2.12975e-22)
(0.644367 -0.0909572 -2.13293e-20)
(0.609782 -0.0875759 -2.38828e-20)
(0.674135 -0.091519 3.31049e-21)
(0.683597 -0.0601879 -5.49464e-21)
(0.715896 -0.052591 -4.85484e-21)
(0.743806 -0.0383988 -1.06368e-21)
(0.762797 -0.0324995 2.23855e-22)
(0.789086 -0.0241901 -1.77261e-22)
(0.797674 -0.0229575 5.18367e-23)
(0.826011 -0.0167737 8.02364e-23)
(1.02767 -0.0588179 0)
(0.905251 -0.072225 0)
(0.883566 -0.0914842 0)
(0.853012 -0.0653789 0)
(0.851358 -0.0589172 0)
(0.855879 -0.0444642 0)
(0.859173 -0.0380972 0)
(0.868677 -0.0287871 0)
(0.870155 -0.027428 0)
(0.88365 -0.0206084 0)
(1.30454 0.00189889 0)
(1.20212 -0.0227826 0)
(1.1376 -0.0498773 0)
(1.08373 -0.0482243 0)
(1.05281 -0.0461291 0)
(1.0312 -0.038178 0)
(1.01666 -0.0332858 0)
(1.00397 -0.0270337 0)
(0.996474 -0.0254024 0)
(0.988166 -0.0210218 0)
(1.30427 0.0553918 0)
(1.25732 0.00805833 0)
(1.20953 -0.0229198 0)
(1.16834 -0.0304514 0)
(1.14195 -0.0309455 0)
(1.11875 -0.0272988 0)
(1.10398 -0.0238601 0)
(1.08534 -0.0204751 0)
(1.0771 -0.0191189 0)
(1.06007 -0.017282 0)
(1.24378 0.0494387 0)
(1.22636 0.00619874 0)
(1.19782 -0.0165177 0)
(1.17073 -0.0222052 0)
(1.1543 -0.0218896 0)
(1.13673 -0.0197258 0)
(1.12754 -0.0166303 0)
(1.11171 -0.0146472 0)
(1.10649 -0.0133527 0)
(1.09052 -0.0129899 0)
(1.17865 0.043353 0)
(1.17686 0.00607729 0)
(1.16198 -0.0111329 0)
(1.1442 -0.0155158 0)
(1.13459 -0.0153406 0)
(1.122 -0.0144707 0)
(1.11719 -0.0118461 0)
(1.10574 -0.010596 0)
(1.10322 -0.0094082 0)
(1.09138 -0.00962458 0)
(1.13015 0.0339554 0)
(1.13512 0.00579318 0)
(1.12801 -0.00730674 0)
(1.11521 -0.0109033 0)
(1.10883 -0.0110277 0)
(1.09907 -0.0109816 0)
(1.09624 -0.00886041 0)
(1.0879 -0.00795346 0)
(1.08672 -0.00695504 0)
(1.07824 -0.00725234 0)
(1.09647 0.0259037 0)
(1.10455 0.00555116 0)
(1.10211 -0.00464926 0)
(1.09214 -0.0077273 0)
(1.08707 -0.00802437 0)
(1.07864 -0.00834253 0)
(1.0763 -0.00672119 0)
(1.06954 -0.00601051 0)
(1.06876 -0.00525442 0)
(1.062 -0.00546557 0)
(1.07484 0.0178789 0)
(1.0841 0.00439295 0)
(1.08445 -0.00296559 0)
(1.07621 -0.00530787 0)
(1.07167 -0.0055701 0)
(1.06375 -0.00594407 0)
(1.06132 -0.00481144 0)
(1.05516 -0.00428871 0)
(1.05437 -0.00378009 0)
(1.04813 -0.00390026 0)
(1.0619 0.0105347 0)
(1.07159 0.0027995 0)
(1.07361 -0.00167295 0)
(1.06648 -0.00312262 0)
(1.06218 -0.0032743 0)
(1.05441 -0.00355915 0)
(1.05179 -0.00289928 0)
(1.04579 -0.00258967 0)
(1.0449 -0.00230106 0)
(1.03863 -0.00236349 0)
(1.05589 0.00345769 0)
(1.06569 0.000943628 0)
(1.0685 -0.000550698 0)
(1.06192 -0.00103312 0)
(1.0577 -0.00107548 0)
(1.04996 -0.00118255 0)
(1.04723 -0.000967044 0)
(1.04124 -0.000867676 0)
(1.04029 -0.000773631 0)
(1.03391 -0.000794335 0)
(1.41043 0.30784 3.89427e-21)
(1.42236 0.287211 1.39402e-20)
(1.42772 0.263984 -2.98197e-20)
(1.42542 0.238411 -9.32698e-21)
(1.41446 0.211039 6.40837e-20)
(1.3941 0.182778 5.85032e-20)
(1.36392 0.15494 -1.17933e-19)
(1.32385 0.12919 9.05408e-21)
(1.27402 0.10737 -3.50442e-20)
(1.19616 0.0886858 -1.64454e-19)
(1.27616 0.199638 -2.89099e-22)
(1.28861 0.189975 1.13357e-20)
(1.29995 0.179378 -1.05535e-20)
(1.30979 0.167752 2.17424e-20)
(1.31773 0.154999 -3.22391e-20)
(1.32327 0.141051 -9.67062e-21)
(1.32595 0.12591 5.12043e-20)
(1.3253 0.109695 -4.19318e-20)
(1.32139 0.0926921 -3.40352e-20)
(1.30752 0.0739088 8.77974e-21)
(1.19543 0.15205 -1.88253e-21)
(1.20594 0.149533 3.71268e-21)
(1.21659 0.146891 -5.08916e-21)
(1.22726 0.144047 -2.12775e-20)
(1.23779 0.14089 3.41167e-20)
(1.24797 0.137279 2.3421e-21)
(1.25752 0.13305 -2.19632e-20)
(1.2661 0.128029 3.76484e-20)
(1.27341 0.122035 4.54217e-21)
(1.27882 0.114083 8.78845e-21)
(1.13241 0.104117 -2.65862e-22)
(1.13946 0.102737 -1.15432e-21)
(1.14674 0.101338 -1.18951e-21)
(1.15427 0.0999298 1.04291e-20)
(1.16205 0.0985174 -1.25279e-20)
(1.17005 0.097097 5.63604e-21)
(1.17826 0.095652 -1.69968e-21)
(1.18658 0.0941475 -4.95583e-21)
(1.19491 0.0924936 2.92096e-20)
(1.20368 0.090034 -6.04238e-21)
(1.09402 0.0766833 5.63021e-24)
(1.09906 0.0763151 9.63634e-22)
(1.10425 0.0759313 6.92393e-22)
(1.10959 0.0755369 2.53181e-21)
(1.11511 0.0751355 6.52573e-21)
(1.12078 0.0747287 -6.60766e-21)
(1.12663 0.0743151 -3.32867e-21)
(1.13262 0.0738856 8.79222e-21)
(1.13876 0.0733841 -8.31469e-21)
(1.14541 0.0723378 -7.16929e-22)
(1.06743 0.0539161 -3.63233e-22)
(1.07109 0.0537775 6.91329e-24)
(1.07484 0.0536273 -4.02614e-22)
(1.07869 0.0534721 1.54393e-21)
(1.08264 0.0533184 -6.3382e-21)
(1.0867 0.0531722 1.69068e-21)
(1.09087 0.0530384 -3.02706e-21)
(1.09514 0.0529162 -4.18605e-21)
(1.09954 0.0527676 3.74218e-22)
(1.10421 0.0522784 2.15728e-21)
(1.05065 0.037889 -2.17242e-22)
(1.05341 0.0379135 1.40252e-21)
(1.05621 0.0379201 -8.25864e-22)
(1.05906 0.0379116 -1.18142e-22)
(1.06196 0.0378907 2.99101e-21)
(1.0649 0.0378598 8.16135e-22)
(1.06789 0.0378209 3.63113e-21)
(1.07091 0.0377723 -2.23255e-21)
(1.07399 0.0376878 4.86229e-21)
(1.07718 0.0373764 3.79194e-21)
(1.03969 0.0247581 -6.56617e-23)
(1.04187 0.0248001 -7.58787e-23)
(1.04408 0.0248277 5.35252e-22)
(1.0463 0.0248426 -9.16901e-22)
(1.04853 0.0248462 -1.0438e-21)
(1.05078 0.0248397 2.98785e-21)
(1.05304 0.0248238 -1.93708e-21)
(1.05531 0.0247965 1.56256e-21)
(1.05758 0.0247416 -5.09087e-22)
(1.05988 0.0245519 -5.23465e-22)
(1.0333 0.0141037 1.01106e-22)
(1.03513 0.0141456 -9.10298e-22)
(1.03696 0.0141772 4.84842e-22)
(1.0388 0.0141988 1.85925e-21)
(1.04064 0.0142109 -1.96643e-21)
(1.04247 0.0142136 6.49357e-22)
(1.04429 0.0142067 1.14532e-21)
(1.04609 0.0141886 -2.2743e-21)
(1.04789 0.0141509 2.29213e-21)
(1.04966 0.0140407 -6.2162e-22)
(1.03027 0.00453647 -2.79197e-22)
(1.03193 0.00455447 5.24917e-22)
(1.03358 0.00456943 -5.94707e-23)
(1.03524 0.00458112 1.57684e-21)
(1.03688 0.00458923 -3.34892e-22)
(1.03852 0.00459334 2.67798e-22)
(1.04014 0.00459289 -2.18542e-21)
(1.04175 0.00458697 6.26181e-22)
(1.04333 0.00457265 3.89069e-22)
(1.04489 0.00453472 2.52039e-22)
(1.11977 0.400333 -7.80811e-20)
(1.15345 0.396456 -1.80942e-20)
(1.18782 0.392533 -8.7701e-21)
(1.22122 0.387799 -7.28695e-21)
(1.25416 0.381833 -4.21277e-21)
(1.28634 0.374425 -3.31916e-21)
(1.31701 0.36536 4.87251e-21)
(1.34547 0.354396 -1.0298e-20)
(1.37105 0.341294 1.87939e-20)
(1.39299 0.325835 1.34963e-21)
(1.12154 0.249111 3.75187e-21)
(1.13975 0.247883 -2.23897e-20)
(1.15751 0.245975 -1.38998e-20)
(1.17362 0.243285 1.26982e-20)
(1.18911 0.23973 -5.75828e-21)
(1.2045 0.235252 1.45424e-21)
(1.21969 0.22985 -3.19658e-21)
(1.23453 0.223558 4.25505e-21)
(1.24895 0.216412 -3.25269e-21)
(1.26287 0.208439 -2.37292e-21)
(1.1006 0.170127 -1.36358e-21)
(1.11032 0.169556 1.01488e-20)
(1.11958 0.168489 9.34304e-21)
(1.12829 0.167062 3.65019e-21)
(1.13706 0.165375 5.28827e-22)
(1.14616 0.163471 -3.71362e-22)
(1.15555 0.161387 1.8183e-21)
(1.16517 0.159171 -2.56224e-21)
(1.17502 0.156862 1.38249e-21)
(1.18511 0.154487 4.62807e-22)
(1.07193 0.114178 8.10915e-22)
(1.07768 0.11369 1.39971e-20)
(1.08327 0.112998 4.60546e-21)
(1.08874 0.112181 -7.17644e-21)
(1.09435 0.111272 1.45233e-21)
(1.10021 0.110272 -8.87341e-22)
(1.10628 0.109182 -1.18943e-21)
(1.11253 0.10801 -3.53987e-22)
(1.11896 0.106767 7.75243e-22)
(1.12558 0.105465 -7.69658e-22)
(1.0512 0.0781303 4.00976e-22)
(1.05513 0.0782619 -5.79039e-21)
(1.05902 0.0782991 3.84489e-21)
(1.06288 0.0782734 2.07323e-21)
(1.06687 0.0781938 -2.37489e-21)
(1.07104 0.0780589 1.26253e-21)
(1.07535 0.0778692 -7.67075e-22)
(1.07981 0.0776298 -1.83512e-22)
(1.08441 0.0773475 6.11986e-23)
(1.08914 0.0770296 2.21733e-22)
(1.03604 0.0533394 2.0197e-21)
(1.03885 0.0536419 -2.74373e-22)
(1.0417 0.0538671 -4.92991e-21)
(1.04456 0.0540336 1.12424e-21)
(1.04752 0.0541478 -1.67201e-22)
(1.05059 0.054211 3.8861e-22)
(1.05377 0.054226 -1.12007e-21)
(1.05704 0.0541979 -5.71479e-23)
(1.06041 0.0541328 1.31548e-22)
(1.06388 0.0540367 -1.24535e-22)
(1.02628 0.0359788 3.17259e-21)
(1.02846 0.0363579 1.0775e-21)
(1.03068 0.0366806 2.49175e-21)
(1.03294 0.0369576 9.46869e-22)
(1.03527 0.0371938 8.11607e-22)
(1.03768 0.037391 -8.91942e-23)
(1.04015 0.0375514 2.2666e-23)
(1.04269 0.037678 -4.52486e-23)
(1.04529 0.0377743 1.54046e-22)
(1.04794 0.0378436 -1.96657e-22)
(1.01996 0.0230416 -2.90886e-22)
(1.02173 0.0233609 -3.43665e-22)
(1.02354 0.0236366 1.45174e-21)
(1.0254 0.0238756 7.71706e-22)
(1.02731 0.0240818 -1.37306e-21)
(1.02927 0.0242573 2.21459e-22)
(1.03127 0.0244042 1.95798e-22)
(1.03333 0.0245252 8.13855e-25)
(1.03542 0.0246229 -3.325e-23)
(1.03754 0.0246997 2.84192e-24)
(1.01632 0.0128697 -1.56866e-22)
(1.01784 0.0130845 1.69282e-23)
(1.01942 0.0132724 -3.57251e-22)
(1.02104 0.0134373 -7.65691e-23)
(1.02269 0.0135816 -4.74766e-23)
(1.02439 0.0137072 4.09068e-22)
(1.02612 0.0138154 -1.44778e-22)
(1.02788 0.0139078 1.58808e-22)
(1.02967 0.0139858 -1.77078e-22)
(1.03148 0.0140508 6.63462e-23)
(1.01462 0.00412984 1.57373e-22)
(1.01605 0.00419994 6.08025e-23)
(1.01752 0.00426025 -5.59873e-24)
(1.01903 0.00431255 5.40192e-22)
(1.02056 0.00435821 -1.95234e-22)
(1.02213 0.00439818 -7.54875e-23)
(1.02373 0.00443329 -1.22086e-22)
(1.02534 0.0044642 -6.32362e-23)
(1.02697 0.00449147 2.21943e-22)
(1.02862 0.00451549 -1.58476e-22)
(1.00012 0.0148093 0)
(1.00092 0.0449103 0)
(1.00238 0.0763874 0)
(1.00473 0.110057 0)
(1.0085 0.146788 0)
(1.01452 0.187455 0)
(1.024 0.232781 0)
(1.03819 0.283407 0)
(1.05954 0.337224 0)
(1.08544 0.404709 0)
(1.00018 0.0120774 0)
(1.00179 0.036309 0)
(1.00506 0.0608089 0)
(1.0102 0.0857808 0)
(1.01748 0.111385 0)
(1.02724 0.137701 0)
(1.03997 0.164652 0)
(1.05625 0.192204 0)
(1.07641 0.218627 0)
(1.10268 0.250489 0)
(1.00019 0.00921278 0)
(1.00184 0.0276587 0)
(1.00519 0.0461176 0)
(1.01037 0.0645699 0)
(1.01742 0.0829653 0)
(1.02649 0.101207 0)
(1.03773 0.119119 0)
(1.05151 0.136566 0)
(1.06742 0.152595 0)
(1.08922 0.170389 0)
(1.00015 0.00662795 0)
(1.00146 0.0198875 0)
(1.00415 0.0330712 0)
(1.00828 0.0460907 0)
(1.01385 0.0588468 0)
(1.02085 0.0712224 0)
(1.02929 0.0830618 0)
(1.03928 0.0942346 0)
(1.05034 0.104197 0)
(1.06488 0.114559 0)
(1.00011 0.00463939 0)
(1.00107 0.0139174 0)
(1.00305 0.0231146 0)
(1.0061 0.0321411 0)
(1.01019 0.040905 0)
(1.01529 0.049311 0)
(1.02136 0.0572517 0)
(1.02845 0.0646408 0)
(1.03624 0.0712013 0)
(1.04616 0.0777759 0)
(1.00008 0.00319412 0)
(1.00077 0.00958025 0)
(1.0022 0.0159022 0)
(1.0044 0.0220891 0)
(1.00734 0.0280705 0)
(1.01099 0.0337774 0)
(1.0153 0.0391377 0)
(1.02027 0.0440928 0)
(1.02571 0.0484906 0)
(1.03236 0.0527654 0)
(1.00006 0.00214655 0)
(1.00056 0.00643748 0)
(1.00161 0.0106828 0)
(1.00322 0.0148332 0)
(1.00537 0.0188399 0)
(1.00802 0.022657 0)
(1.01116 0.0262388 0)
(1.01475 0.0295483 0)
(1.0187 0.0325034 0)
(1.02338 0.0353337 0)
(1.00004 0.00136821 0)
(1.00043 0.00410294 0)
(1.00122 0.00680814 0)
(1.00244 0.00945214 0)
(1.00407 0.0120041 0)
(1.00608 0.0144349 0)
(1.00845 0.0167166 0)
(1.01116 0.0188263 0)
(1.01415 0.0207183 0)
(1.01758 0.0225104 0)
(1.00003 0.00075955 0)
(1.00035 0.00227767 0)
(1.00099 0.00377945 0)
(1.00198 0.00524746 0)
(1.0033 0.00666477 0)
(1.00494 0.00801567 0)
(1.00686 0.00928516 0)
(1.00906 0.010461 0)
(1.0115 0.0115205 0)
(1.01422 0.0125199 0)
(1.00003 0.00024339 0)
(1.00031 0.000729869 0)
(1.00088 0.00121113 0)
(1.00177 0.0016816 0)
(1.00295 0.00213589 0)
(1.0044 0.00256902 0)
(1.00612 0.00297622 0)
(1.00808 0.00335357 0)
(1.01026 0.00369397 0)
(1.01267 0.00401476 0)
(0.999561 0.000802899 9.40491e-21)
(0.99545 0.00244538 -4.15325e-21)
(0.986518 0.00419714 1.05692e-20)
(0.972665 0.00613803 -6.94759e-21)
(0.953569 0.00835888 -7.45567e-21)
(0.928491 0.0109794 2.89896e-20)
(0.896357 0.0141621 -5.51514e-21)
(0.855674 0.0181272 3.94507e-20)
(0.804372 0.0231401 2.27785e-20)
(0.73933 0.029178 -2.30684e-20)
(0.999549 0.00240394 1.13969e-20)
(0.995461 0.00732041 2.19197e-20)
(0.986616 0.0125599 3.29155e-20)
(0.972929 0.0183605 -4.55586e-20)
(0.954102 0.024993 6.15406e-21)
(0.929436 0.0328139 1.78569e-20)
(0.897915 0.0423065 -3.02163e-20)
(0.858138 0.0541242 5.12031e-20)
(0.808132 0.0690579 -1.36017e-19)
(0.745009 0.087016 1.87032e-19)
(0.999529 0.00399133 -4.01091e-20)
(0.995485 0.0121496 1.5406e-20)
(0.986811 0.0208299 -7.52602e-22)
(0.973454 0.0304248 -7.61793e-20)
(0.955161 0.0413802 1.92423e-20)
(0.931311 0.0542808 -4.36465e-20)
(0.901009 0.0699172 5.87694e-20)
(0.863035 0.0893558 -1.52432e-19)
(0.815614 0.113894 2.59459e-19)
(0.756342 0.143299 -1.99897e-19)
(0.999502 0.0055579 2.59225e-20)
(0.995523 0.0169066 -8.50202e-21)
(0.9871 0.0289516 5.3404e-20)
(0.974231 0.0422342 -9.72566e-20)
(0.956731 0.0573682 6.10154e-20)
(0.934093 0.0751524 -1.21373e-19)
(0.905599 0.0966605 -1.82072e-20)
(0.870311 0.123335 3.78986e-19)
(0.826748 0.156944 -1.08571e-19)
(0.773295 0.196988 -2.57139e-19)
(0.999475 0.00709879 -1.05785e-19)
(0.995577 0.0215684 8.14411e-20)
(0.98748 0.0368729 -3.99151e-20)
(0.975256 0.0536977 -1.72405e-19)
(0.958802 0.0728155 1.64552e-19)
(0.937758 0.0952195 -2.11733e-19)
(0.911645 0.122229 2.75062e-19)
(0.879898 0.155605 7.63289e-20)
(0.841445 0.197519 1.85834e-19)
(0.795834 0.247031 1.75463e-20)
(0.999451 0.00861212 8.39204e-20)
(0.995645 0.0261112 -1.98566e-20)
(0.987954 0.0445346 1.124e-19)
(0.976536 0.0647132 -1.25216e-19)
(0.961382 0.0875691 1.19981e-19)
(0.942308 0.114265 -3.34768e-20)
(0.919121 0.146315 6.88861e-20)
(0.891731 0.185716 -2.11888e-19)
(0.859609 0.23493 -3.5618e-19)
(0.823963 0.292359 2.16481e-19)
(0.999431 0.0101063 -4.09154e-20)
(0.995722 0.0305216 -3.3436e-20)
(0.988529 0.0518845 1.65455e-20)
(0.978101 0.0751861 -1.10902e-19)
(0.964515 0.101487 3.89632e-19)
(0.947784 0.13208 -3.17482e-19)
(0.928052 0.168609 1.5981e-19)
(0.905785 0.213203 -2.67329e-19)
(0.881181 0.268444 -7.14639e-20)
(0.857755 0.331918 5.49231e-19)
(0.999409 0.0116192 4.94098e-20)
(0.995811 0.0348511 -5.65905e-21)
(0.989252 0.0589856 -4.94973e-20)
(0.980033 0.0852069 6.05675e-20)
(0.968307 0.114695 1.71436e-19)
(0.954292 0.148813 -3.74268e-19)
(0.938524 0.189208 3.00724e-19)
(0.922084 0.237961 -6.70443e-19)
(0.906175 0.297454 5.46823e-19)
(0.897314 0.364747 -1.39736e-19)
(0.999401 0.0131824 -5.45396e-20)
(0.996012 0.0391456 6.33346e-20)
(0.990311 0.0659607 -1.12792e-19)
(0.98259 0.0950229 -6.77657e-20)
(0.973046 0.127614 1.59597e-21)
(0.962117 0.165077 9.65011e-20)
(0.950745 0.208874 -4.90204e-19)
(0.94064 0.260645 5.42534e-19)
(0.93444 0.321669 -4.74581e-19)
(0.942288 0.388969 2.10031e-19)
(0.999479 0.0144933 -3.32628e-20)
(0.996624 0.0426437 2.97997e-21)
(0.992146 0.0716873 -1.12671e-20)
(0.986304 0.103115 -8.4135e-20)
(0.979348 0.13826 -6.40765e-20)
(0.971907 0.178395 3.73977e-19)
(0.965246 0.224686 3.00986e-19)
(0.96148 0.27809 -1.36304e-19)
(0.964778 0.337937 -2.83189e-20)
(0.989591 0.399427 -6.4199e-19)
(0.999479 -0.0144933 -3.32267e-20)
(0.996624 -0.0426437 2.19822e-20)
(0.992146 -0.0716873 -9.03682e-21)
(0.986304 -0.103115 1.3861e-19)
(0.979348 -0.13826 7.82456e-20)
(0.971907 -0.178395 -3.15492e-19)
(0.965246 -0.224686 -2.61801e-19)
(0.96148 -0.27809 1.76434e-19)
(0.964778 -0.337937 1.7075e-20)
(0.989591 -0.399427 6.58673e-19)
(0.999401 -0.0131824 2.36305e-20)
(0.996012 -0.0391456 -1.32616e-19)
(0.990311 -0.0659607 7.88086e-20)
(0.98259 -0.0950229 -4.57938e-20)
(0.973046 -0.127614 -7.232e-20)
(0.962117 -0.165077 -3.96858e-20)
(0.950745 -0.208874 4.12941e-19)
(0.94064 -0.260645 -4.59744e-19)
(0.93444 -0.321669 5.34025e-19)
(0.942288 -0.388969 -2.92329e-19)
(0.999409 -0.0116192 -1.37866e-20)
(0.995811 -0.0348512 5.18619e-20)
(0.989252 -0.0589856 8.61437e-20)
(0.980033 -0.0852069 -1.69779e-20)
(0.968307 -0.114695 -2.34013e-19)
(0.954292 -0.148813 2.81638e-19)
(0.938524 -0.189208 -2.76044e-19)
(0.922084 -0.237961 6.20245e-19)
(0.906175 -0.297454 -6.09401e-19)
(0.897314 -0.364747 1.88986e-19)
(0.999431 -0.0101063 -3.67981e-21)
(0.995722 -0.0305216 6.83034e-20)
(0.988529 -0.0518845 -6.2675e-20)
(0.978101 -0.0751862 2.38572e-19)
(0.964515 -0.101487 -2.99845e-20)
(0.947784 -0.13208 -3.34863e-20)
(0.928052 -0.168609 -1.6563e-19)
(0.905785 -0.213203 1.18832e-19)
(0.881181 -0.268444 5.82416e-20)
(0.857755 -0.331918 -5.7106e-19)
(0.999451 -0.00861212 7.40692e-20)
(0.995645 -0.0261112 -2.27027e-20)
(0.987954 -0.0445347 6.33867e-20)
(0.976536 -0.0647132 1.04618e-19)
(0.961382 -0.0875691 -1.47024e-19)
(0.942308 -0.114265 -2.23756e-20)
(0.919121 -0.146315 2.04508e-20)
(0.891731 -0.185716 1.70968e-19)
(0.859609 -0.23493 3.06297e-19)
(0.823963 -0.292359 -1.80078e-19)
(0.999475 -0.0070988 -5.34768e-20)
(0.995577 -0.0215684 -2.80705e-21)
(0.98748 -0.0368729 -1.36857e-19)
(0.975256 -0.0536977 2.13354e-19)
(0.958802 -0.0728155 -1.85133e-19)
(0.937758 -0.0952195 3.57747e-19)
(0.911645 -0.122229 -4.16865e-19)
(0.879898 -0.155605 1.94912e-19)
(0.841445 -0.197519 -2.40375e-20)
(0.795834 -0.247031 2.52473e-20)
(0.999502 -0.00555791 5.24541e-20)
(0.995523 -0.0169066 -3.45408e-20)
(0.9871 -0.0289516 3.67826e-20)
(0.974231 -0.0422342 -4.94953e-20)
(0.956731 -0.0573682 1.23032e-20)
(0.934093 -0.0751524 9.00905e-20)
(0.905599 -0.0966605 8.39247e-20)
(0.870311 -0.123335 -5.27425e-19)
(0.826748 -0.156944 7.84283e-21)
(0.773295 -0.196988 2.49197e-19)
(0.999529 -0.00399134 -2.24422e-20)
(0.995485 -0.0121496 3.85478e-21)
(0.986811 -0.0208299 -4.98601e-20)
(0.973454 -0.0304248 5.7429e-20)
(0.955161 -0.0413802 -2.26157e-20)
(0.931311 -0.0542808 2.37637e-20)
(0.901009 -0.0699172 -2.69726e-20)
(0.863035 -0.0893559 1.38065e-19)
(0.815614 -0.113894 -2.76299e-19)
(0.756342 -0.143299 1.68544e-19)
(0.999549 -0.00240395 1.59151e-20)
(0.995461 -0.00732042 -7.56928e-21)
(0.986616 -0.0125599 -5.93334e-21)
(0.972929 -0.0183605 6.8545e-20)
(0.954102 -0.0249931 -1.17735e-20)
(0.929436 -0.032814 -8.42266e-21)
(0.897915 -0.0423065 -1.54496e-20)
(0.858138 -0.0541242 -3.04384e-20)
(0.808132 -0.0690579 1.44279e-19)
(0.745009 -0.087016 -2.00287e-19)
(0.999561 -0.000802907 9.02283e-21)
(0.99545 -0.00244539 -2.09112e-21)
(0.986518 -0.00419715 -1.09318e-20)
(0.972665 -0.00613804 1.61374e-20)
(0.953569 -0.0083589 1.21564e-20)
(0.928491 -0.0109794 -4.41587e-21)
(0.896357 -0.0141622 2.76693e-20)
(0.855674 -0.0181272 -5.06657e-20)
(0.804372 -0.0231401 1.75754e-21)
(0.73933 -0.029178 3.49071e-20)
(1.00003 -0.000243389 0)
(1.00031 -0.000729868 0)
(1.00088 -0.00121113 0)
(1.00177 -0.0016816 0)
(1.00295 -0.00213589 0)
(1.0044 -0.00256901 0)
(1.00612 -0.00297622 0)
(1.00808 -0.00335357 0)
(1.01026 -0.00369397 0)
(1.01267 -0.00401476 0)
(1.00003 -0.000759548 0)
(1.00035 -0.00227766 0)
(1.00099 -0.00377945 0)
(1.00198 -0.00524745 0)
(1.0033 -0.00666477 0)
(1.00494 -0.00801567 0)
(1.00686 -0.00928516 0)
(1.00906 -0.010461 0)
(1.0115 -0.0115205 0)
(1.01422 -0.0125199 0)
(1.00004 -0.00136821 0)
(1.00043 -0.00410293 0)
(1.00122 -0.00680814 0)
(1.00244 -0.00945214 0)
(1.00407 -0.0120041 0)
(1.00608 -0.0144349 0)
(1.00845 -0.0167166 0)
(1.01116 -0.0188263 0)
(1.01415 -0.0207183 0)
(1.01758 -0.0225104 0)
(1.00006 -0.00214655 0)
(1.00056 -0.00643747 0)
(1.00161 -0.0106828 0)
(1.00322 -0.0148331 0)
(1.00537 -0.0188399 0)
(1.00802 -0.022657 0)
(1.01116 -0.0262387 0)
(1.01475 -0.0295483 0)
(1.0187 -0.0325034 0)
(1.02338 -0.0353337 0)
(1.00008 -0.00319411 0)
(1.00077 -0.00958025 0)
(1.0022 -0.0159022 0)
(1.0044 -0.0220891 0)
(1.00734 -0.0280705 0)
(1.01099 -0.0337774 0)
(1.0153 -0.0391377 0)
(1.02027 -0.0440928 0)
(1.02571 -0.0484906 0)
(1.03236 -0.0527653 0)
(1.00011 -0.00463939 0)
(1.00107 -0.0139174 0)
(1.00305 -0.0231146 0)
(1.0061 -0.0321411 0)
(1.01019 -0.040905 0)
(1.01529 -0.049311 0)
(1.02136 -0.0572516 0)
(1.02845 -0.0646408 0)
(1.03624 -0.0712013 0)
(1.04616 -0.0777759 0)
(1.00015 -0.00662795 0)
(1.00146 -0.0198875 0)
(1.00415 -0.0330712 0)
(1.00828 -0.0460907 0)
(1.01385 -0.0588468 0)
(1.02085 -0.0712223 0)
(1.02929 -0.0830618 0)
(1.03928 -0.0942346 0)
(1.05034 -0.104197 0)
(1.06488 -0.114559 0)
(1.00019 -0.00921278 0)
(1.00184 -0.0276587 0)
(1.00519 -0.0461175 0)
(1.01037 -0.0645699 0)
(1.01742 -0.0829652 0)
(1.02649 -0.101207 0)
(1.03773 -0.119119 0)
(1.05151 -0.136566 0)
(1.06742 -0.152595 0)
(1.08922 -0.170389 0)
(1.00018 -0.0120774 0)
(1.00179 -0.036309 0)
(1.00506 -0.0608089 0)
(1.0102 -0.0857808 0)
(1.01748 -0.111385 0)
(1.02724 -0.137701 0)
(1.03997 -0.164652 0)
(1.05625 -0.192204 0)
(1.07641 -0.218627 0)
(1.10268 -0.250489 0)
(1.00012 -0.0148093 0)
(1.00092 -0.0449103 0)
(1.00238 -0.0763874 0)
(1.00473 -0.110057 0)
(1.0085 -0.146788 0)
(1.01452 -0.187455 0)
(1.024 -0.232781 0)
(1.03819 -0.283407 0)
(1.05954 -0.337224 0)
(1.08544 -0.404709 0)
(1.01462 -0.00412984 1.21021e-22)
(1.01605 -0.00419994 1.59557e-22)
(1.01752 -0.00426025 2.10151e-22)
(1.01903 -0.00431255 1.28993e-23)
(1.02056 -0.00435821 -3.65021e-22)
(1.02213 -0.00439818 1.21016e-22)
(1.02373 -0.00443328 1.21317e-22)
(1.02534 -0.0044642 4.82279e-23)
(1.02697 -0.00449147 -2.2139e-22)
(1.02862 -0.00451549 1.53722e-22)
(1.01632 -0.0128697 -3.06973e-22)
(1.01784 -0.0130845 1.06714e-21)
(1.01942 -0.0132724 -9.92365e-22)
(1.02104 -0.0134373 -1.19817e-22)
(1.02269 -0.0135816 5.28918e-23)
(1.02439 -0.0137072 -2.67039e-22)
(1.02612 -0.0138154 1.88166e-22)
(1.02788 -0.0139078 -1.42023e-22)
(1.02967 -0.0139858 2.48045e-22)
(1.03148 -0.0140508 -5.02549e-23)
(1.01996 -0.0230416 -3.49374e-22)
(1.02173 -0.0233609 -1.84534e-22)
(1.02354 -0.0236366 7.6083e-22)
(1.0254 -0.0238756 9.24345e-22)
(1.02731 -0.0240818 -2.07781e-23)
(1.02927 -0.0242572 -3.68662e-22)
(1.03127 -0.0244042 -1.48583e-22)
(1.03333 -0.0245252 -2.29854e-25)
(1.03542 -0.0246229 -4.79955e-23)
(1.03754 -0.0246997 3.58041e-23)
(1.02628 -0.0359788 2.77702e-21)
(1.02846 -0.0363579 3.19412e-21)
(1.03068 -0.0366806 -1.12104e-21)
(1.03294 -0.0369576 2.05446e-21)
(1.03527 -0.0371938 4.77674e-22)
(1.03768 -0.037391 1.11174e-21)
(1.04015 -0.0375514 -3.6883e-23)
(1.04269 -0.037678 2.21883e-23)
(1.04529 -0.0377743 -2.18988e-22)
(1.04794 -0.0378436 6.3021e-23)
(1.03604 -0.0533393 1.90317e-21)
(1.03885 -0.0536419 3.87139e-22)
(1.0417 -0.0538671 -2.64653e-21)
(1.04456 -0.0540336 -1.78263e-21)
(1.04752 -0.0541478 7.8892e-22)
(1.05059 -0.054211 -2.36445e-21)
(1.05377 -0.054226 6.78699e-22)
(1.05704 -0.0541979 2.43734e-23)
(1.06041 -0.0541327 -1.13774e-22)
(1.06388 -0.0540367 1.25225e-22)
(1.0512 -0.0781303 -3.87309e-22)
(1.05513 -0.0782618 -5.84683e-21)
(1.05902 -0.0782991 5.50277e-21)
(1.06288 -0.0782733 -1.71942e-21)
(1.06687 -0.0781938 -2.6243e-21)
(1.07104 -0.0780589 2.63134e-21)
(1.07535 -0.0778692 8.32379e-22)
(1.07981 -0.0776298 2.32788e-22)
(1.08441 -0.0773475 -2.2533e-23)
(1.08914 -0.0770296 4.56837e-23)
(1.07193 -0.114178 -5.25161e-21)
(1.07768 -0.11369 1.86945e-20)
(1.08327 -0.112998 -3.50142e-21)
(1.08874 -0.112181 2.58196e-22)
(1.09435 -0.111272 2.45413e-21)
(1.10021 -0.110272 -3.12713e-21)
(1.10628 -0.109182 1.5658e-21)
(1.11253 -0.10801 -6.25458e-22)
(1.11896 -0.106767 2.3362e-22)
(1.12558 -0.105465 -3.36181e-23)
(1.1006 -0.170127 5.89521e-21)
(1.11032 -0.169556 2.85009e-21)
(1.11958 -0.168489 1.65215e-20)
(1.12829 -0.167062 -6.76856e-21)
(1.13706 -0.165375 1.44304e-21)
(1.14616 -0.163471 2.64394e-21)
(1.15555 -0.161387 8.19977e-22)
(1.16517 -0.159171 2.44603e-22)
(1.17502 -0.156862 -1.43123e-21)
(1.18511 -0.154487 1.37028e-21)
(1.12154 -0.249111 2.65496e-21)
(1.13975 -0.247883 -1.98946e-20)
(1.15751 -0.245975 -1.90751e-20)
(1.17362 -0.243285 9.99358e-21)
(1.18911 -0.23973 1.70019e-21)
(1.2045 -0.235252 2.58101e-22)
(1.21969 -0.22985 -3.76803e-21)
(1.23453 -0.223558 5.98893e-21)
(1.24895 -0.216412 -6.79643e-21)
(1.26287 -0.208439 -1.05666e-23)
(1.11977 -0.400333 6.13832e-20)
(1.15345 -0.396456 2.01309e-20)
(1.18782 -0.392533 1.0204e-20)
(1.22122 -0.387799 -8.50053e-21)
(1.25416 -0.381833 5.74919e-21)
(1.28634 -0.374425 3.85116e-22)
(1.31701 -0.36536 -6.42177e-22)
(1.34547 -0.354396 3.39455e-21)
(1.37105 -0.341294 6.5588e-21)
(1.39299 -0.325835 -1.89504e-22)
(1.03027 -0.00453647 2.85656e-22)
(1.03193 -0.00455447 -5.26412e-22)
(1.03358 -0.00456942 1.664e-22)
(1.03524 -0.00458112 -1.60681e-21)
(1.03688 -0.00458923 6.44141e-22)
(1.03852 -0.00459334 1.72752e-21)
(1.04014 -0.00459289 -3.3735e-22)
(1.04175 -0.00458696 -7.7553e-23)
(1.04333 -0.00457264 1.33971e-22)
(1.04489 -0.00453471 3.37269e-22)
(1.0333 -0.0141037 -1.23631e-22)
(1.03513 -0.0141456 6.86509e-22)
(1.03696 -0.0141772 -6.168e-22)
(1.0388 -0.0141988 -1.37894e-21)
(1.04064 -0.0142109 2.52137e-21)
(1.04247 -0.0142136 -9.47397e-23)
(1.04429 -0.0142066 1.12531e-21)
(1.04609 -0.0141886 -8.6367e-22)
(1.04789 -0.0141509 -1.65357e-22)
(1.04966 -0.0140407 -3.07577e-22)
(1.03969 -0.0247581 6.77201e-24)
(1.04187 -0.0248001 -2.07624e-23)
(1.04408 -0.0248277 1.22347e-22)
(1.0463 -0.0248426 9.82481e-22)
(1.04853 -0.0248462 3.15686e-22)
(1.05078 -0.0248397 -1.09938e-21)
(1.05304 -0.0248238 -2.1116e-21)
(1.05531 -0.0247965 3.05483e-21)
(1.05758 -0.0247416 -8.12041e-22)
(1.05988 -0.0245519 -4.21087e-22)
(1.05065 -0.0378889 4.25193e-22)
(1.05341 -0.0379135 -6.79661e-22)
(1.05621 -0.0379201 9.72037e-22)
(1.05906 -0.0379116 -8.99636e-23)
(1.06196 -0.0378906 -2.68677e-22)
(1.0649 -0.0378597 2.05411e-21)
(1.06789 -0.0378208 1.76781e-21)
(1.07091 -0.0377723 4.21002e-21)
(1.07399 -0.0376878 1.34438e-21)
(1.07718 -0.0373764 4.38705e-21)
(1.06743 -0.0539161 3.58775e-22)
(1.07109 -0.0537774 -1.39291e-22)
(1.07484 -0.0536272 -1.40577e-21)
(1.07869 -0.0534721 -3.43619e-21)
(1.08264 -0.0533184 9.70596e-22)
(1.0867 -0.0531722 -3.67433e-22)
(1.09087 -0.0530384 1.72293e-21)
(1.09514 -0.0529161 -7.98764e-21)
(1.09954 -0.0527676 -5.88228e-22)
(1.10421 -0.0522784 2.31022e-21)
(1.09402 -0.0766832 -4.05713e-22)
(1.09906 -0.0763151 -1.1644e-21)
(1.10425 -0.0759313 1.8675e-21)
(1.10959 -0.0755369 -2.57391e-21)
(1.11511 -0.0751355 5.0755e-21)
(1.12078 -0.0747287 -4.47464e-21)
(1.12663 -0.074315 4.11079e-21)
(1.13262 -0.0738856 6.09364e-21)
(1.13876 -0.0733841 -8.10893e-21)
(1.14541 -0.0723378 3.11194e-22)
(1.13241 -0.104117 1.35122e-21)
(1.13946 -0.102737 -1.29639e-21)
(1.14674 -0.101338 -1.82937e-21)
(1.15427 -0.0999297 -9.36337e-22)
(1.16205 -0.0985173 -3.11686e-21)
(1.17005 -0.0970969 3.88021e-21)
(1.17826 -0.0956519 -1.37923e-20)
(1.18658 -0.0941475 8.9819e-21)
(1.19491 -0.0924935 2.3299e-20)
(1.20368 -0.090034 1.46458e-21)
(1.19543 -0.15205 -4.18858e-22)
(1.20594 -0.149533 -3.11913e-21)
(1.21659 -0.146891 6.07759e-21)
(1.22726 -0.144047 -1.04385e-20)
(1.23779 -0.140889 -3.48233e-21)
(1.24797 -0.137279 8.3729e-21)
(1.25752 -0.13305 1.09831e-20)
(1.2661 -0.128029 1.84312e-20)
(1.27341 -0.122035 1.70526e-20)
(1.27882 -0.114083 -2.81509e-21)
(1.27616 -0.199638 3.14441e-21)
(1.28861 -0.189975 5.24891e-21)
(1.29995 -0.179378 -5.57397e-21)
(1.30979 -0.167752 1.91228e-20)
(1.31773 -0.154999 -2.18842e-20)
(1.32327 -0.141051 -4.21477e-20)
(1.32595 -0.12591 6.54734e-20)
(1.3253 -0.109695 -3.08342e-20)
(1.32139 -0.092692 -3.80022e-20)
(1.30752 -0.0739087 1.02381e-20)
(1.41043 -0.30784 -5.25053e-21)
(1.42236 -0.28721 -5.04121e-21)
(1.42772 -0.263984 4.6259e-20)
(1.42542 -0.238411 -7.58008e-21)
(1.41446 -0.211039 -3.42436e-20)
(1.3941 -0.182778 -1.95453e-20)
(1.36392 -0.154939 2.22187e-20)
(1.32385 -0.12919 -3.97704e-21)
(1.27402 -0.10737 4.0199e-20)
(1.19616 -0.0886856 1.31593e-19)
(1.05589 -0.00345768 0)
(1.06569 -0.000943623 0)
(1.0685 0.000550702 0)
(1.06192 0.00103313 0)
(1.0577 0.0010755 0)
(1.04996 0.00118254 0)
(1.04723 0.000967002 0)
(1.04124 0.000867591 0)
(1.04029 0.000773621 0)
(1.03391 0.000794395 0)
(1.0619 -0.0105347 0)
(1.07159 -0.00279949 0)
(1.07361 0.00167296 0)
(1.06648 0.00312267 0)
(1.06218 0.00327438 0)
(1.05441 0.00355911 0)
(1.05179 0.00289915 0)
(1.04579 0.0025894 0)
(1.0449 0.00230103 0)
(1.03863 0.00236367 0)
(1.07484 -0.0178789 0)
(1.0841 -0.00439293 0)
(1.08445 0.0029656 0)
(1.07621 0.00530797 0)
(1.07167 0.00557023 0)
(1.06375 0.005944 0)
(1.06132 0.00481121 0)
(1.05516 0.00428823 0)
(1.05437 0.00378003 0)
(1.04813 0.00390058 0)
(1.09647 -0.0259037 0)
(1.10455 -0.00555113 0)
(1.10211 0.00464927 0)
(1.09214 0.00772747 0)
(1.08707 0.00802457 0)
(1.07863 0.00834242 0)
(1.0763 0.00672084 0)
(1.06954 0.00600979 0)
(1.06876 0.00525432 0)
(1.062 0.00546605 0)
(1.13015 -0.0339554 0)
(1.13512 -0.00579315 0)
(1.12801 0.00730674 0)
(1.11521 0.0109036 0)
(1.10883 0.011028 0)
(1.09907 0.0109814 0)
(1.09624 0.00885991 0)
(1.0879 0.00795243 0)
(1.08672 0.0069549 0)
(1.07824 0.007253 0)
(1.17865 -0.043353 0)
(1.17686 -0.00607728 0)
(1.16198 0.0111329 0)
(1.1442 0.0155162 0)
(1.13459 0.015341 0)
(1.122 0.0144704 0)
(1.11719 0.0118454 0)
(1.10574 0.0105946 0)
(1.10322 0.00940796 0)
(1.09138 0.00962543 0)
(1.24378 -0.0494387 0)
(1.22636 -0.00619877 0)
(1.19782 0.0165177 0)
(1.17073 0.0222059 0)
(1.1543 0.0218902 0)
(1.13673 0.0197254 0)
(1.12754 0.0166294 0)
(1.11171 0.0146454 0)
(1.10649 0.0133523 0)
(1.09052 0.0129909 0)
(1.30427 -0.0553918 0)
(1.25732 -0.00805848 0)
(1.20953 0.0229198 0)
(1.16834 0.0304523 0)
(1.14195 0.0309464 0)
(1.11874 0.0272985 0)
(1.10398 0.023859 0)
(1.08534 0.0204728 0)
(1.0771 0.0191181 0)
(1.06008 0.017283 0)
(1.30454 -0.00189888 0)
(1.20212 0.0227823 0)
(1.1376 0.0498772 0)
(1.08373 0.0482253 0)
(1.05281 0.0461303 0)
(1.0312 0.038178 0)
(1.01666 0.0332849 0)
(1.00397 0.027031 0)
(0.996475 0.025401 0)
(0.988167 0.0210225 0)
(1.02767 0.058818 0)
(0.90525 0.0722246 0)
(0.883566 0.0914837 0)
(0.853014 0.0653798 0)
(0.851359 0.0589188 0)
(0.855878 0.044465 0)
(0.859171 0.0380967 0)
(0.868673 0.028784 0)
(0.870155 0.0274256 0)
(0.883651 0.0206087 0)
(0.644367 0.0909574 5.85091e-20)
(0.609781 0.0875754 -8.52137e-21)
(0.674136 0.0915183 -3.52606e-21)
(0.6836 0.0601889 3.18466e-21)
(0.715897 0.052593 4.04803e-21)
(0.743805 0.0383999 -9.95781e-23)
(0.762795 0.0324991 -4.27391e-22)
(0.789083 0.0241867 -3.54768e-23)
(0.797674 0.0229545 -3.51506e-24)
(0.826012 0.0167738 8.97085e-23)
(0.531121 0.0829713 -5.31484e-21)
(0.520693 0.0842749 -1.09124e-20)
(0.612146 0.0873917 7.84518e-21)
(0.635009 0.0570481 -5.34023e-21)
(0.677938 0.0496908 -4.21384e-22)
(0.713063 0.0361275 1.00046e-21)
(0.73673 0.030499 1.54577e-22)
(0.767755 0.0226541 4.93805e-22)
(0.778282 0.0214228 2.12191e-23)
(0.810554 0.0155717 -2.00086e-22)
(0.423191 0.0681476 4.44e-20)
(0.433454 0.0784558 6.29196e-21)
(0.550583 0.0814471 5.2186e-21)
(0.587152 0.0531243 7.19022e-21)
(0.640709 0.0460679 -1.63255e-21)
(0.683172 0.0333949 -5.06092e-22)
(0.711574 0.028106 -8.22136e-22)
(0.747355 0.0208471 -3.54854e-22)
(0.759887 0.0196283 -6.65517e-23)
(0.796044 0.0142104 1.08122e-22)
(0.323138 0.0544524 -8.82998e-20)
(0.350558 0.0720929 9.68061e-21)
(0.491209 0.0744622 -1.76374e-20)
(0.541294 0.0484952 8.20528e-22)
(0.60516 0.0418012 -3.66772e-22)
(0.654849 0.0302022 1.72167e-21)
(0.687896 0.0253327 -1.15666e-22)
(0.728307 0.0187589 1.12614e-23)
(0.742836 0.0175906 3.50135e-24)
(0.782724 0.0126838 7.13904e-23)
(0.233209 0.0422445 7.09155e-20)
(0.27435 0.0643378 -2.9544e-20)
(0.435869 0.0660684 -4.38482e-21)
(0.498765 0.0429574 3.37018e-21)
(0.572285 0.0368279 1.04089e-21)
(0.62883 0.0265277 -1.30593e-21)
(0.666269 0.0221813 -3.23292e-22)
(0.711029 0.0163987 -1.56646e-22)
(0.727468 0.0153232 -4.44237e-23)
(0.770823 0.0110064 1.74706e-22)
(0.155342 0.031346 -6.61694e-21)
(0.207032 0.0549452 3.12024e-20)
(0.386392 0.0562108 3.24524e-21)
(0.460887 0.0365159 -3.87066e-21)
(0.543068 0.0311722 4.64025e-21)
(0.605835 0.0223984 1.66174e-22)
(0.647248 0.0186789 5.81076e-22)
(0.695923 0.0137902 4.84944e-23)
(0.714104 0.0128468 1.23567e-22)
(0.760552 0.00919673 -1.82114e-22)
(0.0911647 0.0220237 -2.9281e-20)
(0.150575 0.0441763 -4.4853e-21)
(0.344484 0.0450911 1.19473e-20)
(0.428896 0.0292855 -1.75659e-21)
(0.51843 0.0249172 -2.00531e-21)
(0.58653 0.0178699 3.14388e-22)
(0.631342 0.0148699 -1.22399e-22)
(0.683352 0.0109655 3.3583e-23)
(0.703033 0.0101899 -2.44325e-23)
(0.752096 0.00727477 3.11288e-23)
(0.04196 0.0143372 6.78332e-21)
(0.106655 0.0323404 1.2249e-23)
(0.311632 0.0329606 3.72959e-21)
(0.403871 0.0214082 -1.69369e-21)
(0.499176 0.0181699 -4.19781e-22)
(0.571497 0.0130125 2.75156e-22)
(0.618993 0.0108097 -1.80952e-22)
(0.673631 0.00796411 4.70422e-23)
(0.6945 0.00738659 -4.42343e-23)
(0.745612 0.00526258 -8.95203e-23)
(0.00865807 0.00801194 4.64269e-21)
(0.0766019 0.0197248 -5.54993e-21)
(0.28903 0.0200835 -4.53902e-21)
(0.38668 0.0130462 1.04975e-21)
(0.485959 0.0110546 2.76948e-22)
(0.561203 0.00790938 -1.95482e-22)
(0.610555 0.00656265 1.37556e-22)
(0.667006 0.00483156 2.4453e-23)
(0.688699 0.00447533 3.40129e-23)
(0.741219 0.00318437 -5.91024e-23)
(-0.00814005 0.00256922 -4.55326e-22)
(0.0613381 0.00662876 3.51136e-21)
(0.277514 0.00674598 1.37501e-21)
(0.377928 0.00438313 -8.29211e-23)
(0.479233 0.00371151 2.46739e-22)
(0.555972 0.00265414 -4.63619e-23)
(0.606273 0.00220046 4.02025e-23)
(0.663649 0.00161831 4.83412e-24)
(0.685765 0.00149792 4.96991e-25)
(0.739002 0.0010659 6.28246e-23)
)
;

boundaryField
{
    inlet
    {
        type            uniformFixedValue;
        uniformValue    constant (1 0 0);
        value           uniform (1 0 0);
    }
    outlet
    {
        type            pressureInletOutletVelocity;
        value           nonuniform List<vector> 
40
(
(0.88365 -0.0206084 0)
(0.988166 -0.0210218 0)
(1.06007 -0.017282 0)
(1.09052 -0.0129899 0)
(1.09138 -0.00962458 0)
(1.07824 -0.00725234 0)
(1.062 -0.00546557 0)
(1.04813 -0.00390026 0)
(1.03863 -0.00236349 0)
(1.03391 -0.000794335 0)
(0.739002 -0.00106607 6.43502e-23)
(0.741219 -0.00318453 -5.90347e-23)
(0.745611 -0.00526273 -8.6288e-23)
(0.752095 -0.00727489 3.20225e-23)
(0.760551 -0.00919681 -1.70307e-22)
(0.770822 -0.0110064 1.82365e-22)
(0.782723 -0.0126838 7.04143e-23)
(0.796043 -0.0142103 1.01413e-22)
(0.810553 -0.0155716 -2.12975e-22)
(0.826011 -0.0167737 8.02364e-23)
(0.826012 0.0167738 8.97085e-23)
(0.810554 0.0155717 -2.00086e-22)
(0.796044 0.0142104 1.08122e-22)
(0.782724 0.0126838 7.13904e-23)
(0.770823 0.0110064 1.74706e-22)
(0.760552 0.00919673 -1.82114e-22)
(0.752096 0.00727477 3.11288e-23)
(0.745612 0.00526258 -8.95203e-23)
(0.741219 0.00318437 -5.91024e-23)
(0.739002 0.0010659 6.28246e-23)
(1.03391 0.000794395 0)
(1.03863 0.00236367 0)
(1.04813 0.00390058 0)
(1.062 0.00546605 0)
(1.07824 0.007253 0)
(1.09138 0.00962543 0)
(1.09052 0.0129909 0)
(1.06008 0.017283 0)
(0.988167 0.0210225 0)
(0.883651 0.0206087 0)
)
;
    }
    cylinder
    {
        type            fixedValue;
        value           uniform (0 0 0);
    }
    top
    {
        type            symmetryPlane;
    }
    bottom
    {
        type            symmetryPlane;
    }
    defaultFaces
    {
        type            empty;
    }
}


// ************************************************************************* //
