/*--------------------------------*- C++ -*----------------------------------*\
  =========                 |
  \\      /  F ield         | OpenFOAM: The Open Source CFD Toolbox
   \\    /   O peration     | Website:  https://openfoam.org
    \\  /    A nd           | Version:  6.0
     \\/     M anipulation  |
\*---------------------------------------------------------------------------*/
FoamFile
{
    version     2.0;
    format      ascii;
    class       volVectorField;
    location    "40";
    object      U;
}
// * * * * * * * * * * * * * * * * * * * * * * * * * * * * * * * * * * * * * //

dimensions      [0 1 -1 0 0 0 0];

internalField   nonuniform List<vector> 
2000
(
(-0.00199129 0.00173847 5.72946e-20)
(-0.00762178 0.00330273 6.80484e-20)
(-0.0153305 0.00366197 -6.48732e-20)
(-0.0223329 0.00333758 -1.32375e-19)
(-0.027681 0.00263983 -9.24712e-20)
(-0.031222 0.00177187 1.23191e-19)
(-0.0330533 0.000879094 7.17553e-20)
(-0.033444 6.82113e-05 -2.90273e-20)
(-0.0328263 -0.000581651 -7.24628e-20)
(-0.0314949 -0.0010066 5.2835e-20)
(-0.00248977 0.00512152 -1.42018e-19)
(-0.00837088 0.00968578 1.96052e-19)
(-0.0157255 0.0106977 1.955e-20)
(-0.0220255 0.00969744 -1.13561e-19)
(-0.0264598 0.00759803 5.43401e-19)
(-0.0289522 0.00499633 -2.39157e-19)
(-0.0296479 0.00232068 -2.58737e-19)
(-0.0288424 -0.000110621 3.1207e-19)
(-0.0269844 -0.00205584 -3.07774e-19)
(-0.024446 -0.00332252 1.55267e-19)
(-0.00343584 0.00822515 2.35867e-20)
(-0.00972829 0.0154099 8.38888e-21)
(-0.0163018 0.0168864 5.87563e-19)
(-0.0211439 0.0151404 2.06112e-19)
(-0.0237178 0.0116331 4.08787e-20)
(-0.0240983 0.00731644 3.38049e-19)
(-0.0225236 0.00287612 -6.42079e-19)
(-0.019338 -0.00116502 1.39255e-20)
(-0.0150193 -0.0043902 -3.7968e-19)
(-0.0101015 -0.0064758 4.18263e-19)
(-0.00472415 0.0108683 -4.43688e-20)
(-0.0114036 0.0200607 2.55261e-19)
(-0.0166179 0.0217193 -7.43713e-19)
(-0.0191363 0.0191493 -9.6132e-20)
(-0.0188319 0.0142674 -5.47398e-19)
(-0.0160031 0.00831112 5.6692e-19)
(-0.011022 0.00217533 -6.01326e-19)
(-0.0042953 -0.00343093 4.22302e-19)
(0.00366457 -0.00789788 1.77537e-19)
(0.0120656 -0.0107664 -2.00613e-19)
(-0.00618718 0.0128751 -4.93826e-19)
(-0.0129401 0.0232578 4.45617e-21)
(-0.0159823 0.0247668 9.16146e-19)
(-0.0151341 0.0213429 2.74658e-19)
(-0.0108141 0.015225 -8.73313e-19)
(-0.00361491 0.00783487 5.43044e-19)
(0.00591962 0.000195374 6.15532e-19)
(0.0173158 -0.00684005 -5.48794e-19)
(0.0300381 -0.0124541 3.91287e-19)
(0.0429269 -0.0160491 9.60851e-20)
(-0.00758387 0.0140746 6.75027e-20)
(-0.0136958 0.0246653 1.25197e-20)
(-0.013429 0.0257009 -1.17129e-18)
(-0.00792018 0.0215116 -6.55273e-19)
(0.00173661 0.0144919 7.81685e-19)
(0.0145802 0.00611489 -9.15387e-19)
(0.0298516 -0.00259073 1.04894e-18)
(0.0470116 -0.0107158 -9.06052e-20)
(0.0655431 -0.0172509 -2.951e-19)
(0.0838037 -0.021473 -8.57693e-19)
(-0.0085879 0.0143043 -1.46882e-19)
(-0.0128317 0.0240059 -2.68268e-19)
(-0.00771293 0.0243089 -3.29582e-19)
(0.00408024 0.0196268 7.03088e-19)
(0.0206611 0.0123265 1.30423e-18)
(0.0406199 0.00378395 -2.69565e-19)
(0.0629172 -0.00513335 -6.56077e-19)
(0.086933 -0.0136338 2.00104e-19)
(0.112254 -0.0206168 -1.26018e-18)
(0.136679 -0.0252858 1.38419e-18)
(-0.00878378 0.0134243 8.98338e-19)
(-0.00932784 0.0210861 -4.90355e-19)
(0.00264679 0.0205023 9.57325e-19)
(0.0227369 0.0158172 -1.56407e-18)
(0.0481755 0.00920503 -7.47341e-19)
(0.077017 0.00182526 -1.03516e-18)
(0.107833 -0.0057955 3.00744e-19)
(0.139847 -0.0132505 -8.37337e-19)
(0.172882 -0.0195756 1.82344e-18)
(0.20428 -0.0240831 5.10438e-19)
(-0.0076822 0.0113476 6.61327e-20)
(-0.00204427 0.015839 7.98749e-19)
(0.0192564 0.0143222 1.5873e-18)
(0.0500664 0.0102996 4.85047e-19)
(0.0867046 0.00565843 1.43566e-18)
(0.126598 0.00135877 7.86914e-20)
(0.167737 -0.00240894 -7.11092e-22)
(0.208925 -0.00569469 5.78802e-19)
(0.250239 -0.00784162 4.68152e-19)
(0.289122 -0.00926613 -1.51941e-18)
(-0.00477034 0.00808573 -5.32136e-19)
(0.0101475 0.00838427 -8.91252e-19)
(0.0436449 0.00593736 -1.29547e-18)
(0.0879983 0.00320829 3.06119e-20)
(0.138753 0.00175568 -6.60422e-19)
(0.192809 0.00254125 1.0409e-18)
(0.247592 0.00588729 -2.86573e-18)
(0.301166 0.0120126 1.28658e-18)
(0.352889 0.0215119 4.83596e-19)
(0.400037 0.0302438 1.51728e-18)
(0.000388899 0.0038084 2.66193e-19)
(0.0281188 -0.000874849 -1.01901e-18)
(0.0768111 -0.00427358 9.09881e-19)
(0.137565 -0.00546251 -3.53004e-19)
(0.205557 -0.00344391 3.83972e-19)
(0.277824 0.00270588 8.35934e-19)
(0.352533 0.0137234 -1.12234e-18)
(0.42928 0.0305501 1.45822e-19)
(0.509043 0.0524497 -5.37811e-19)
(0.594177 0.0694497 1.09118e-18)
(0.00806052 -0.00110812 3.81389e-19)
(0.0522612 -0.0110936 -9.23866e-19)
(0.118758 -0.0153303 1.25877e-18)
(0.197751 -0.01502 -7.83923e-19)
(0.284052 -0.010281 -2.87577e-19)
(0.374608 -0.000973998 1.7026e-19)
(0.467611 0.0128126 8.80277e-20)
(0.562494 0.030767 1.19404e-18)
(0.658909 0.0501734 3.43738e-19)
(0.754565 0.0623362 1.46952e-18)
(0.0183524 -0.00610216 -3.4042e-19)
(0.0826139 -0.0209192 1.19451e-18)
(0.169009 -0.0252646 -9.96706e-19)
(0.267058 -0.0228323 -1.16893e-18)
(0.371092 -0.0151024 1.63547e-18)
(0.47762 -0.00286783 -1.24352e-18)
(0.584244 0.0129406 3.28471e-19)
(0.689411 0.0312109 -1.94723e-18)
(0.791339 0.0492607 1.45861e-18)
(0.886047 0.0617456 7.28778e-20)
(0.0312707 -0.010546 -4.43648e-19)
(0.118978 -0.0287944 -4.28458e-19)
(0.226871 -0.0317852 -9.12371e-19)
(0.344066 -0.0258926 1.10591e-18)
(0.464451 -0.014041 -5.58585e-20)
(0.584065 0.00207422 7.14971e-19)
(0.699973 0.0208518 1.30431e-18)
(0.809935 0.0407938 -4.00819e-19)
(0.911582 0.059806 -1.41771e-18)
(1.00091 0.0748749 2.8147e-18)
(0.0467458 -0.0138318 -2.29317e-19)
(0.160912 -0.0332174 -2.7353e-19)
(0.291342 -0.032781 4.92244e-19)
(0.427117 -0.0216658 -9.14951e-19)
(0.561888 -0.00426311 1.56314e-19)
(0.691445 0.0168786 1.39105e-19)
(0.812668 0.0396107 6.10045e-20)
(0.923205 0.0622277 -9.85859e-21)
(1.02086 0.0832265 -1.49438e-19)
(1.10226 0.100989 -2.37957e-18)
(0.0646191 -0.0153978 9.30866e-19)
(0.207684 -0.0328637 -6.49642e-19)
(0.360985 -0.026538 8.30804e-21)
(0.514057 -0.00833944 -9.89406e-19)
(0.660657 0.0159055 -3.53983e-19)
(0.796706 0.0428741 3.30978e-19)
(0.919365 0.0699923 2.57035e-19)
(1.02674 0.0954694 -9.15932e-19)
(1.11735 0.11834 7.48647e-19)
(1.18885 0.13779 -9.81584e-19)
(0.0846117 -0.0147327 4.01765e-19)
(0.25823 -0.0266436 -3.57064e-19)
(0.433902 -0.0118361 1.4831e-18)
(0.602227 0.0151 1.51214e-19)
(0.757554 0.0470181 3.47516e-19)
(0.896416 0.0799681 1.5489e-18)
(1.01678 0.111129 -2.36827e-19)
(1.11772 0.138796 2.15788e-19)
(1.19888 0.162562 8.93555e-20)
(1.25919 0.182094 -1.09977e-19)
(0.106294 -0.0113862 2.8069e-19)
(0.311143 -0.0137431 6.74848e-19)
(0.507783 0.0120116 -7.22927e-19)
(0.688611 0.0488888 -2.44739e-19)
(0.849162 0.0886652 -3.02329e-19)
(0.987147 0.127017 4.68443e-19)
(1.10186 0.161146 -2.43663e-19)
(1.19375 0.189673 6.55547e-19)
(1.26384 0.212844 2.206e-19)
(1.3125 0.230664 -3.59647e-19)
(0.129072 -0.00499464 -3.02479e-19)
(0.364703 0.0063283 2.68856e-19)
(0.580018 0.0451368 -5.73689e-19)
(0.770042 0.0925425 2.47462e-19)
(0.932162 0.139655 -2.56775e-19)
(1.06584 0.182157 -3.20466e-19)
(1.17214 0.217627 -2.57348e-19)
(1.25319 0.245299 2.87604e-19)
(1.3115 0.266202 -5.42249e-19)
(1.34885 0.280635 3.27699e-19)
(0.152192 0.00468202 -1.07819e-19)
(0.416947 0.0336823 -2.10908e-19)
(0.647856 0.0871016 1.00434e-19)
(0.843435 0.144924 6.19194e-21)
(1.0036 0.198185 8.33343e-20)
(1.13007 0.243067 1.14328e-19)
(1.22601 0.277936 1.05958e-19)
(1.29535 0.302933 -1.40505e-19)
(1.34202 0.319978 1.19617e-19)
(1.36911 0.329674 -1.87196e-19)
(0.174776 0.0177191 -6.24123e-20)
(0.465775 0.0680016 -2.34128e-20)
(0.708581 0.1369 9.31671e-20)
(0.90601 0.204326 -4.28907e-20)
(1.0611 0.262006 1.14317e-19)
(1.17821 0.307192 -1.47604e-19)
(1.26274 0.339449 3.42103e-20)
(1.32037 0.360076 3.67072e-20)
(1.35627 0.37195 -1.53861e-20)
(1.37465 0.375984 5.82123e-20)
(0.195857 0.0339918 -6.73313e-20)
(0.509072 0.10851 -3.04694e-19)
(0.759692 0.192986 -2.1104e-20)
(0.95547 0.268575 6.27211e-21)
(1.10299 0.328579 -3.963e-19)
(1.20944 0.371907 5.23906e-20)
(1.2824 0.399692 -4.46034e-20)
(1.3291 0.414555 -1.07586e-19)
(1.35567 0.420328 2.24302e-19)
(1.36715 0.41823 -4.08974e-19)
(0.214445 0.0531506 -3.2519e-20)
(0.544852 0.15397 6.17095e-19)
(0.799066 0.253335 9.94304e-20)
(0.990136 0.335148 -5.43274e-19)
(1.12837 0.395217 -4.40548e-20)
(1.22372 0.434652 -5.20617e-19)
(1.28575 0.456424 3.81625e-19)
(1.32289 0.464537 -1.38463e-19)
(1.34192 0.463702 2.45628e-19)
(1.34842 0.455419 -1.79474e-19)
(0.229587 0.0746123 -2.05063e-19)
(0.571394 0.202718 1.95853e-19)
(0.825094 0.315541 -1.41364e-19)
(1.00902 0.401307 1.06552e-18)
(1.13708 0.459222 5.25873e-19)
(1.22173 0.493027 -1.21926e-19)
(1.27409 0.507671 4.10766e-19)
(1.30345 0.508498 -2.70288e-19)
(1.31688 0.500955 -7.53018e-20)
(1.32028 0.486797 4.94066e-19)
(0.240436 0.0975686 -3.54939e-19)
(0.587357 0.252731 4.51685e-19)
(0.836775 0.376931 -8.88686e-19)
(1.01185 0.464234 1.24805e-19)
(1.12967 0.51799 2.78899e-19)
(1.20469 0.544843 -4.27694e-19)
(1.24914 0.551725 -4.97996e-19)
(1.27272 0.545171 2.18601e-19)
(1.28252 0.531183 -2.63229e-19)
(1.28453 0.511754 3.16055e-19)
(0.246312 0.121013 -8.96802e-20)
(0.591874 0.301725 -4.59604e-19)
(0.833756 0.434708 2.5427e-19)
(0.999032 0.521159 4.26415e-19)
(1.10725 0.569097 -2.56429e-19)
(1.17428 0.588156 -1.91054e-19)
(1.21287 0.587119 -1.04353e-19)
(1.23273 0.573484 -5.1588e-20)
(1.24078 0.553597 1.07785e-20)
(1.24291 0.529719 1.07623e-19)
(0.246759 0.143785 6.58288e-20)
(0.584618 0.347278 -3.85672e-19)
(0.816341 0.486098 6.43263e-19)
(0.971583 0.569494 -3.81122e-19)
(1.07145 0.610386 1.06515e-19)
(1.13248 0.62129 -1.51101e-19)
(1.16741 0.612602 1.62669e-19)
(1.18559 0.592495 3.11956e-20)
(1.19356 0.56743 -7.79074e-20)
(1.19711 0.540021 1.51326e-19)
(0.241593 0.164636 -1.73058e-19)
(0.565834 0.386975 3.38103e-19)
(0.785449 0.528509 -1.52015e-20)
(0.931027 0.60695 -7.32487e-20)
(1.02419 0.640034 -2.01321e-19)
(1.08145 0.642882 2.48177e-20)
(1.11501 0.627183 6.1445e-20)
(1.1335 0.601457 -1.51453e-19)
(1.14303 0.571983 1.7688e-19)
(1.1492 0.541878 1.50283e-19)
(0.230936 0.182311 3.84857e-20)
(0.536326 0.418562 -8.09459e-20)
(0.742533 0.559669 2.4209e-20)
(0.87924 0.631621 1.25479e-20)
(0.967554 0.656554 7.78706e-20)
(1.02334 0.651785 -1.44007e-19)
(1.05788 0.629967 -3.01286e-19)
(1.07891 0.599657 -1.22912e-19)
(1.09214 0.566623 -1.57106e-19)
(1.10255 0.5347 1.331e-19)
(0.215231 0.195654 1.1073e-19)
(0.49743 0.440131 -1.71665e-19)
(0.689468 0.577805 1.65696e-19)
(0.818264 0.64211 -3.14766e-19)
(0.903422 0.658818 7.6365e-20)
(0.959696 0.646834 5.16127e-19)
(0.997279 0.619363 -1.58273e-19)
(1.02317 0.584702 1.88136e-19)
(1.04271 0.548005 2.75437e-19)
(1.05903 0.515027 1.00185e-18)
(0.195249 0.203726 6.80387e-19)
(0.450968 0.450296 -4.62958e-19)
(0.628514 0.581864 1.1267e-18)
(0.750269 0.637905 -1.9296e-19)
(0.83339 0.646759 9.66681e-19)
(0.891058 0.628052 6.06488e-19)
(0.932311 0.594737 -1.42484e-18)
(0.963571 0.55388 2.16332e-18)
(0.989457 0.507899 -4.57175e-19)
(1.00632 0.461006 8.99609e-19)
(0.17205 0.205874 -3.75322e-19)
(0.399205 0.448255 -2.67589e-19)
(0.562391 0.57153 2.58798e-19)
(0.677929 0.619482 -6.40963e-19)
(0.759662 0.622009 -2.00201e-18)
(0.8187 0.598991 -8.05145e-19)
(0.862693 0.563188 -7.25691e-19)
(0.897114 0.521741 3.51202e-19)
(0.925117 0.478159 2.92705e-18)
(0.942606 0.437392 -6.08862e-19)
(0.146894 0.201721 1.97526e-19)
(0.344728 0.433649 -7.99392e-19)
(0.494241 0.546774 1.75823e-19)
(0.604666 0.587133 -1.2804e-18)
(0.686058 0.585016 2.80332e-18)
(0.747293 0.559929 -3.24909e-19)
(0.794584 0.52408 1.52756e-18)
(0.832424 0.484256 -2.18822e-18)
(0.863342 0.443962 6.86501e-19)
(0.884648 0.407477 1.06202e-19)
(0.121118 0.191156 1.45612e-19)
(0.290163 0.40655 8.81683e-19)
(0.427119 0.507894 -2.58984e-18)
(0.533587 0.541229 1.26023e-18)
(0.615632 0.535983 -4.15704e-21)
(0.679888 0.510616 -4.25267e-19)
(0.731205 0.476429 5.35206e-19)
(0.773236 0.439624 -5.31908e-19)
(0.808165 0.403351 -1.82841e-18)
(0.834248 0.370865 -5.00983e-19)
(0.0960487 0.174334 4.76461e-19)
(0.238033 0.367474 5.34601e-19)
(0.363854 0.455615 2.20812e-18)
(0.467419 0.482513 -1.22839e-18)
(0.550831 0.4755 2.53203e-18)
(0.618566 0.451352 -5.45402e-19)
(0.674213 0.420139 -5.76506e-19)
(0.720699 0.387299 6.81275e-19)
(0.759932 0.355514 4.44188e-19)
(0.79087 0.327124 1.61052e-18)
(0.0729449 0.15167 -4.83545e-19)
(0.190664 0.317377 1.57838e-19)
(0.306988 0.391112 4.26867e-20)
(0.408535 0.412151 1.2523e-18)
(0.493703 0.404589 -3.12595e-18)
(0.56499 0.382953 5.31034e-19)
(0.624864 0.35582 1.17258e-18)
(0.675617 0.327751 -1.41759e-18)
(0.718933 0.30091 4.99408e-19)
(0.754394 0.276898 -2.31778e-18)
(0.0529469 0.123826 1.03047e-19)
(0.150114 0.257626 5.55903e-19)
(0.258722 0.315974 2.16209e-19)
(0.358945 0.331692 2.93013e-19)
(0.445941 0.324635 5.61455e-19)
(0.520504 0.306609 1.67163e-18)
(0.584155 0.284488 -2.0467e-18)
(0.638655 0.261882 -1.15275e-18)
(0.685522 0.240441 1.91032e-19)
(0.724903 0.221195 1.50292e-18)
(0.0370318 0.0916908 -6.23134e-19)
(0.118111 0.189953 -7.41285e-20)
(0.220875 0.23216 -6.2096e-19)
(0.320288 0.243022 8.84343e-20)
(0.408909 0.237333 -5.31575e-19)
(0.486184 0.2238 -6.06889e-19)
(0.552891 0.207442 -9.04418e-19)
(0.610384 0.190868 2.43715e-18)
(0.660066 0.175233 4.20468e-19)
(0.702562 0.161149 -6.4093e-19)
(0.0259729 0.0563424 3.35838e-19)
(0.0960029 0.116392 4.439e-19)
(0.194847 0.141927 1.74888e-19)
(0.293812 0.148292 -9.43874e-19)
(0.38364 0.144613 -4.39415e-19)
(0.462844 0.136226 -9.4621e-20)
(0.531693 0.126185 1.84891e-19)
(0.591265 0.116066 1.48459e-19)
(0.642892 0.106552 -1.14799e-18)
(0.687548 0.0979586 6.58742e-19)
(0.0203063 0.0190052 -1.74891e-19)
(0.0847141 0.0392055 -1.98967e-19)
(0.181592 0.0477519 1.5858e-19)
(0.280362 0.0498476 1.40791e-19)
(0.370831 0.0485767 1.4429e-19)
(0.451036 0.045736 2.20668e-19)
(0.520987 0.0423507 -1.16022e-20)
(0.581621 0.0389483 -2.89457e-19)
(0.634242 0.0357542 2.74952e-19)
(0.680003 0.0328652 -4.13676e-19)
(0.0203063 -0.0190052 -1.76041e-19)
(0.0847141 -0.0392057 -1.89611e-19)
(0.181592 -0.0477522 1.7474e-19)
(0.280362 -0.0498478 3.42124e-19)
(0.370831 -0.0485769 2.27961e-19)
(0.451036 -0.0457362 -3.00368e-19)
(0.520987 -0.0423509 -1.63217e-19)
(0.581621 -0.0389484 7.11783e-20)
(0.634242 -0.0357542 1.60027e-19)
(0.680003 -0.0328652 -9.52935e-20)
(0.0259729 -0.0563425 4.20111e-19)
(0.096003 -0.116392 -5.33915e-19)
(0.194847 -0.141927 -4.4408e-20)
(0.293812 -0.148292 2.95825e-19)
(0.38364 -0.144614 -1.33748e-18)
(0.462844 -0.136227 5.71489e-19)
(0.531693 -0.126185 5.89939e-19)
(0.591265 -0.116066 -6.96449e-19)
(0.642892 -0.106552 6.65274e-19)
(0.687548 -0.0979586 -2.91995e-19)
(0.0370318 -0.0916909 -7.2634e-20)
(0.118111 -0.189953 -9.26653e-21)
(0.220875 -0.23216 -1.44214e-18)
(0.320288 -0.243022 -4.58771e-19)
(0.408909 -0.237333 -4.83691e-20)
(0.486184 -0.2238 -7.5472e-19)
(0.552891 -0.207442 1.40624e-18)
(0.610384 -0.190868 -4.94198e-20)
(0.660066 -0.175233 8.02992e-19)
(0.702562 -0.161149 -7.06055e-19)
(0.0529469 -0.123826 1.2267e-19)
(0.150114 -0.257626 -5.67928e-19)
(0.258722 -0.315974 1.74752e-18)
(0.358945 -0.331692 2.47292e-19)
(0.445941 -0.324635 1.21573e-18)
(0.520504 -0.306609 -1.18854e-18)
(0.584155 -0.284488 1.24774e-18)
(0.638655 -0.261882 -8.9958e-19)
(0.685522 -0.240441 -3.95052e-19)
(0.724903 -0.221195 3.35601e-19)
(0.0729449 -0.15167 1.09537e-18)
(0.190664 -0.317377 2.80502e-21)
(0.306988 -0.391112 -1.84172e-18)
(0.408535 -0.412151 -5.34338e-19)
(0.493703 -0.404589 1.77422e-18)
(0.56499 -0.382954 -1.0398e-18)
(0.624864 -0.355821 -1.20375e-18)
(0.675617 -0.327751 1.08307e-18)
(0.718933 -0.300911 -7.37351e-19)
(0.754394 -0.276898 -1.58968e-19)
(0.0960487 -0.174334 -1.63512e-19)
(0.238033 -0.367474 -7.75502e-21)
(0.363855 -0.455616 1.9987e-18)
(0.467419 -0.482513 1.14603e-18)
(0.550831 -0.4755 -1.35145e-18)
(0.618566 -0.451352 1.63632e-18)
(0.674214 -0.420139 -1.77558e-18)
(0.720699 -0.387299 1.76695e-19)
(0.759932 -0.355514 5.28857e-19)
(0.79087 -0.327124 1.22371e-18)
(0.121118 -0.191156 1.8743e-19)
(0.290163 -0.40655 3.01829e-19)
(0.427119 -0.507895 3.28318e-19)
(0.533588 -0.541229 -1.05554e-18)
(0.615632 -0.535983 -1.88021e-18)
(0.679888 -0.510616 3.95946e-19)
(0.731205 -0.47643 1.1458e-18)
(0.773236 -0.439624 -3.2798e-19)
(0.808165 -0.403351 1.9746e-18)
(0.834248 -0.370865 -1.92469e-18)
(0.146894 -0.201721 -1.06101e-18)
(0.344728 -0.433649 4.07697e-19)
(0.494241 -0.546775 -1.10087e-18)
(0.604666 -0.587134 1.77971e-18)
(0.686058 -0.585017 8.89929e-19)
(0.747293 -0.559929 1.25648e-18)
(0.794584 -0.52408 -2.90773e-19)
(0.832424 -0.484257 1.14567e-18)
(0.863342 -0.443962 -2.42561e-18)
(0.884648 -0.407477 -6.32373e-19)
(0.17205 -0.205874 6.24653e-20)
(0.399205 -0.448255 -7.12791e-19)
(0.562391 -0.57153 -1.14131e-18)
(0.677929 -0.619482 -4.83573e-19)
(0.759662 -0.622009 -1.36649e-18)
(0.8187 -0.598991 -1.38986e-19)
(0.862693 -0.563188 1.1883e-19)
(0.897114 -0.521741 -5.33977e-19)
(0.925117 -0.478159 -5.96759e-19)
(0.942606 -0.437392 1.5738e-18)
(0.195249 -0.203726 3.35388e-19)
(0.450968 -0.450296 4.68362e-19)
(0.628514 -0.581864 8.39071e-19)
(0.750269 -0.637906 3.72169e-20)
(0.83339 -0.646759 5.59848e-19)
(0.891058 -0.628052 -7.66619e-19)
(0.932311 -0.594737 2.34058e-18)
(0.963571 -0.55388 -1.03341e-18)
(0.989457 -0.507899 -5.07531e-19)
(1.00632 -0.461006 -1.53042e-18)
(0.215231 -0.195654 -1.32099e-19)
(0.49743 -0.440131 2.33344e-19)
(0.689468 -0.577805 -2.39125e-19)
(0.818264 -0.64211 1.28925e-19)
(0.903422 -0.658818 -1.52354e-19)
(0.959696 -0.646834 -3.90748e-19)
(0.997279 -0.619363 5.14007e-19)
(1.02317 -0.584702 -1.68143e-19)
(1.04271 -0.548005 2.60835e-19)
(1.05903 -0.515027 -5.6918e-19)
(0.230936 -0.182311 -7.37189e-21)
(0.536326 -0.418562 -1.06512e-19)
(0.742533 -0.559669 2.12448e-20)
(0.87924 -0.631621 1.44526e-19)
(0.967554 -0.656554 -6.53487e-20)
(1.02334 -0.651785 1.755e-20)
(1.05788 -0.629967 -1.71842e-20)
(1.07891 -0.599657 -3.83288e-19)
(1.09214 -0.566623 -1.77936e-19)
(1.10255 -0.534701 -5.59885e-19)
(0.241593 -0.164636 -9.61458e-20)
(0.565833 -0.386975 3.39298e-19)
(0.785449 -0.528509 -2.10811e-19)
(0.931027 -0.60695 -7.60239e-20)
(1.02419 -0.640034 3.40106e-20)
(1.08145 -0.642882 7.14441e-20)
(1.11501 -0.627183 -7.00271e-21)
(1.1335 -0.601457 2.92338e-19)
(1.14303 -0.571983 -2.52631e-19)
(1.1492 -0.541878 -3.57512e-21)
(0.246759 -0.143785 -2.36726e-19)
(0.584618 -0.347278 -1.48261e-19)
(0.816341 -0.486098 -3.68147e-19)
(0.971583 -0.569494 4.18783e-19)
(1.07145 -0.610386 -3.07057e-20)
(1.13248 -0.621291 1.36144e-19)
(1.16741 -0.612602 1.53672e-19)
(1.18559 -0.592495 -5.58972e-20)
(1.19356 -0.567431 5.04084e-20)
(1.19711 -0.540021 -1.59689e-19)
(0.246312 -0.121013 -1.61027e-19)
(0.591874 -0.301725 -2.06845e-19)
(0.833756 -0.434708 3.11682e-19)
(0.999032 -0.521159 -4.68306e-19)
(1.10725 -0.569097 8.22656e-20)
(1.17428 -0.588156 4.15817e-20)
(1.21287 -0.587119 9.19907e-20)
(1.23273 -0.573484 -6.04725e-20)
(1.24078 -0.553597 -7.24297e-20)
(1.24291 -0.529719 -2.36047e-19)
(0.240436 -0.0975686 6.7134e-19)
(0.587357 -0.252731 -5.25401e-19)
(0.836775 -0.376931 2.45466e-20)
(1.01185 -0.464234 -6.7325e-19)
(1.12967 -0.51799 -1.95447e-19)
(1.20469 -0.544843 1.56362e-19)
(1.24914 -0.551725 1.1456e-19)
(1.27272 -0.545171 -3.82121e-19)
(1.28252 -0.531183 1.67735e-19)
(1.28453 -0.511754 -3.02502e-19)
(0.229587 -0.0746123 3.33166e-19)
(0.571394 -0.202718 -3.29735e-19)
(0.825094 -0.315541 1.18324e-18)
(1.00902 -0.401307 9.43551e-20)
(1.13708 -0.459223 2.68341e-19)
(1.22173 -0.493027 9.57244e-19)
(1.27409 -0.507671 -1.98975e-19)
(1.30345 -0.508498 4.833e-20)
(1.31688 -0.500955 -2.84314e-20)
(1.32028 -0.486798 -4.95352e-20)
(0.214445 -0.0531506 2.56817e-19)
(0.544852 -0.15397 5.8356e-19)
(0.799066 -0.253335 -5.94814e-19)
(0.990136 -0.335148 -1.80676e-19)
(1.12837 -0.395217 -1.91285e-19)
(1.22372 -0.434653 3.76572e-19)
(1.28575 -0.456424 -1.77698e-19)
(1.32289 -0.464538 4.18977e-19)
(1.34192 -0.463702 1.00821e-19)
(1.34842 -0.455419 -1.77312e-19)
(0.195857 -0.0339918 -2.77415e-19)
(0.509071 -0.10851 2.57436e-19)
(0.759692 -0.192986 -5.28521e-19)
(0.95547 -0.268575 2.21279e-19)
(1.10299 -0.328579 -2.21777e-19)
(1.20944 -0.371907 -2.63715e-19)
(1.2824 -0.399693 -2.0462e-19)
(1.3291 -0.414556 2.25759e-19)
(1.35567 -0.420329 -3.92401e-19)
(1.36715 -0.41823 2.48414e-19)
(0.174776 -0.0177191 -1.0393e-19)
(0.465774 -0.0680016 -2.03946e-19)
(0.708581 -0.1369 9.59404e-20)
(0.906009 -0.204326 7.08321e-21)
(1.0611 -0.262007 7.63577e-20)
(1.17821 -0.307192 1.09404e-19)
(1.26274 -0.33945 9.3157e-20)
(1.32037 -0.360076 -1.2604e-19)
(1.35627 -0.37195 1.02746e-19)
(1.37465 -0.375985 -1.62303e-19)
(0.152192 -0.00468202 -6.54888e-20)
(0.416947 -0.0336823 -2.63964e-20)
(0.647856 -0.0871017 9.83548e-20)
(0.843434 -0.144924 -4.43719e-20)
(1.0036 -0.198185 1.24178e-19)
(1.13007 -0.243068 -1.56961e-19)
(1.22601 -0.277937 4.03239e-20)
(1.29535 -0.302933 3.46056e-20)
(1.34202 -0.319979 -1.23631e-20)
(1.36911 -0.329674 5.674e-20)
(0.129071 0.00499462 -7.85644e-20)
(0.364703 -0.00632835 -3.33078e-19)
(0.580017 -0.0451369 -2.68259e-20)
(0.770041 -0.0925426 1.07075e-20)
(0.932162 -0.139655 -4.62017e-19)
(1.06584 -0.182157 4.87886e-20)
(1.17214 -0.217627 -5.16906e-20)
(1.25319 -0.2453 -1.40595e-19)
(1.3115 -0.266203 3.11095e-19)
(1.34885 -0.280635 -5.6598e-19)
(0.106294 0.0113862 -4.45405e-20)
(0.311142 0.013743 7.144e-19)
(0.507782 -0.0120117 9.52848e-20)
(0.688611 -0.048889 -6.45346e-19)
(0.849162 -0.0886654 -7.72755e-20)
(0.987146 -0.127017 -7.27749e-19)
(1.10186 -0.161147 5.65874e-19)
(1.19375 -0.189673 -2.29674e-19)
(1.26384 -0.212845 4.35331e-19)
(1.3125 -0.230665 -3.8405e-19)
(0.0846116 0.0147326 -2.51908e-19)
(0.25823 0.0266435 2.93313e-19)
(0.433902 0.0118359 -2.0488e-19)
(0.602227 -0.0151002 1.41619e-18)
(0.757553 -0.0470184 7.4964e-19)
(0.896416 -0.0799684 -1.96299e-19)
(1.01678 -0.11113 7.63292e-19)
(1.11772 -0.138796 -4.99069e-19)
(1.19888 -0.162562 -1.60496e-19)
(1.25919 -0.182095 1.1596e-18)
(0.064619 0.0153978 -4.6569e-19)
(0.207684 0.0328636 6.95303e-19)
(0.360984 0.0265378 -1.31859e-18)
(0.514056 0.00833922 2.28245e-19)
(0.660657 -0.0159058 5.69084e-19)
(0.796705 -0.0428744 -7.15144e-19)
(0.919364 -0.0699927 -1.26661e-18)
(1.02674 -0.0954698 6.79009e-19)
(1.11735 -0.118341 -8.83067e-19)
(1.18885 -0.137791 1.41319e-18)
(0.0467457 0.0138318 -1.15121e-19)
(0.160912 0.0332172 -6.99844e-19)
(0.291341 0.0327808 3.45471e-19)
(0.427117 0.0216655 8.64205e-19)
(0.561887 0.00426281 -4.64209e-19)
(0.691444 -0.016879 -4.58107e-19)
(0.812667 -0.0396111 -7.76702e-19)
(0.923205 -0.0622282 -3.55903e-19)
(1.02086 -0.083227 -8.54733e-20)
(1.10226 -0.100989 1.41231e-18)
(0.0312706 0.010546 1.93294e-19)
(0.118978 0.0287942 -9.50708e-19)
(0.226871 0.031785 1.62614e-18)
(0.344066 0.0258923 -9.05495e-19)
(0.46445 0.0140407 5.86672e-19)
(0.584064 -0.00207461 -7.29997e-19)
(0.699972 -0.0208523 8.13041e-19)
(0.809934 -0.0407944 7.10077e-19)
(0.911582 -0.0598066 1.55143e-18)
(1.00091 -0.0748755 -2.56487e-18)
(0.0183523 0.00610211 -6.00613e-19)
(0.0826137 0.020919 1.20605e-18)
(0.169009 0.0252644 1.60955e-20)
(0.267057 0.0228321 -4.34404e-19)
(0.371091 0.015102 -2.30687e-19)
(0.477619 0.00286741 1.8438e-19)
(0.584244 -0.0129411 -1.309e-18)
(0.68941 -0.0312115 1.01134e-18)
(0.791338 -0.0492613 -1.30342e-18)
(0.886046 -0.0617464 -5.94955e-19)
(0.00806044 0.00110808 1.03354e-18)
(0.052261 0.0110935 -3.22415e-19)
(0.118758 0.0153301 -6.04808e-19)
(0.197751 0.0150197 1.64264e-18)
(0.284051 0.0102807 -1.61359e-18)
(0.374607 0.000973564 9.01531e-19)
(0.46761 -0.0128132 9.60173e-19)
(0.562493 -0.0307677 2.62745e-19)
(0.658908 -0.0501741 2.73271e-19)
(0.754564 -0.062337 -3.87651e-19)
(0.000388843 -0.00380843 -9.88447e-19)
(0.0281186 0.000874731 9.39507e-19)
(0.0768108 0.00427339 -8.3143e-19)
(0.137565 0.00546225 1.04315e-18)
(0.205556 0.00344357 -3.11655e-19)
(0.277824 -0.00270631 -1.08238e-18)
(0.352532 -0.0137239 3.10397e-19)
(0.429279 -0.0305508 -5.12128e-19)
(0.509042 -0.0524505 -6.06571e-19)
(0.594176 -0.0694505 -1.89233e-18)
(-0.00477038 -0.00808575 -1.23476e-18)
(0.0101474 -0.00838436 9.81657e-19)
(0.0436446 -0.00593752 -1.92337e-18)
(0.0879978 -0.00320852 3.43932e-19)
(0.138752 -0.00175599 -1.33249e-18)
(0.192808 -0.00254165 -7.99161e-19)
(0.247591 -0.00588779 1.91249e-18)
(0.301165 -0.0120132 -2.61465e-18)
(0.352888 -0.0215126 5.03266e-19)
(0.400036 -0.0302446 -8.28744e-19)
(-0.00768222 -0.0113476 6.08225e-19)
(-0.00204438 -0.015839 2.57349e-19)
(0.0192561 -0.0143224 -7.65463e-20)
(0.050066 -0.0102998 7.309e-19)
(0.0867041 -0.0056587 2.14624e-18)
(0.126597 -0.00135913 7.4076e-19)
(0.167737 0.00240847 7.6541e-19)
(0.208925 0.00569412 -2.6466e-19)
(0.250238 0.00784095 -2.46873e-18)
(0.289121 0.00926536 6.26095e-19)
(-0.00878378 -0.0134243 -1.71709e-19)
(-0.00932792 -0.0210861 5.46516e-19)
(0.0026466 -0.0205023 -1.43168e-19)
(0.0227366 -0.0158174 1.01088e-18)
(0.048175 -0.00920527 -2.33724e-18)
(0.0770164 -0.00182559 1.98386e-19)
(0.107833 0.00579506 -1.11235e-18)
(0.139846 0.0132499 1.6368e-18)
(0.172881 0.0195749 -4.78424e-19)
(0.204279 0.0240823 -6.83644e-20)
(-0.00858789 -0.0143042 -1.16893e-19)
(-0.0128318 -0.0240058 -6.57248e-19)
(-0.00771308 -0.0243089 1.65293e-18)
(0.00407997 -0.0196269 -8.71516e-19)
(0.0206608 -0.0123267 6.12525e-20)
(0.0406194 -0.00378426 2.79684e-19)
(0.0629165 0.00513293 -2.556e-19)
(0.0869322 0.0136333 3.32187e-19)
(0.112253 0.0206162 1.15108e-18)
(0.136678 0.025285 3.01213e-19)
(-0.00758385 -0.0140745 -2.62184e-19)
(-0.0136958 -0.0246652 -2.91623e-19)
(-0.0134291 -0.0257009 -1.29442e-18)
(-0.00792039 -0.0215116 6.89233e-19)
(0.00173629 -0.0144921 -1.42161e-18)
(0.0145798 -0.00611517 3.22961e-19)
(0.0298511 0.00259032 3.63147e-19)
(0.047011 0.0107152 -3.83773e-19)
(0.0655424 0.0172502 -2.48294e-19)
(0.0838029 0.0214721 -1.11589e-18)
(-0.00618715 -0.012875 2.04815e-19)
(-0.0129401 -0.0232576 -4.81768e-20)
(-0.0159824 -0.0247667 9.78466e-22)
(-0.0151343 -0.0213429 -6.22048e-19)
(-0.0108143 -0.0152251 1.57469e-18)
(-0.00361525 -0.00783513 -2.45613e-19)
(0.00591919 -0.000195768 -6.12937e-19)
(0.0173153 0.00683951 7.50208e-19)
(0.0300375 0.0124534 -2.63636e-19)
(0.0429262 0.0160483 1.45721e-18)
(-0.00472412 -0.0108682 -3.84427e-20)
(-0.0114035 -0.0200606 -2.25387e-19)
(-0.016618 -0.0217192 -8.8954e-20)
(-0.0191364 -0.0191493 -1.13643e-19)
(-0.0188321 -0.0142675 -2.44328e-19)
(-0.0160034 -0.00831135 -7.6728e-19)
(-0.0110223 -0.00217571 9.59773e-19)
(-0.0042957 0.0034304 5.60654e-19)
(0.0036641 0.00789721 -1.00435e-19)
(0.012065 0.0107656 -8.9382e-19)
(-0.00343582 -0.00822502 2.18304e-19)
(-0.00972828 -0.0154098 3.81485e-20)
(-0.0163018 -0.0168863 2.58221e-19)
(-0.021144 -0.0151403 -2.95547e-20)
(-0.0237179 -0.0116332 2.35129e-19)
(-0.0240984 -0.00731666 2.65281e-19)
(-0.0225238 -0.00287648 3.97709e-19)
(-0.0193383 0.00116451 -1.12664e-18)
(-0.0150196 0.00438953 -2.07943e-19)
(-0.0101019 0.006475 3.72677e-19)
(-0.00248976 -0.00512138 -1.10231e-19)
(-0.00837087 -0.00968558 -1.56673e-19)
(-0.0157256 -0.0106976 -7.53695e-20)
(-0.0220255 -0.00969739 3.68641e-19)
(-0.0264599 -0.0075981 1.78939e-19)
(-0.0289523 -0.00499654 3.66965e-20)
(-0.029648 -0.00232104 -7.95609e-20)
(-0.0288426 0.000110116 -6.17174e-20)
(-0.0269846 0.00205519 5.29757e-19)
(-0.0244463 0.00332173 -3.60804e-19)
(-0.00199128 -0.00173833 5.61947e-20)
(-0.00762178 -0.00330253 6.99221e-20)
(-0.0153305 -0.00366181 -5.96219e-20)
(-0.0223329 -0.00333751 -5.45335e-20)
(-0.0276811 -0.00263989 -5.6543e-20)
(-0.031222 -0.00177207 -9.02232e-20)
(-0.0330533 -0.000879444 2.89791e-21)
(-0.033444 -6.87106e-05 1.25184e-19)
(-0.0328263 0.000581003 -1.25694e-19)
(-0.031495 0.00100581 2.2869e-19)
(-0.00813107 -0.00258807 1.65357e-20)
(0.0621768 -0.00663069 9.88849e-21)
(0.277509 -0.00671052 1.3386e-21)
(0.377031 -0.00437994 -9.02786e-22)
(0.479656 -0.00367528 -6.3572e-23)
(0.553634 -0.00263739 1.48258e-22)
(0.606078 -0.00219096 1.66948e-22)
(0.660456 -0.00160087 -3.42645e-23)
(0.683665 -0.00147238 -2.46209e-24)
(0.733976 -0.00100605 2.43667e-22)
(0.00866964 -0.00806533 2.62227e-20)
(0.0774295 -0.0197212 1.25285e-21)
(0.289 -0.0199774 -1.74877e-20)
(0.385787 -0.0130565 1.40524e-20)
(0.486365 -0.0109623 8.88019e-22)
(0.558869 -0.00786365 -5.95863e-22)
(0.61035 -0.00652055 6.91161e-22)
(0.663815 -0.00473598 7.0601e-23)
(0.686596 -0.00437803 1.42368e-22)
(0.736198 -0.0030153 -2.23312e-22)
(0.0419761 -0.0144228 2.68593e-20)
(0.107461 -0.0323306 -3.61054e-20)
(0.311554 -0.0327854 1.78757e-20)
(0.402987 -0.0214324 -1.16417e-20)
(0.49955 -0.0180221 8.29305e-22)
(0.569173 -0.0129383 -6.46413e-22)
(0.618768 -0.010735 -2.57721e-22)
(0.670446 -0.00779128 1.27503e-24)
(0.692391 -0.00721781 -1.08922e-22)
(0.7406 -0.00498499 -3.26112e-22)
(0.0911865 -0.0221386 -4.16305e-20)
(0.15135 -0.0441599 -5.01146e-20)
(0.344342 -0.0448493 -2.31269e-20)
(0.428024 -0.029324 1.2134e-20)
(0.518758 -0.0247149 -1.45522e-20)
(0.584219 -0.0177681 3.85276e-21)
(0.631088 -0.0147629 -2.09675e-22)
(0.680177 -0.010717 1.22485e-22)
(0.700918 -0.00995014 -1.30659e-22)
(0.747102 -0.00688974 1.21e-22)
(0.155369 -0.0314856 1.15138e-19)
(0.207769 -0.0549213 7.22419e-20)
(0.386176 -0.0559057 2.59864e-20)
(0.460031 -0.0365692 -2.35804e-20)
(0.543343 -0.0309167 1.19451e-20)
(0.603543 -0.02227 3.16693e-21)
(0.64696 -0.0185398 2.21752e-21)
(0.692764 -0.013468 2.4201e-22)
(0.711985 -0.0125367 2.90502e-22)
(0.755584 -0.00870577 -6.42367e-22)
(0.233243 -0.0423911 -5.08302e-20)
(0.275043 -0.0642999 3.90031e-20)
(0.435575 -0.065701 4.81972e-21)
(0.497927 -0.0430245 2.62999e-20)
(0.572504 -0.0365206 -5.95154e-21)
(0.626565 -0.0263736 -3.69256e-21)
(0.665944 -0.0220105 -2.29071e-21)
(0.707895 -0.0160057 -1.50842e-22)
(0.725349 -0.0149437 -1.57239e-22)
(0.765894 -0.0104114 6.88942e-22)
(0.323179 -0.0545749 -3.86815e-20)
(0.351202 -0.0720312 -1.00788e-19)
(0.490842 -0.0740324 -1.70543e-20)
(0.540476 -0.0485741 -1.46458e-20)
(0.605324 -0.0414441 6.98001e-21)
(0.652619 -0.0300234 -1.94491e-21)
(0.687532 -0.025131 2.46261e-21)
(0.725208 -0.0182982 4.5324e-22)
(0.740723 -0.0171428 -4.7206e-23)
(0.777846 -0.0119871 2.65333e-22)
(0.423241 -0.0683078 1.12713e-19)
(0.434046 -0.0784077 2.52673e-20)
(0.550151 -0.0809761 6.90246e-20)
(0.586354 -0.0532207 -4.01486e-20)
(0.640824 -0.0456666 1.19688e-20)
(0.680984 -0.033194 -8.16197e-21)
(0.711174 -0.0278748 -3.54586e-21)
(0.744304 -0.0203226 -4.82908e-22)
(0.75779 -0.0191137 -4.52264e-22)
(0.791235 -0.0134143 3.81218e-22)
(0.531177 -0.0834323 -1.42372e-19)
(0.521232 -0.0843728 -2.21958e-20)
(0.611665 -0.0869458 -5.7312e-20)
(0.634233 -0.0571893 4.79685e-20)
(0.678015 -0.0492575 -1.49873e-20)
(0.710928 -0.0359087 6.4103e-21)
(0.736299 -0.0302399 4.00902e-21)
(0.764765 -0.0220698 -7.43445e-23)
(0.776212 -0.0208428 3.04242e-22)
(0.805832 -0.014679 -8.04517e-22)
(0.644422 -0.091316 -1.00117e-19)
(0.610276 -0.0876683 -1.1195e-19)
(0.67363 -0.0910421 1.54306e-20)
(0.682847 -0.0603654 -2.57641e-20)
(0.715951 -0.0521203 -2.25747e-20)
(0.741732 -0.0381569 -4.90071e-21)
(0.76234 -0.0322101 1.03e-21)
(0.786169 -0.0235435 -7.52319e-22)
(0.795643 -0.0223084 2.22468e-22)
(0.821398 -0.0157895 3.67894e-22)
(1.0279 -0.0577261 0)
(0.905526 -0.0718313 0)
(0.883003 -0.0906693 0)
(0.852335 -0.0655464 0)
(0.851376 -0.0582975 0)
(0.854059 -0.0440912 0)
(0.858656 -0.0377115 0)
(0.866086 -0.027923 0)
(0.868314 -0.0265497 0)
(0.879503 -0.0193098 0)
(1.30372 0.00301141 0)
(1.20183 -0.0230625 0)
(1.13725 -0.0495352 0)
(1.08337 -0.0481802 0)
(1.05301 -0.0456467 0)
(1.03021 -0.0374314 0)
(1.01635 -0.0329793 0)
(1.00246 -0.0258732 0)
(0.995525 -0.0242494 0)
(0.985651 -0.0192971 0)
(1.30367 0.0553703 0)
(1.25701 0.00741916 0)
(1.20939 -0.0227725 0)
(1.16839 -0.0303022 0)
(1.14224 -0.0305951 0)
(1.11865 -0.0262986 0)
(1.10397 -0.0235893 0)
(1.08501 -0.0192471 0)
(1.07718 -0.0178247 0)
(1.05949 -0.0153251 0)
(1.24302 0.0496185 0)
(1.22608 0.00600398 0)
(1.19764 -0.0161809 0)
(1.17109 -0.0219206 0)
(1.15446 -0.0216201 0)
(1.13728 -0.0186024 0)
(1.12769 -0.0163537 0)
(1.11225 -0.0135163 0)
(1.10729 -0.0120635 0)
(1.09151 -0.0109926 0)
(1.17793 0.0434332 0)
(1.17675 0.00605867 0)
(1.1617 -0.0107926 0)
(1.14479 -0.0152496 0)
(1.13456 -0.0151982 0)
(1.12291 -0.0133773 0)
(1.11741 -0.0115849 0)
(1.10679 -0.0096653 0)
(1.10433 -0.00825302 0)
(1.09331 -0.00776168 0)
(1.12945 0.0340648 0)
(1.13512 0.00586232 0)
(1.12762 -0.00701004 0)
(1.11593 -0.0106842 0)
(1.10864 -0.0109799 0)
(1.1001 -0.0100025 0)
(1.0965 -0.00863043 0)
(1.08918 -0.00725073 0)
(1.08785 -0.00600308 0)
(1.08058 -0.00564559 0)
(1.09587 0.0259723 0)
(1.10465 0.00561516 0)
(1.10165 -0.00442192 0)
(1.09292 -0.0075597 0)
(1.08678 -0.00802768 0)
(1.07968 -0.00753233 0)
(1.07662 -0.00653535 0)
(1.0709 -0.00551804 0)
(1.0698 -0.00452505 0)
(1.06444 -0.00418237 0)
(1.07431 0.017936 0)
(1.08425 0.00444612 0)
(1.08394 -0.00280145 0)
(1.07702 -0.00518615 0)
(1.07133 -0.0055912 0)
(1.06477 -0.00533965 0)
(1.06169 -0.00467813 0)
(1.05653 -0.00397094 0)
(1.05531 -0.00326888 0)
(1.05056 -0.00297179 0)
(1.06144 0.0105704 0)
(1.07178 0.00283897 0)
(1.07309 -0.00157049 0)
(1.06729 -0.00304545 0)
(1.06181 -0.00329448 0)
(1.0554 -0.00318491 0)
(1.05222 -0.00282122 0)
(1.04713 -0.00241297 0)
(1.04576 -0.00199929 0)
(1.04102 -0.00180285 0)
(1.05547 0.0034736 0)
(1.06589 0.000962094 0)
(1.06797 -0.000513667 0)
(1.06272 -0.00100506 0)
(1.05732 -0.00108338 0)
(1.05093 -0.00105521 0)
(1.04768 -0.000941753 0)
(1.04256 -0.000810961 0)
(1.04111 -0.000674134 0)
(1.03627 -0.000606939 0)
(1.41026 0.307505 1.65036e-20)
(1.42207 0.286958 5.88631e-20)
(1.42728 0.263793 -1.25152e-19)
(1.42481 0.23826 -3.88696e-20)
(1.41367 0.210902 2.63715e-19)
(1.39311 0.182631 2.37993e-19)
(1.36271 0.154755 -4.69765e-19)
(1.32243 0.128942 3.47716e-20)
(1.27244 0.107029 -1.33509e-19)
(1.19466 0.0882575 -6.10192e-19)
(1.2764 0.200205 -1.28853e-21)
(1.28889 0.190563 4.85434e-20)
(1.30027 0.180004 -4.49576e-20)
(1.31018 0.168436 9.19335e-20)
(1.31818 0.155759 -1.34917e-19)
(1.3238 0.141904 -3.9177e-20)
(1.32655 0.12687 2.06774e-19)
(1.32596 0.11077 -1.67044e-19)
(1.32211 0.0938853 -1.32194e-19)
(1.30817 0.0752075 3.23332e-20)
(1.19559 0.151873 -7.94852e-21)
(1.20612 0.149351 1.55919e-20)
(1.21678 0.146705 -2.13318e-20)
(1.22747 0.143858 -8.89748e-20)
(1.23802 0.140699 1.41016e-19)
(1.24822 0.137089 9.73014e-21)
(1.25779 0.132866 -8.82205e-20)
(1.26641 0.127858 1.48713e-19)
(1.27377 0.121888 1.81262e-20)
(1.27914 0.113969 3.31391e-20)
(1.13262 0.104199 -1.12391e-21)
(1.13968 0.102815 -4.81676e-21)
(1.14698 0.10141 -4.93081e-21)
(1.15453 0.0999955 4.31231e-20)
(1.16232 0.0985751 -5.12454e-20)
(1.17035 0.0971456 2.27559e-20)
(1.17857 0.0956904 -6.68291e-21)
(1.18692 0.0941746 -1.93891e-20)
(1.19528 0.0925089 1.11773e-19)
(1.20398 0.0900413 -2.30995e-20)
(1.09409 0.0765665 2.05948e-23)
(1.09913 0.0761851 3.93573e-21)
(1.10433 0.0757879 2.85004e-21)
(1.10968 0.0753797 1.02398e-20)
(1.1152 0.0749642 2.63783e-20)
(1.12089 0.074543 -2.63529e-20)
(1.12674 0.0741147 -1.29856e-20)
(1.13275 0.0736703 3.40184e-20)
(1.13891 0.0731544 -3.15861e-20)
(1.14552 0.0721008 -2.62559e-21)
(1.06748 0.0538541 -1.43432e-21)
(1.07113 0.0537081 2.36441e-23)
(1.07488 0.0535498 -1.61076e-21)
(1.07873 0.0533854 6.16734e-21)
(1.08268 0.0532215 -2.5126e-20)
(1.08674 0.053064 6.68705e-21)
(1.09091 0.0529176 -1.17135e-20)
(1.09518 0.0527819 -1.60896e-20)
(1.09958 0.0526194 1.49571e-21)
(1.10422 0.0521219 8.51636e-21)
(1.05064 0.0378073 -8.40097e-22)
(1.05339 0.037825 5.45193e-21)
(1.05619 0.0378244 -3.20057e-21)
(1.05904 0.0378083 -4.58986e-22)
(1.06194 0.0377795 1.17075e-20)
(1.06487 0.0377404 3.1962e-21)
(1.06786 0.037693 1.40411e-20)
(1.07088 0.0376356 -8.45857e-21)
(1.07396 0.0375427 1.83364e-20)
(1.07712 0.0372277 1.49329e-20)
(1.03967 0.0247069 -2.47875e-22)
(1.04184 0.0247455 -2.95644e-22)
(1.04404 0.0247693 2.06081e-21)
(1.04625 0.0247802 -3.53262e-21)
(1.04849 0.0247796 -4.0347e-21)
(1.05073 0.0247686 1.14728e-20)
(1.05298 0.0247479 -7.37495e-21)
(1.05525 0.0247157 5.93121e-21)
(1.05752 0.0246561 -1.89848e-21)
(1.0598 0.0244647 -2.07885e-21)
(1.03325 0.0140688 3.7649e-22)
(1.03508 0.0141086 -3.42412e-21)
(1.03691 0.014138 1.81869e-21)
(1.03874 0.0141575 7.08606e-21)
(1.04057 0.0141674 -7.47937e-21)
(1.0424 0.0141678 2.4658e-21)
(1.04421 0.0141587 4.3607e-21)
(1.04602 0.0141385 -8.63747e-21)
(1.04781 0.0140989 8.65697e-21)
(1.04957 0.0139887 -2.48155e-21)
(1.03022 0.00452648 -1.02852e-21)
(1.03188 0.00454405 1.94509e-21)
(1.03353 0.00455856 -2.16105e-22)
(1.03518 0.00456979 5.97364e-21)
(1.03682 0.00457744 -1.24109e-21)
(1.03845 0.00458108 1.03874e-21)
(1.04007 0.00458018 -8.31767e-21)
(1.04167 0.00457383 2.38568e-21)
(1.04325 0.0045592 1.48409e-21)
(1.04479 0.00452153 1.02126e-21)
(1.11923 0.398989 -3.37019e-19)
(1.15316 0.395151 -6.91327e-20)
(1.18779 0.391307 -3.47471e-20)
(1.22126 0.386672 -2.96158e-20)
(1.25422 0.380811 -1.60928e-20)
(1.28641 0.373515 -1.37549e-20)
(1.31708 0.364568 2.03176e-20)
(1.34552 0.353727 -4.31566e-20)
(1.37105 0.340746 7.946e-20)
(1.39292 0.3254 5.71474e-21)
(1.1217 0.249573 1.62812e-20)
(1.13999 0.248409 -8.52128e-20)
(1.15785 0.246535 -5.43739e-20)
(1.17394 0.243864 5.09408e-20)
(1.18938 0.240318 -2.34499e-20)
(1.20473 0.235841 5.77248e-21)
(1.21991 0.230433 -1.32412e-20)
(1.23474 0.22413 1.78942e-20)
(1.24916 0.216975 -1.37695e-20)
(1.26309 0.208999 -1.01863e-20)
(1.10055 0.170161 -6.02342e-21)
(1.11032 0.169566 3.8358e-20)
(1.11964 0.168463 3.61191e-20)
(1.12837 0.167 1.4901e-20)
(1.13715 0.165283 2.24579e-21)
(1.14626 0.163354 -1.87585e-21)
(1.15566 0.161252 7.51313e-21)
(1.1653 0.15902 -1.06186e-20)
(1.17516 0.1567 5.75201e-21)
(1.18526 0.154316 1.97272e-21)
(1.072 0.11423 3.48842e-21)
(1.07778 0.113751 5.34377e-20)
(1.08342 0.113064 1.79765e-20)
(1.08889 0.112251 -2.86642e-20)
(1.09451 0.111346 5.97096e-21)
(1.10037 0.110351 -3.76088e-21)
(1.10645 0.109264 -4.90342e-21)
(1.11271 0.108094 -1.43033e-21)
(1.11915 0.106852 3.19661e-21)
(1.12578 0.105549 -3.1804e-21)
(1.05121 0.0781233 1.66642e-21)
(1.05516 0.0782492 -2.219e-20)
(1.05906 0.0782774 1.50834e-20)
(1.06293 0.0782412 8.28886e-21)
(1.06692 0.0781507 -9.65116e-21)
(1.07109 0.0780044 5.35675e-21)
(1.07541 0.0778029 -3.26453e-21)
(1.07987 0.0775513 -6.10793e-22)
(1.08447 0.0772565 1.52385e-22)
(1.08921 0.0769258 8.80298e-22)
(1.03605 0.053319 8.82103e-21)
(1.03888 0.0536197 -1.12584e-21)
(1.04173 0.0538417 -1.94655e-20)
(1.0446 0.0540047 4.45641e-21)
(1.04756 0.0541153 -7.26278e-22)
(1.05063 0.0541747 1.64922e-21)
(1.05381 0.0541857 -4.83733e-21)
(1.05708 0.0541531 -3.2061e-22)
(1.06045 0.0540828 4.99782e-22)
(1.06392 0.0539811 -4.59489e-22)
(1.02627 0.0359474 1.41495e-20)
(1.02845 0.0363236 4.15668e-21)
(1.03068 0.0366424 9.92327e-21)
(1.03295 0.036915 3.82696e-21)
(1.03527 0.0371467 3.41068e-21)
(1.03767 0.037339 -4.00733e-22)
(1.04015 0.0374941 7.00728e-23)
(1.04268 0.0376152 -1.0632e-22)
(1.04528 0.0377056 4.61369e-22)
(1.04793 0.0377685 -7.0544e-22)
(1.01995 0.0230156 -1.31223e-21)
(1.02172 0.0233333 -1.39822e-21)
(1.02353 0.023607 5.91021e-21)
(1.02539 0.0238438 3.23815e-21)
(1.02729 0.0240476 -5.85749e-21)
(1.02925 0.0242207 8.98031e-22)
(1.03126 0.0243651 9.20162e-22)
(1.03331 0.0244833 2.16341e-23)
(1.03539 0.0245781 -9.98333e-23)
(1.03752 0.0246519 1.28759e-23)
(1.01629 0.012851 -7.28863e-22)
(1.01782 0.0130647 3.80277e-23)
(1.0194 0.0132513 -1.48107e-21)
(1.02102 0.0134147 -3.3118e-22)
(1.02267 0.0135575 -2.46358e-22)
(1.02436 0.0136814 1.9925e-21)
(1.02609 0.013788 -7.9447e-22)
(1.02785 0.0138786 4.93992e-22)
(1.02963 0.0139548 -5.51678e-22)
(1.03144 0.0140178 2.30932e-22)
(1.0146 0.00412307 7.47192e-22)
(1.01603 0.00419296 2.51514e-22)
(1.0175 0.00425301 -3.42304e-23)
(1.019 0.00430503 2.38707e-21)
(1.02054 0.00435039 -7.9943e-22)
(1.0221 0.00439005 -1.70547e-22)
(1.02369 0.00442483 -7.45006e-22)
(1.02531 0.00445539 -2.09447e-22)
(1.02693 0.00448229 7.45734e-22)
(1.02857 0.00450591 -5.48624e-22)
(1.00013 0.0147522 0)
(1.0009 0.0447635 0)
(1.00228 0.0761214 0)
(1.00455 0.109646 0)
(1.00824 0.146209 0)
(1.01419 0.186688 0)
(1.0236 0.231814 0)
(1.03773 0.282244 0)
(1.05917 0.335905 0)
(1.08484 0.403319 0)
(1.00021 0.0120931 0)
(1.00186 0.0363622 0)
(1.0051 0.0608992 0)
(1.01024 0.0859096 0)
(1.01752 0.111556 0)
(1.02731 0.137918 0)
(1.04007 0.164918 0)
(1.05638 0.192517 0)
(1.07663 0.218986 0)
(1.10289 0.250849 0)
(1.00021 0.00922256 0)
(1.0019 0.0276844 0)
(1.00523 0.0461583 0)
(1.01039 0.0646249 0)
(1.01745 0.0830331 0)
(1.02654 0.101286 0)
(1.03779 0.119206 0)
(1.05158 0.136656 0)
(1.0675 0.152681 0)
(1.0892 0.170457 0)
(1.00016 0.00663217 0)
(1.00151 0.0198936 0)
(1.00417 0.0330813 0)
(1.00829 0.0461063 0)
(1.01386 0.0588679 0)
(1.02088 0.0712479 0)
(1.02933 0.0830911 0)
(1.03933 0.094267 0)
(1.05042 0.104234 0)
(1.06494 0.114599 0)
(1.00012 0.0046414 0)
(1.0011 0.0139177 0)
(1.00306 0.0231152 0)
(1.0061 0.032144 0)
(1.0102 0.04091 0)
(1.0153 0.0493172 0)
(1.02138 0.0572581 0)
(1.02848 0.0646462 0)
(1.03627 0.0712045 0)
(1.04617 0.0777737 0)
(1.00009 0.00319452 0)
(1.00079 0.00957719 0)
(1.00221 0.0158971 0)
(1.0044 0.0220835 0)
(1.00735 0.0280643 0)
(1.011 0.03377 0)
(1.01531 0.0391284 0)
(1.02029 0.044081 0)
(1.02573 0.0484759 0)
(1.03238 0.0527465 0)
(1.00006 0.0021461 0)
(1.00058 0.00643321 0)
(1.00162 0.0106758 0)
(1.00322 0.0148242 0)
(1.00537 0.0188292 0)
(1.00802 0.022644 0)
(1.01116 0.026223 0)
(1.01475 0.0295292 0)
(1.01871 0.0324804 0)
(1.02337 0.0353056 0)
(1.00005 0.00136757 0)
(1.00044 0.00409917 0)
(1.00123 0.00680189 0)
(1.00244 0.009444 0)
(1.00407 0.011994 0)
(1.00608 0.0144227 0)
(1.00845 0.016702 0)
(1.01116 0.0188089 0)
(1.01415 0.0206979 0)
(1.01757 0.0224863 0)
(1.00004 0.000758881 0)
(1.00036 0.00227472 0)
(1.00099 0.00377464 0)
(1.00198 0.00524115 0)
(1.0033 0.00665702 0)
(1.00493 0.00800636 0)
(1.00685 0.00927414 0)
(1.00905 0.0104481 0)
(1.01149 0.0115056 0)
(1.01421 0.0125027 0)
(1.00003 0.000243023 0)
(1.00032 0.000728512 0)
(1.00089 0.00120896 0)
(1.00177 0.00167878 0)
(1.00294 0.00213248 0)
(1.0044 0.00256502 0)
(1.00611 0.00297162 0)
(1.00807 0.00334837 0)
(1.01025 0.00368817 0)
(1.01265 0.00400831 0)
(0.999543 0.000802233 2.64572e-20)
(0.995424 0.00244371 -1.36599e-20)
(0.986527 0.00419424 3.50115e-20)
(0.972685 0.00613437 -2.31796e-20)
(0.953598 0.00835511 -2.50489e-20)
(0.928529 0.0109763 9.80721e-20)
(0.896403 0.0141605 -1.87846e-20)
(0.855719 0.0181283 1.35269e-19)
(0.80441 0.0231442 7.8622e-20)
(0.739415 0.0291978 -7.93424e-20)
(0.999532 0.00240182 3.21407e-20)
(0.995436 0.00731509 7.2192e-20)
(0.986626 0.0125507 1.09138e-19)
(0.972952 0.018349 -1.52083e-19)
(0.954134 0.0249812 2.06815e-20)
(0.929478 0.032804 6.04022e-20)
(0.897967 0.0423012 -1.02871e-19)
(0.858188 0.0541276 1.75438e-19)
(0.808184 0.0690693 -4.68991e-19)
(0.745063 0.0870793 6.4209e-19)
(0.999512 0.00398752 -1.13668e-19)
(0.995461 0.01214 5.08771e-20)
(0.986824 0.0208136 -2.50089e-21)
(0.973481 0.0304044 -2.54562e-19)
(0.9552 0.0413591 6.46846e-20)
(0.931362 0.0542633 -1.4758e-19)
(0.901071 0.0699078 1.99887e-19)
(0.863096 0.089362 -5.21483e-19)
(0.815691 0.113911 8.92779e-19)
(0.75634 0.143418 -6.83843e-19)
(0.999486 0.00555201 7.3981e-20)
(0.995502 0.0168918 -2.81879e-20)
(0.987117 0.0289268 1.77849e-19)
(0.974265 0.0422032 -3.25424e-19)
(0.956779 0.0573363 2.05149e-19)
(0.934157 0.0751261 -4.10083e-19)
(0.905677 0.0966468 -6.18139e-20)
(0.870387 0.123345 1.29332e-18)
(0.826862 0.156965 -3.72467e-19)
(0.773212 0.197179 -8.7488e-19)
(0.99946 0.00709013 -3.0463e-19)
(0.995559 0.0215468 2.71238e-19)
(0.987504 0.0368374 -1.33326e-19)
(0.9753 0.0536537 -5.77649e-19)
(0.958863 0.0727706 5.53216e-19)
(0.93784 0.0951829 -7.14378e-19)
(0.911743 0.122211 9.31559e-19)
(0.879991 0.155622 2.59513e-19)
(0.841601 0.197545 6.34331e-19)
(0.795651 0.247318 5.949e-20)
(0.999438 0.00859955 2.44214e-19)
(0.995633 0.0260802 -6.64777e-20)
(0.987985 0.0444848 3.7656e-19)
(0.976591 0.0646522 -4.19991e-19)
(0.96146 0.0875071 4.0308e-19)
(0.942409 0.114215 -1.12697e-19)
(0.919242 0.146291 2.32404e-19)
(0.891843 0.185741 -7.16756e-19)
(0.859808 0.234962 -1.20788e-18)
(0.823662 0.292767 7.23518e-19)
(0.999419 0.0100887 -1.20465e-19)
(0.995716 0.0304787 -1.12536e-19)
(0.988569 0.0518174 5.56115e-20)
(0.978168 0.0751049 -3.72139e-19)
(0.96461 0.101405 1.30684e-18)
(0.947905 0.132016 -1.06488e-18)
(0.928196 0.168582 5.36345e-19)
(0.905913 0.213246 -8.98136e-19)
(0.881415 0.268499 -2.40131e-19)
(0.857321 0.332472 1.81718e-18)
(0.999398 0.0115977 1.47309e-19)
(0.995811 0.0348008 -1.91383e-20)
(0.9893 0.0589089 -1.66679e-19)
(0.980111 0.0851177 2.03187e-19)
(0.968414 0.114613 5.7334e-19)
(0.954429 0.14876 -1.24902e-18)
(0.938684 0.189213 1.00219e-18)
(0.922222 0.238064 -2.23278e-18)
(0.906421 0.297592 1.8208e-18)
(0.896721 0.365491 -4.56134e-19)
(0.999393 0.0131592 -1.64702e-19)
(0.996021 0.0390993 2.15392e-19)
(0.990368 0.0658928 -3.80428e-19)
(0.982677 0.0949497 -2.2691e-19)
(0.973162 0.127559 5.33393e-21)
(0.96226 0.16507 3.19845e-19)
(0.950907 0.208947 -1.61859e-18)
(0.940774 0.260843 1.78676e-18)
(0.93465 0.321942 -1.55903e-18)
(0.94149 0.389904 6.72261e-19)
(0.999479 0.0144432 -1.15701e-19)
(0.99665 0.0425516 1.20091e-20)
(0.992211 0.0715478 -4.47294e-20)
(0.98639 0.102936 -3.29089e-19)
(0.979455 0.138056 -2.46768e-19)
(0.972031 0.17819 1.4193e-18)
(0.965373 0.224508 1.12331e-18)
(0.961564 0.277985 -5.00251e-19)
(0.964868 0.337909 -1.02433e-19)
(0.988588 0.400165 -2.20533e-18)
(0.999479 -0.0144432 -1.15575e-19)
(0.99665 -0.0425516 8.85503e-20)
(0.992211 -0.0715478 -3.58961e-20)
(0.98639 -0.102936 5.42284e-19)
(0.979455 -0.138056 3.01402e-19)
(0.972031 -0.17819 -1.19726e-18)
(0.965373 -0.224508 -9.76953e-19)
(0.961564 -0.277985 6.4755e-19)
(0.964868 -0.337909 6.19182e-20)
(0.988588 -0.400165 2.2625e-18)
(0.999393 -0.0131592 7.13686e-20)
(0.996021 -0.0390992 -4.51025e-19)
(0.990368 -0.0658927 2.65809e-19)
(0.982677 -0.0949496 -1.53358e-19)
(0.973162 -0.127559 -2.40799e-19)
(0.96226 -0.16507 -1.3147e-19)
(0.950907 -0.208947 1.36352e-18)
(0.940774 -0.260843 -1.51403e-18)
(0.93465 -0.321942 1.75442e-18)
(0.94149 -0.389904 -9.35943e-19)
(0.999398 -0.0115977 -4.11014e-20)
(0.995811 -0.0348007 1.75523e-19)
(0.9893 -0.0589088 2.90101e-19)
(0.980111 -0.0851176 -5.69598e-20)
(0.968414 -0.114612 -7.82616e-19)
(0.954429 -0.14876 9.39903e-19)
(0.938683 -0.189213 -9.19953e-19)
(0.922222 -0.238064 2.06566e-18)
(0.906421 -0.297592 -2.02919e-18)
(0.896721 -0.365491 6.16551e-19)
(0.999419 -0.0100887 -1.08283e-20)
(0.995716 -0.0304786 2.29916e-19)
(0.988569 -0.0518173 -2.10591e-19)
(0.978168 -0.0751048 8.00573e-19)
(0.96461 -0.101405 -1.00599e-19)
(0.947905 -0.132016 -1.12348e-19)
(0.928196 -0.168582 -5.5588e-19)
(0.905913 -0.213246 3.99251e-19)
(0.881415 -0.268499 1.95639e-19)
(0.857321 -0.332472 -1.88936e-18)
(0.999438 -0.00859951 2.15546e-19)
(0.995633 -0.0260801 -7.60057e-20)
(0.987985 -0.0444848 2.12363e-19)
(0.976591 -0.064652 3.509e-19)
(0.96146 -0.087507 -4.93934e-19)
(0.942409 -0.114215 -7.53142e-20)
(0.919242 -0.146291 6.90078e-20)
(0.891843 -0.185741 5.78329e-19)
(0.859808 -0.234962 1.03865e-18)
(0.823662 -0.292766 -6.01795e-19)
(0.99946 -0.00709009 -1.53992e-19)
(0.995559 -0.0215467 -9.33923e-21)
(0.987504 -0.0368373 -4.57098e-19)
(0.9753 -0.0536536 7.1485e-19)
(0.958863 -0.0727705 -6.22409e-19)
(0.93784 -0.0951828 1.20702e-18)
(0.911743 -0.122211 -1.4118e-18)
(0.879991 -0.155621 6.62694e-19)
(0.841601 -0.197545 -8.19608e-20)
(0.795651 -0.247318 8.50196e-20)
(0.999486 -0.00555196 1.49707e-19)
(0.995502 -0.0168917 -1.14503e-19)
(0.987117 -0.0289267 1.22496e-19)
(0.974265 -0.0422031 -1.65614e-19)
(0.956779 -0.0573362 4.13661e-20)
(0.934157 -0.0751259 3.04388e-19)
(0.905677 -0.0966466 2.84956e-19)
(0.870387 -0.123345 -1.79986e-18)
(0.826862 -0.156965 2.69809e-20)
(0.773212 -0.197179 8.47884e-19)
(0.999512 -0.00398747 -6.35975e-20)
(0.995461 -0.0121399 1.27323e-20)
(0.986824 -0.0208135 -1.6563e-19)
(0.973481 -0.0304042 1.91906e-19)
(0.9552 -0.041359 -7.60244e-20)
(0.931362 -0.0542631 8.03496e-20)
(0.901071 -0.0699077 -9.17409e-20)
(0.863096 -0.0893619 4.72332e-19)
(0.815691 -0.113911 -9.5073e-19)
(0.75634 -0.143417 5.766e-19)
(0.999532 -0.00240177 4.48838e-20)
(0.995436 -0.00731501 -2.49273e-20)
(0.986626 -0.0125506 -1.96695e-20)
(0.972952 -0.0183488 2.28816e-19)
(0.954134 -0.024981 -3.95652e-20)
(0.929478 -0.0328039 -2.84907e-20)
(0.897967 -0.042301 -5.25985e-20)
(0.858188 -0.0541275 -1.04292e-19)
(0.808184 -0.0690692 4.97479e-19)
(0.745063 -0.0870793 -6.87597e-19)
(0.999543 -0.000802184 2.53823e-20)
(0.995424 -0.00244363 -6.87792e-21)
(0.986527 -0.00419414 -3.62128e-20)
(0.972685 -0.00613425 5.38394e-20)
(0.953598 -0.00835497 4.08421e-20)
(0.928529 -0.0109761 -1.49391e-20)
(0.896403 -0.0141604 9.42417e-20)
(0.855719 -0.0181282 -1.73723e-19)
(0.80441 -0.0231441 6.06243e-21)
(0.739415 -0.0291978 1.20058e-19)
(1.00003 -0.000243024 0)
(1.00032 -0.000728515 0)
(1.00089 -0.00120897 0)
(1.00177 -0.00167879 0)
(1.00294 -0.00213249 0)
(1.0044 -0.00256502 0)
(1.00611 -0.00297163 0)
(1.00807 -0.00334838 0)
(1.01025 -0.00368818 0)
(1.01265 -0.00400832 0)
(1.00004 -0.000758884 0)
(1.00036 -0.00227473 0)
(1.00099 -0.00377465 0)
(1.00198 -0.00524116 0)
(1.0033 -0.00665704 0)
(1.00493 -0.00800638 0)
(1.00685 -0.00927416 0)
(1.00905 -0.0104481 0)
(1.01149 -0.0115056 0)
(1.01421 -0.0125027 0)
(1.00005 -0.00136757 0)
(1.00044 -0.00409918 0)
(1.00123 -0.00680191 0)
(1.00244 -0.00944402 0)
(1.00407 -0.0119941 0)
(1.00608 -0.0144228 0)
(1.00845 -0.016702 0)
(1.01116 -0.0188089 0)
(1.01415 -0.0206979 0)
(1.01757 -0.0224864 0)
(1.00006 -0.0021461 0)
(1.00058 -0.00643322 0)
(1.00162 -0.0106758 0)
(1.00322 -0.0148243 0)
(1.00537 -0.0188292 0)
(1.00802 -0.022644 0)
(1.01116 -0.026223 0)
(1.01475 -0.0295292 0)
(1.01871 -0.0324805 0)
(1.02337 -0.0353057 0)
(1.00009 -0.00319452 0)
(1.00079 -0.0095772 0)
(1.00221 -0.0158971 0)
(1.0044 -0.0220835 0)
(1.00735 -0.0280644 0)
(1.011 -0.0337701 0)
(1.01531 -0.0391285 0)
(1.02029 -0.0440811 0)
(1.02573 -0.048476 0)
(1.03238 -0.0527466 0)
(1.00012 -0.0046414 0)
(1.0011 -0.0139177 0)
(1.00306 -0.0231152 0)
(1.0061 -0.032144 0)
(1.0102 -0.0409101 0)
(1.0153 -0.0493173 0)
(1.02138 -0.0572582 0)
(1.02848 -0.0646463 0)
(1.03627 -0.0712046 0)
(1.04617 -0.0777738 0)
(1.00016 -0.00663217 0)
(1.00151 -0.0198936 0)
(1.00417 -0.0330813 0)
(1.00829 -0.0461064 0)
(1.01386 -0.0588679 0)
(1.02088 -0.0712479 0)
(1.02933 -0.0830911 0)
(1.03933 -0.0942671 0)
(1.05042 -0.104234 0)
(1.06494 -0.114599 0)
(1.00021 -0.00922256 0)
(1.0019 -0.0276844 0)
(1.00523 -0.0461583 0)
(1.01039 -0.0646249 0)
(1.01745 -0.0830331 0)
(1.02654 -0.101286 0)
(1.03779 -0.119206 0)
(1.05158 -0.136656 0)
(1.0675 -0.152681 0)
(1.0892 -0.170457 0)
(1.00021 -0.0120931 0)
(1.00186 -0.0363622 0)
(1.0051 -0.0608992 0)
(1.01024 -0.0859096 0)
(1.01752 -0.111556 0)
(1.02731 -0.137918 0)
(1.04007 -0.164918 0)
(1.05638 -0.192517 0)
(1.07663 -0.218986 0)
(1.10289 -0.250849 0)
(1.00013 -0.0147521 0)
(1.0009 -0.0447634 0)
(1.00228 -0.0761213 0)
(1.00455 -0.109646 0)
(1.00824 -0.146209 0)
(1.01419 -0.186688 0)
(1.0236 -0.231814 0)
(1.03773 -0.282244 0)
(1.05917 -0.335905 0)
(1.08484 -0.403319 0)
(1.0146 -0.00412308 5.73314e-22)
(1.01603 -0.00419297 6.65949e-22)
(1.0175 -0.00425302 8.98507e-22)
(1.019 -0.00430504 8.07538e-23)
(1.02054 -0.0043504 -1.69681e-21)
(1.0221 -0.00439006 3.96797e-22)
(1.02369 -0.00442483 7.37367e-22)
(1.02531 -0.0044554 1.71634e-22)
(1.02693 -0.0044823 -7.43641e-22)
(1.02857 -0.00450592 5.31634e-22)
(1.01629 -0.012851 -1.43038e-21)
(1.01782 -0.0130648 4.34622e-21)
(1.0194 -0.0132513 -4.0918e-21)
(1.02102 -0.0134147 -4.89689e-22)
(1.02267 -0.0135575 2.62631e-22)
(1.02436 -0.0136815 -1.35817e-21)
(1.02609 -0.013788 1.04462e-21)
(1.02785 -0.0138786 -4.53419e-22)
(1.02963 -0.0139548 7.82358e-22)
(1.03144 -0.0140178 -1.73474e-22)
(1.01995 -0.0230156 -1.57942e-21)
(1.02172 -0.0233333 -7.62347e-22)
(1.02353 -0.0236071 3.09016e-21)
(1.02539 -0.0238438 3.84182e-21)
(1.02729 -0.0240477 -3.54097e-23)
(1.02925 -0.0242207 -1.58729e-21)
(1.03126 -0.0243651 -7.32555e-22)
(1.03331 -0.0244834 9.06474e-23)
(1.0354 -0.0245782 -1.66359e-22)
(1.03752 -0.0246519 1.273e-22)
(1.02627 -0.0359474 1.23776e-20)
(1.02845 -0.0363237 1.24668e-20)
(1.03068 -0.0366424 -4.53175e-21)
(1.03295 -0.0369151 8.30045e-21)
(1.03527 -0.0371467 1.94485e-21)
(1.03767 -0.037339 4.73981e-21)
(1.04015 -0.0374942 -1.65737e-22)
(1.04268 -0.0376153 -1.29171e-22)
(1.04528 -0.0377056 -6.6721e-22)
(1.04793 -0.0377686 2.10925e-22)
(1.03605 -0.0533191 8.30687e-21)
(1.03888 -0.0536198 1.43262e-21)
(1.04173 -0.0538418 -1.04278e-20)
(1.0446 -0.0540048 -7.22943e-21)
(1.04756 -0.0541154 3.22717e-21)
(1.05063 -0.0541748 -1.0032e-20)
(1.05381 -0.0541858 2.89012e-21)
(1.05708 -0.0541532 1.27978e-22)
(1.06045 -0.054083 -4.62745e-22)
(1.06392 -0.0539812 4.51596e-22)
(1.05121 -0.0781234 -1.78243e-21)
(1.05516 -0.0782493 -2.24135e-20)
(1.05906 -0.0782775 2.15975e-20)
(1.06293 -0.0782413 -6.97114e-21)
(1.06692 -0.0781508 -1.07951e-20)
(1.07109 -0.0780045 1.09311e-20)
(1.07541 -0.0778031 3.58425e-21)
(1.07987 -0.0775514 9.85413e-22)
(1.08447 -0.0772566 -1.85978e-23)
(1.08921 -0.076926 1.92973e-22)
(1.072 -0.11423 -2.28289e-20)
(1.07778 -0.113751 7.13332e-20)
(1.08342 -0.113064 -1.36791e-20)
(1.08889 -0.112251 9.57649e-22)
(1.09451 -0.111346 1.00358e-20)
(1.10037 -0.110351 -1.31361e-20)
(1.10645 -0.109264 6.75948e-21)
(1.11271 -0.108095 -2.53929e-21)
(1.11915 -0.106852 9.37841e-22)
(1.12578 -0.105549 -1.41025e-22)
(1.10055 -0.170161 2.55018e-20)
(1.11032 -0.169566 1.04964e-20)
(1.11964 -0.168463 6.43665e-20)
(1.12837 -0.167 -2.71486e-20)
(1.13715 -0.165283 5.74692e-21)
(1.14626 -0.163355 1.1544e-20)
(1.15566 -0.161252 3.0577e-21)
(1.1653 -0.15902 7.79555e-22)
(1.17516 -0.1567 -5.8825e-21)
(1.18526 -0.154316 5.76156e-21)
(1.1217 -0.249573 1.15589e-20)
(1.13999 -0.248409 -7.57625e-20)
(1.15785 -0.246536 -7.44602e-20)
(1.17394 -0.243864 4.03096e-20)
(1.18938 -0.240318 6.58058e-21)
(1.20473 -0.235841 9.25094e-22)
(1.21991 -0.230433 -1.5667e-20)
(1.23474 -0.224131 2.53044e-20)
(1.24916 -0.216976 -2.89874e-20)
(1.26309 -0.208999 -4.31855e-24)
(1.11923 -0.39899 2.64671e-19)
(1.15316 -0.395151 7.69427e-20)
(1.18779 -0.391307 4.03933e-20)
(1.22126 -0.386672 -3.41758e-20)
(1.25422 -0.380811 2.26411e-20)
(1.28641 -0.373515 1.843e-21)
(1.31708 -0.364569 -2.73016e-21)
(1.34552 -0.353728 1.41195e-20)
(1.37105 -0.340746 2.78287e-20)
(1.39292 -0.3254 -7.86839e-22)
(1.03022 -0.00452649 1.05196e-21)
(1.03188 -0.00454406 -1.9504e-21)
(1.03353 -0.00455856 6.1739e-22)
(1.03518 -0.0045698 -6.08646e-21)
(1.03682 -0.00457744 2.41483e-21)
(1.03845 -0.00458109 6.56381e-21)
(1.04007 -0.00458019 -1.27854e-21)
(1.04167 -0.00457384 -2.92086e-22)
(1.04325 -0.00455921 5.11821e-22)
(1.04479 -0.00452154 1.36584e-21)
(1.03325 -0.0140688 -4.5952e-22)
(1.03508 -0.0141086 2.58298e-21)
(1.03691 -0.014138 -2.31734e-21)
(1.03874 -0.0141575 -5.25496e-21)
(1.04057 -0.0141674 9.60312e-21)
(1.0424 -0.0141679 -3.52584e-22)
(1.04421 -0.0141587 4.29296e-21)
(1.04602 -0.0141385 -3.27717e-21)
(1.04781 -0.0140989 -6.09315e-22)
(1.04957 -0.0139887 -1.22891e-21)
(1.03967 -0.024707 2.59021e-23)
(1.04184 -0.0247455 -8.06561e-23)
(1.04404 -0.0247693 4.73793e-22)
(1.04626 -0.0247802 3.79717e-21)
(1.04849 -0.0247796 1.24018e-21)
(1.05073 -0.0247686 -4.21018e-21)
(1.05298 -0.0247479 -8.05349e-21)
(1.05525 -0.0247157 1.15875e-20)
(1.05752 -0.0246561 -3.0372e-21)
(1.0598 -0.0244648 -1.67403e-21)
(1.05064 -0.0378074 1.63778e-21)
(1.05339 -0.0378251 -2.63946e-21)
(1.05619 -0.0378245 3.80155e-21)
(1.05904 -0.0378084 -3.40983e-22)
(1.06194 -0.0377796 -1.0256e-21)
(1.06487 -0.0377405 7.97289e-21)
(1.06786 -0.0376931 6.84911e-21)
(1.07088 -0.0376357 1.60687e-20)
(1.07396 -0.0375427 5.11834e-21)
(1.07712 -0.0372278 1.72671e-20)
(1.06748 -0.0538542 1.42651e-21)
(1.07113 -0.0537083 -5.31752e-22)
(1.07488 -0.0535499 -5.61274e-21)
(1.07873 -0.0533855 -1.37318e-20)
(1.08268 -0.0532216 3.84669e-21)
(1.08674 -0.0530641 -1.40332e-21)
(1.09091 -0.0529178 6.78253e-21)
(1.09519 -0.052782 -3.06661e-20)
(1.09958 -0.0526195 -2.13697e-21)
(1.10422 -0.0521221 9.11257e-21)
(1.09409 -0.0765667 -1.64808e-21)
(1.09913 -0.0761853 -4.74354e-21)
(1.10433 -0.075788 7.59465e-21)
(1.10968 -0.0753799 -1.04771e-20)
(1.1152 -0.0749644 2.04884e-20)
(1.12089 -0.0745432 -1.79067e-20)
(1.12675 -0.0741149 1.62232e-20)
(1.13275 -0.0736705 2.35883e-20)
(1.13891 -0.0731546 -3.081e-20)
(1.14552 -0.072101 1.34484e-21)
(1.13262 -0.104199 5.63718e-21)
(1.13968 -0.102815 -5.39669e-21)
(1.14698 -0.101411 -7.58894e-21)
(1.15453 -0.0999957 -3.94156e-21)
(1.16232 -0.0985754 -1.267e-20)
(1.17035 -0.0971459 1.56376e-20)
(1.17857 -0.0956907 -5.49407e-20)
(1.18692 -0.0941749 3.51793e-20)
(1.19528 -0.0925093 8.91032e-20)
(1.20398 -0.0900417 5.66396e-21)
(1.19559 -0.151873 -1.78827e-21)
(1.20612 -0.149352 -1.31461e-20)
(1.21678 -0.146706 2.54652e-20)
(1.22747 -0.143858 -4.37993e-20)
(1.23802 -0.140699 -1.40079e-20)
(1.24822 -0.137089 3.42165e-20)
(1.25779 -0.132866 4.3734e-20)
(1.26641 -0.127859 7.32475e-20)
(1.27377 -0.121888 6.6191e-20)
(1.27914 -0.11397 -1.04436e-20)
(1.2764 -0.200206 1.35173e-20)
(1.28889 -0.190563 2.234e-20)
(1.30027 -0.180005 -2.36156e-20)
(1.31018 -0.168436 8.07885e-20)
(1.31818 -0.155759 -9.12874e-20)
(1.3238 -0.141904 -1.74156e-19)
(1.32655 -0.12687 2.6504e-19)
(1.32596 -0.110771 -1.22627e-19)
(1.32211 -0.093886 -1.47684e-19)
(1.30817 -0.0752083 3.78089e-20)
(1.41026 -0.307505 -2.22637e-20)
(1.42207 -0.286958 -2.12776e-20)
(1.42728 -0.263793 1.94326e-19)
(1.42481 -0.23826 -3.16323e-20)
(1.41367 -0.210903 -1.40768e-19)
(1.39311 -0.182631 -7.9885e-20)
(1.36271 -0.154756 8.83838e-20)
(1.32243 -0.128943 -1.4979e-20)
(1.27244 -0.10703 1.53096e-19)
(1.19466 -0.0882585 4.88424e-19)
(1.05547 -0.00347362 0)
(1.06589 -0.000961984 0)
(1.06797 0.000513633 0)
(1.06272 0.00100518 0)
(1.05732 0.0010835 0)
(1.05093 0.00105487 0)
(1.04768 0.000941572 0)
(1.04256 0.00081042 0)
(1.04111 0.00067383 0)
(1.03627 0.000607352 0)
(1.06144 -0.0105705 0)
(1.07178 -0.00283864 0)
(1.07309 0.00157038 0)
(1.06729 0.00304583 0)
(1.0618 0.00329485 0)
(1.0554 0.00318388 0)
(1.05222 0.00282067 0)
(1.04713 0.00241127 0)
(1.04577 0.00199835 0)
(1.04102 0.00180413 0)
(1.07431 -0.0179361 0)
(1.08425 -0.00444559 0)
(1.08394 0.00280126 0)
(1.07702 0.0051869 0)
(1.07132 0.00559185 0)
(1.06477 0.00533789 0)
(1.06169 0.00467715 0)
(1.05653 0.00396784 0)
(1.05532 0.00326724 0)
(1.05056 0.00297404 0)
(1.09587 -0.0259725 0)
(1.10465 -0.00561447 0)
(1.10165 0.00442165 0)
(1.09292 0.00756102 0)
(1.08678 0.00802869 0)
(1.07968 0.00752981 0)
(1.07662 0.00653384 0)
(1.0709 0.00551312 0)
(1.06981 0.00452259 0)
(1.06445 0.00418576 0)
(1.12945 -0.034065 0)
(1.13512 -0.00586156 0)
(1.12762 0.00700972 0)
(1.11593 0.0106863 0)
(1.10863 0.0109813 0)
(1.1001 0.00999924 0)
(1.0965 0.00862823 0)
(1.08918 0.00724345 0)
(1.08786 0.00599965 0)
(1.08059 0.00565031 0)
(1.17794 -0.0434335 0)
(1.17675 -0.00605798 0)
(1.1617 0.0107925 0)
(1.14479 0.0152529 0)
(1.13455 0.0152001 0)
(1.1229 0.0133732 0)
(1.11741 0.0115817 0)
(1.10679 0.00965498 0)
(1.10434 0.00824842 0)
(1.09332 0.00776782 0)
(1.24302 -0.049619 0)
(1.22609 -0.00600367 0)
(1.19764 0.0161812 0)
(1.17109 0.0219257 0)
(1.15445 0.0216228 0)
(1.13728 0.0185979 0)
(1.12769 0.0163491 0)
(1.11225 0.0135023 0)
(1.1073 0.0120573 0)
(1.09152 0.011 0)
(1.30367 -0.0553713 0)
(1.25701 -0.00741979 0)
(1.20939 0.0227735 0)
(1.1684 0.0303094 0)
(1.14223 0.0305992 0)
(1.11864 0.0262946 0)
(1.10396 0.0235833 0)
(1.085 0.0192288 0)
(1.0772 0.0178162 0)
(1.0595 0.0153331 0)
(1.30372 -0.00301276 0)
(1.20183 0.0230605 0)
(1.13725 0.0495361 0)
(1.08337 0.0481889 0)
(1.053 0.0456527 0)
(1.0302 0.0374299 0)
(1.01634 0.0329727 0)
(1.00245 0.0258504 0)
(0.995536 0.0242373 0)
(0.985662 0.0193045 0)
(1.02789 0.057725 0)
(0.905525 0.0718278 0)
(0.88301 0.0906695 0)
(0.852348 0.0655559 0)
(0.851371 0.0583059 0)
(0.854049 0.0440945 0)
(0.858641 0.037705 0)
(0.866074 0.0278952 0)
(0.868328 0.0265335 0)
(0.879514 0.0193157 0)
(0.64442 0.0913143 2.72956e-19)
(0.610275 0.0876631 -3.98692e-20)
(0.67364 0.0910426 -1.64416e-20)
(0.682857 0.060378 1.49706e-20)
(0.715943 0.0521308 1.88651e-20)
(0.741722 0.0381604 -4.82503e-22)
(0.762327 0.0322009 -1.93706e-21)
(0.786164 0.0235109 -1.36756e-22)
(0.795659 0.0222919 -2.24946e-23)
(0.821406 0.0157972 4.19086e-22)
(0.531175 0.0834305 -2.04491e-20)
(0.521231 0.0843673 -4.20701e-20)
(0.611675 0.0869464 3.00576e-20)
(0.634241 0.0572027 -2.03448e-20)
(0.678007 0.0492684 -1.51697e-21)
(0.710918 0.0359122 3.75285e-21)
(0.736286 0.03023 5.45051e-22)
(0.764762 0.022036 1.70701e-21)
(0.776228 0.0208261 6.32431e-23)
(0.805839 0.0146872 -7.47678e-22)
(0.423239 0.0683059 1.76643e-19)
(0.434045 0.0784018 2.49519e-20)
(0.550161 0.0809768 2.04631e-20)
(0.586362 0.0532349 2.80281e-20)
(0.640816 0.045678 -6.3077e-21)
(0.680975 0.0331973 -1.94721e-21)
(0.711163 0.0278644 -3.01407e-21)
(0.744303 0.0202877 -1.21216e-21)
(0.757806 0.0190969 -2.24831e-22)
(0.791241 0.0134228 4.08053e-22)
(0.323176 0.0545729 -3.60039e-19)
(0.351202 0.0720249 3.92298e-20)
(0.490852 0.074033 -7.07306e-20)
(0.540483 0.0485892 3.2537e-21)
(0.605316 0.041456 -1.44607e-21)
(0.65261 0.0300267 6.66524e-21)
(0.687522 0.02512 -4.79716e-22)
(0.725208 0.0182622 2.81721e-23)
(0.740738 0.0171259 1.23399e-23)
(0.777851 0.011996 2.68857e-22)
(0.233241 0.042389 2.9516e-19)
(0.275043 0.0642931 -1.22189e-19)
(0.435585 0.0657017 -1.79351e-20)
(0.497933 0.0430404 1.37109e-20)
(0.572496 0.0365329 4.17258e-21)
(0.626557 0.0263767 -5.14459e-21)
(0.665934 0.0219989 -1.19959e-21)
(0.707896 0.0159687 -5.40407e-22)
(0.725362 0.0149267 -1.4339e-22)
(0.765898 0.0104207 6.57147e-22)
(0.155367 0.0314834 -2.80495e-20)
(0.207769 0.0549141 1.31084e-19)
(0.386185 0.0559065 1.34915e-20)
(0.460036 0.0365859 -1.59179e-20)
(0.543336 0.0309293 1.85981e-20)
(0.603537 0.022273 6.66949e-22)
(0.646952 0.0185276 2.18963e-21)
(0.692765 0.0134302 1.66639e-22)
(0.711996 0.0125198 4.14542e-22)
(0.755588 0.00871543 -6.88886e-22)
(0.0911849 0.0221363 -1.25523e-19)
(0.15135 0.0441523 -1.90027e-20)
(0.34435 0.0448502 5.0197e-20)
(0.428028 0.0293415 -7.29044e-21)
(0.518752 0.0247278 -8.08406e-21)
(0.584213 0.017771 1.26764e-21)
(0.631081 0.0147502 -4.66899e-22)
(0.680178 0.0106785 1.16213e-22)
(0.700927 0.00993318 -8.05557e-23)
(0.747105 0.0068997 1.1739e-22)
(0.041975 0.0144204 2.93965e-20)
(0.107461 0.0323227 6.15617e-23)
(0.31156 0.0327863 1.57854e-20)
(0.402989 0.0214504 -7.11274e-21)
(0.499546 0.0180353 -1.71756e-21)
(0.569169 0.0129412 1.10976e-21)
(0.618763 0.010722 -6.92677e-22)
(0.670446 0.00775222 1.63196e-22)
(0.692397 0.00720087 -1.43983e-22)
(0.740602 0.00499517 -3.3876e-22)
(0.00866894 0.00806292 2.01951e-20)
(0.0774295 0.0197131 -2.39839e-20)
(0.289003 0.0199784 -1.93384e-20)
(0.385789 0.0130749 4.43203e-21)
(0.486363 0.0109757 1.13322e-21)
(0.558867 0.00786648 -7.97009e-22)
(0.610347 0.00650727 5.22243e-22)
(0.663815 0.00469654 8.05186e-23)
(0.6866 0.0043611 1.11767e-22)
(0.736199 0.00302565 -2.23531e-22)
(-0.00813131 0.00258564 -1.99385e-21)
(0.0621768 0.00662248 1.52165e-20)
(0.27751 0.00671153 5.87889e-21)
(0.377032 0.00439853 -3.48081e-22)
(0.479655 0.0036887 1.01774e-21)
(0.553633 0.00264019 -1.87206e-22)
(0.606077 0.00217756 1.56958e-22)
(0.660456 0.00156125 1.86635e-23)
(0.683667 0.00145546 2.21683e-24)
(0.733976 0.00101647 2.37541e-22)
)
;

boundaryField
{
    inlet
    {
        type            uniformFixedValue;
        uniformValue    constant (1 0 0);
        value           uniform (1 0 0);
    }
    outlet
    {
        type            pressureInletOutletVelocity;
        value           nonuniform List<vector> 
40
(
(0.879503 -0.0193098 0)
(0.985651 -0.0192971 0)
(1.05949 -0.0153251 0)
(1.09151 -0.0109926 0)
(1.09331 -0.00776168 0)
(1.08058 -0.00564559 0)
(1.06444 -0.00418237 0)
(1.05056 -0.00297179 0)
(1.04102 -0.00180285 0)
(1.03627 -0.000606939 0)
(0.733976 -0.00100605 2.43667e-22)
(0.736198 -0.0030153 -2.23312e-22)
(0.7406 -0.00498499 -3.26112e-22)
(0.747102 -0.00688974 1.21e-22)
(0.755584 -0.00870577 -6.42367e-22)
(0.765894 -0.0104114 6.88942e-22)
(0.777846 -0.0119871 2.65333e-22)
(0.791235 -0.0134143 3.81218e-22)
(0.805832 -0.014679 -8.04517e-22)
(0.821398 -0.0157895 3.67894e-22)
(0.821406 0.0157972 4.19086e-22)
(0.805839 0.0146872 -7.47678e-22)
(0.791241 0.0134228 4.08053e-22)
(0.777851 0.011996 2.68857e-22)
(0.765898 0.0104207 6.57147e-22)
(0.755588 0.00871543 -6.88886e-22)
(0.747105 0.0068997 1.1739e-22)
(0.740602 0.00499517 -3.3876e-22)
(0.736199 0.00302565 -2.23531e-22)
(0.733976 0.00101647 2.37541e-22)
(1.03627 0.000607352 0)
(1.04102 0.00180413 0)
(1.05056 0.00297404 0)
(1.06445 0.00418576 0)
(1.08059 0.00565031 0)
(1.09332 0.00776782 0)
(1.09152 0.011 0)
(1.0595 0.0153331 0)
(0.985662 0.0193045 0)
(0.879514 0.0193157 0)
)
;
    }
    cylinder
    {
        type            fixedValue;
        value           uniform (0 0 0);
    }
    top
    {
        type            symmetryPlane;
    }
    bottom
    {
        type            symmetryPlane;
    }
    defaultFaces
    {
        type            empty;
    }
}


// ************************************************************************* //
