/*--------------------------------*- C++ -*----------------------------------*\
  =========                 |
  \\      /  F ield         | OpenFOAM: The Open Source CFD Toolbox
   \\    /   O peration     | Website:  https://openfoam.org
    \\  /    A nd           | Version:  6.0
     \\/     M anipulation  |
\*---------------------------------------------------------------------------*/
FoamFile
{
    version     2.0;
    format      ascii;
    class       volVectorField;
    location    "60";
    object      U;
}
// * * * * * * * * * * * * * * * * * * * * * * * * * * * * * * * * * * * * * //

dimensions      [0 1 -1 0 0 0 0];

internalField   nonuniform List<vector> 
2000
(
(-0.00199122 0.0017383 5.72897e-20)
(-0.00762155 0.00330243 6.80426e-20)
(-0.0153301 0.00366165 -6.48677e-20)
(-0.0223323 0.00333729 -1.32364e-19)
(-0.0276804 0.00263963 -9.24634e-20)
(-0.0312213 0.00177178 1.23181e-19)
(-0.0330527 0.000879139 7.17492e-20)
(-0.0334436 6.84009e-05 -2.90248e-20)
(-0.0328262 -0.000581308 -7.24567e-20)
(-0.0314952 -0.0010061 5.28305e-20)
(-0.00248969 0.00512125 -1.42006e-19)
(-0.00837064 0.00968531 1.96035e-19)
(-0.0157251 0.0106972 1.95484e-20)
(-0.022025 0.00969704 -1.13551e-19)
(-0.0264593 0.00759779 5.43355e-19)
(-0.0289517 0.0049963 -2.39137e-19)
(-0.0296475 0.0023209 -2.58715e-19)
(-0.0288424 -0.000110115 3.12043e-19)
(-0.0269847 -0.00205502 -3.07748e-19)
(-0.0244468 -0.00332137 1.55254e-19)
(-0.00343574 0.00822481 2.35846e-20)
(-0.00972805 0.0154094 8.3882e-21)
(-0.0163014 0.0168858 5.87514e-19)
(-0.0211436 0.0151399 2.06094e-19)
(-0.0237175 0.0116329 4.08752e-20)
(-0.0240981 0.00731648 3.3802e-19)
(-0.0225237 0.00287652 -6.42024e-19)
(-0.0193385 -0.0011642 1.39244e-20)
(-0.0150202 -0.00438891 -3.79647e-19)
(-0.0101031 -0.00647402 4.18227e-19)
(-0.00472402 0.0108679 -4.4365e-20)
(-0.0114033 0.0200601 2.55239e-19)
(-0.0166177 0.0217186 -7.43651e-19)
(-0.0191361 0.0191488 -9.61238e-20)
(-0.018832 0.0142671 -5.47352e-19)
(-0.0160035 0.00831126 5.66872e-19)
(-0.0110228 0.00217593 -6.01274e-19)
(-0.00429657 -0.00342979 4.22266e-19)
(0.00366268 -0.00789615 1.77522e-19)
(0.012063 -0.010764 -2.00596e-19)
(-0.00618704 0.0128747 -4.93785e-19)
(-0.0129399 0.0232571 4.45591e-21)
(-0.0159822 0.0247661 9.1607e-19)
(-0.0151343 0.0213424 2.74634e-19)
(-0.0108146 0.0152248 -8.73239e-19)
(-0.00361589 0.00783516 5.42998e-19)
(0.00591808 0.000196194 6.15479e-19)
(0.0173136 -0.00683861 -5.48747e-19)
(0.0300352 -0.0124519 3.91252e-19)
(0.042923 -0.0160462 9.60768e-20)
(-0.00758374 0.0140742 6.7497e-20)
(-0.0136957 0.0246647 1.25187e-20)
(-0.0134291 0.0257004 -1.17119e-18)
(-0.00792071 0.0215113 -6.55218e-19)
(0.00173556 0.0144919 7.8162e-19)
(0.0145785 0.00611538 -9.1531e-19)
(0.0298492 -0.00258968 1.04885e-18)
(0.0470084 -0.0107141 -9.05979e-20)
(0.0655389 -0.0172483 -2.95075e-19)
(0.0837985 -0.0214696 -8.57616e-19)
(-0.0085878 0.014304 -1.46871e-19)
(-0.0128317 0.0240055 -2.68247e-19)
(-0.00771332 0.0243086 -3.29555e-19)
(0.00407929 0.0196267 7.03031e-19)
(0.0206595 0.0123268 1.30412e-18)
(0.0406175 0.00378467 -2.69543e-19)
(0.0629138 -0.00513206 -6.5602e-19)
(0.0869286 -0.0136319 2.00087e-19)
(0.112249 -0.0206141 -1.26006e-18)
(0.136672 -0.0252821 1.38407e-18)
(-0.00878373 0.0134241 8.98269e-19)
(-0.00932802 0.0210859 -4.90319e-19)
(0.00264609 0.0205022 9.57249e-19)
(0.0227355 0.0158174 -1.56395e-18)
(0.0481732 0.00920557 -7.4728e-19)
(0.0770138 0.00182625 -1.03508e-18)
(0.107829 -0.00579395 3.00719e-19)
(0.139842 -0.0132483 -8.37261e-19)
(0.172876 -0.0195726 1.82327e-18)
(0.204272 -0.0240791 5.1039e-19)
(-0.00768223 0.0113475 6.61293e-20)
(-0.00204465 0.015839 7.98689e-19)
(0.0192553 0.0143224 1.58718e-18)
(0.0500645 0.0103001 4.85007e-19)
(0.0867017 0.0056593 1.43555e-18)
(0.126594 0.00136009 7.86848e-20)
(0.167732 -0.00240709 -7.09218e-22)
(0.208919 -0.00569223 5.78752e-19)
(0.250232 -0.00783843 4.68105e-19)
(0.289113 -0.00926203 -1.51927e-18)
(-0.00477046 0.00808576 -5.32099e-19)
(0.0101469 0.0083845 -8.91188e-19)
(0.0436435 0.00593785 -1.29538e-18)
(0.0879959 0.0032091 3.0611e-20)
(0.138749 0.0017569 -6.60369e-19)
(0.192804 0.00254293 1.04082e-18)
(0.247586 0.00588949 -2.86548e-18)
(0.301159 0.0120154 1.28647e-18)
(0.352881 0.0215154 4.83549e-19)
(0.400028 0.0302481 1.51713e-18)
(0.000388683 0.00380852 2.66173e-19)
(0.0281179 -0.000874424 -1.01894e-18)
(0.0768093 -0.00427284 9.09816e-19)
(0.137563 -0.00546141 -3.52977e-19)
(0.205553 -0.00344239 3.83943e-19)
(0.277819 0.00270789 8.35868e-19)
(0.352527 0.0137259 -1.12225e-18)
(0.429273 0.0305533 1.45809e-19)
(0.509035 0.0524535 -5.37766e-19)
(0.594169 0.0694539 1.0911e-18)
(0.0080602 -0.00110794 3.81364e-19)
(0.0522601 -0.0110931 -9.23804e-19)
(0.118756 -0.0153294 1.25868e-18)
(0.197748 -0.0150187 -7.83865e-19)
(0.284048 -0.0102793 -2.87556e-19)
(0.374602 -0.000971789 1.70247e-19)
(0.467604 0.0128154 8.80211e-20)
(0.562487 0.0307703 1.19394e-18)
(0.658901 0.0501773 3.4371e-19)
(0.754557 0.0623404 1.46941e-18)
(0.018352 -0.00610194 -3.40399e-19)
(0.0826125 -0.0209185 1.19443e-18)
(0.169007 -0.0252636 -9.96638e-19)
(0.267054 -0.022831 -1.16885e-18)
(0.371087 -0.0151006 1.63535e-18)
(0.477614 -0.0028656 -1.24343e-18)
(0.584238 0.0129433 3.28446e-19)
(0.689404 0.0312141 -1.94708e-18)
(0.791332 0.0492643 1.4585e-18)
(0.886039 0.0617496 7.28722e-20)
(0.0312702 -0.0105458 -4.43622e-19)
(0.118976 -0.0287937 -4.28431e-19)
(0.226869 -0.0317842 -9.1231e-19)
(0.344062 -0.0258912 1.10583e-18)
(0.464446 -0.0140392 -5.58542e-20)
(0.584059 0.00207635 7.14919e-19)
(0.699967 0.0208543 1.30421e-18)
(0.809928 0.0407968 -4.00789e-19)
(0.911575 0.0598094 -1.4176e-18)
(1.0009 0.0748785 2.81449e-18)
(0.0467452 -0.0138316 -2.29305e-19)
(0.16091 -0.0332167 -2.73515e-19)
(0.291339 -0.03278 4.92212e-19)
(0.427113 -0.0216645 -9.1489e-19)
(0.561883 -0.00426152 1.56304e-19)
(0.691439 0.0168805 1.39095e-19)
(0.812661 0.039613 6.1e-20)
(0.923199 0.0622304 -9.85865e-21)
(1.02086 0.0832295 -1.49426e-19)
(1.10226 0.100992 -2.37938e-18)
(0.0646184 -0.0153976 9.30815e-19)
(0.207682 -0.0328631 -6.49605e-19)
(0.360982 -0.0265371 8.30768e-21)
(0.514052 -0.00833832 -9.89342e-19)
(0.660652 0.0159069 -3.53958e-19)
(0.7967 0.0428758 3.30956e-19)
(0.919359 0.0699943 2.57015e-19)
(1.02673 0.0954718 -9.15863e-19)
(1.11735 0.118343 7.48588e-19)
(1.18885 0.137793 -9.81504e-19)
(0.0846109 -0.0147325 4.01744e-19)
(0.258228 -0.0266431 -3.57043e-19)
(0.433899 -0.0118354 1.48301e-18)
(0.602223 0.015101 1.51203e-19)
(0.757549 0.0470193 3.47494e-19)
(0.89641 0.0799696 1.54879e-18)
(1.01678 0.111131 -2.36812e-19)
(1.11772 0.138798 2.1577e-19)
(1.19888 0.162564 8.93471e-20)
(1.25919 0.182097 -1.09969e-19)
(0.106293 -0.0113861 2.80676e-19)
(0.31114 -0.0137427 6.7481e-19)
(0.507779 0.0120121 -7.22883e-19)
(0.688607 0.0488896 -2.44722e-19)
(0.849157 0.0886661 -3.02307e-19)
(0.987142 0.127018 4.68411e-19)
(1.10185 0.161148 -2.43644e-19)
(1.19374 0.189675 6.55496e-19)
(1.26384 0.212847 2.20581e-19)
(1.31249 0.230667 -3.59616e-19)
(0.129071 -0.00499455 -3.02463e-19)
(0.364701 0.00632851 2.68841e-19)
(0.580014 0.0451371 -5.73656e-19)
(0.770037 0.092543 2.47447e-19)
(0.932157 0.139656 -2.56758e-19)
(1.06583 0.182158 -3.20444e-19)
(1.17213 0.217628 -2.57328e-19)
(1.25319 0.245301 2.8758e-19)
(1.3115 0.266204 -5.422e-19)
(1.34885 0.280637 3.27669e-19)
(0.152191 0.00468204 -1.07814e-19)
(0.416945 0.0336823 -2.10896e-19)
(0.647852 0.0871018 1.00428e-19)
(0.84343 0.144924 6.1918e-21)
(1.0036 0.198186 8.3329e-20)
(1.13007 0.243068 1.1432e-19)
(1.22601 0.277938 1.05949e-19)
(1.29535 0.302935 -1.40493e-19)
(1.34201 0.31998 1.19606e-19)
(1.36911 0.329676 -1.87177e-19)
(0.174775 0.017719 -6.2409e-20)
(0.465772 0.0680015 -2.34114e-20)
(0.708577 0.1369 9.31611e-20)
(0.906006 0.204326 -4.28881e-20)
(1.0611 0.262007 1.14309e-19)
(1.17821 0.307192 -1.47593e-19)
(1.26274 0.33945 3.42079e-20)
(1.32037 0.360077 3.67045e-20)
(1.35627 0.371952 -1.53844e-20)
(1.37464 0.375987 5.82064e-20)
(0.195856 0.0339917 -6.73276e-20)
(0.509069 0.10851 -3.04676e-19)
(0.759689 0.192985 -2.11022e-20)
(0.955467 0.268575 6.27142e-21)
(1.10299 0.328579 -3.96269e-19)
(1.20943 0.371907 5.23873e-20)
(1.28239 0.399693 -4.46e-20)
(1.3291 0.414557 -1.07575e-19)
(1.35567 0.42033 2.24274e-19)
(1.36714 0.418232 -4.0892e-19)
(0.214444 0.0531504 -3.25169e-20)
(0.54485 0.15397 6.17055e-19)
(0.799063 0.253335 9.94241e-20)
(0.990133 0.335148 -5.43236e-19)
(1.12837 0.395217 -4.40512e-20)
(1.22372 0.434653 -5.20568e-19)
(1.28574 0.456425 3.81585e-19)
(1.32289 0.464539 -1.38445e-19)
(1.34191 0.463703 2.45594e-19)
(1.34841 0.45542 -1.79439e-19)
(0.229586 0.0746121 -2.0505e-19)
(0.571392 0.202718 1.95837e-19)
(0.825092 0.315541 -1.41352e-19)
(1.00902 0.401307 1.06544e-18)
(1.13708 0.459222 5.25825e-19)
(1.22172 0.493027 -1.21913e-19)
(1.27409 0.507671 4.10713e-19)
(1.30345 0.508499 -2.70251e-19)
(1.31688 0.500956 -7.52865e-20)
(1.32028 0.486799 4.93966e-19)
(0.240435 0.0975683 -3.54914e-19)
(0.587355 0.252731 4.51647e-19)
(0.836772 0.376931 -8.88608e-19)
(1.01185 0.464233 1.24791e-19)
(1.12966 0.51799 2.78861e-19)
(1.20468 0.544843 -4.27647e-19)
(1.24914 0.551725 -4.97907e-19)
(1.27272 0.545172 2.18553e-19)
(1.28252 0.531184 -2.63162e-19)
(1.28453 0.511755 3.15938e-19)
(0.246311 0.121012 -8.96743e-20)
(0.591872 0.301725 -4.59565e-19)
(0.833754 0.434707 2.54251e-19)
(0.999029 0.521159 4.26361e-19)
(1.10725 0.569097 -2.564e-19)
(1.17428 0.588156 -1.91024e-19)
(1.21287 0.587119 -1.04299e-19)
(1.23273 0.573484 -5.15616e-20)
(1.24077 0.553598 1.07858e-20)
(1.24291 0.52972 1.07507e-19)
(0.246758 0.143785 6.5818e-20)
(0.584617 0.347278 -3.85616e-19)
(0.816339 0.486098 6.43162e-19)
(0.971581 0.569494 -3.81066e-19)
(1.07145 0.610386 1.06475e-19)
(1.13247 0.621291 -1.51051e-19)
(1.16741 0.612602 1.62613e-19)
(1.18559 0.592496 3.11454e-20)
(1.19356 0.567431 -7.80188e-20)
(1.19711 0.540022 1.51532e-19)
(0.241593 0.164635 -1.73025e-19)
(0.565832 0.386974 3.38031e-19)
(0.785448 0.528508 -1.52033e-20)
(0.931025 0.60695 -7.32219e-20)
(1.02419 0.640034 -2.01308e-19)
(1.08145 0.642882 2.48047e-20)
(1.11501 0.627183 6.1537e-20)
(1.1335 0.601458 -1.51525e-19)
(1.14302 0.571983 1.76974e-19)
(1.1492 0.541879 1.5033e-19)
(0.230935 0.18231 3.84257e-20)
(0.536325 0.418561 -8.0927e-20)
(0.742531 0.559669 2.42482e-20)
(0.879238 0.631621 1.24397e-20)
(0.967553 0.656554 7.798e-20)
(1.02334 0.651785 -1.4407e-19)
(1.05788 0.629967 -3.01355e-19)
(1.07891 0.599657 -1.22932e-19)
(1.09213 0.566623 -1.57126e-19)
(1.10255 0.534701 1.3313e-19)
(0.21523 0.195653 1.1079e-19)
(0.497429 0.44013 -1.71725e-19)
(0.689467 0.577805 1.6575e-19)
(0.818263 0.64211 -3.14837e-19)
(0.903421 0.658818 7.63862e-20)
(0.959695 0.646834 5.16206e-19)
(0.997277 0.619363 -1.58295e-19)
(1.02316 0.584703 1.88173e-19)
(1.04271 0.548005 2.75481e-19)
(1.05903 0.515028 1.002e-18)
(0.195249 0.203726 6.80465e-19)
(0.450967 0.450295 -4.63022e-19)
(0.628513 0.581864 1.12683e-18)
(0.750268 0.637905 -1.92984e-19)
(0.833389 0.646758 9.66777e-19)
(0.891057 0.628052 6.06548e-19)
(0.93231 0.594737 -1.42499e-18)
(0.96357 0.55388 2.16352e-18)
(0.989456 0.507899 -4.57216e-19)
(1.00632 0.461007 8.99681e-19)
(0.17205 0.205874 -3.75361e-19)
(0.399204 0.448254 -2.67608e-19)
(0.562391 0.571529 2.58805e-19)
(0.677928 0.619481 -6.41015e-19)
(0.759661 0.622009 -2.00217e-18)
(0.818699 0.598991 -8.05201e-19)
(0.862692 0.563188 -7.25751e-19)
(0.897113 0.521741 3.51223e-19)
(0.925116 0.478159 2.92727e-18)
(0.942605 0.437392 -6.08909e-19)
(0.146894 0.201721 1.97538e-19)
(0.344727 0.433649 -7.99431e-19)
(0.494241 0.546774 1.75834e-19)
(0.604666 0.587133 -1.28048e-18)
(0.686058 0.585016 2.80349e-18)
(0.747292 0.559929 -3.24926e-19)
(0.794583 0.52408 1.52765e-18)
(0.832423 0.484256 -2.18835e-18)
(0.863341 0.443962 6.8654e-19)
(0.884648 0.407477 1.06207e-19)
(0.121118 0.191156 1.4562e-19)
(0.290163 0.40655 8.8173e-19)
(0.427119 0.507894 -2.58996e-18)
(0.533587 0.541229 1.26029e-18)
(0.615632 0.535982 -4.16091e-21)
(0.679887 0.510616 -4.25288e-19)
(0.731204 0.476429 5.35228e-19)
(0.773235 0.439624 -5.31934e-19)
(0.808164 0.403351 -1.82851e-18)
(0.834247 0.370865 -5.01007e-19)
(0.0960486 0.174334 4.76481e-19)
(0.238033 0.367474 5.34623e-19)
(0.363854 0.455615 2.20822e-18)
(0.467419 0.482513 -1.22844e-18)
(0.550831 0.4755 2.53214e-18)
(0.618565 0.451352 -5.45426e-19)
(0.674213 0.420139 -5.76535e-19)
(0.720699 0.387299 6.81307e-19)
(0.759931 0.355514 4.4421e-19)
(0.790869 0.327125 1.6106e-18)
(0.0729448 0.15167 -4.8356e-19)
(0.190664 0.317376 1.57842e-19)
(0.306988 0.391111 4.26869e-20)
(0.408535 0.412151 1.25235e-18)
(0.493702 0.404588 -3.12607e-18)
(0.56499 0.382953 5.31054e-19)
(0.624864 0.35582 1.17263e-18)
(0.675617 0.327751 -1.41765e-18)
(0.718933 0.30091 4.99431e-19)
(0.754394 0.276898 -2.31789e-18)
(0.0529468 0.123826 1.0305e-19)
(0.150114 0.257626 5.55921e-19)
(0.258722 0.315974 2.16216e-19)
(0.358945 0.331692 2.93022e-19)
(0.445941 0.324635 5.61475e-19)
(0.520504 0.306609 1.67169e-18)
(0.584154 0.284488 -2.04677e-18)
(0.638655 0.261882 -1.1528e-18)
(0.685522 0.240441 1.9104e-19)
(0.724903 0.221195 1.50298e-18)
(0.0370318 0.0916908 -6.23151e-19)
(0.118111 0.189953 -7.41314e-20)
(0.220874 0.23216 -6.20981e-19)
(0.320288 0.243022 8.84369e-20)
(0.408909 0.237333 -5.31594e-19)
(0.486184 0.2238 -6.0691e-19)
(0.55289 0.207442 -9.0445e-19)
(0.610384 0.190868 2.43725e-18)
(0.660066 0.175233 4.20486e-19)
(0.702561 0.161149 -6.40957e-19)
(0.0259729 0.0563424 3.35847e-19)
(0.0960029 0.116392 4.43912e-19)
(0.194847 0.141927 1.74894e-19)
(0.293812 0.148292 -9.43903e-19)
(0.38364 0.144613 -4.39429e-19)
(0.462844 0.136226 -9.4624e-20)
(0.531693 0.126185 1.84898e-19)
(0.591264 0.116066 1.48465e-19)
(0.642892 0.106552 -1.14804e-18)
(0.687548 0.0979586 6.58767e-19)
(0.0203063 0.0190052 -1.74895e-19)
(0.084714 0.0392055 -1.98972e-19)
(0.181592 0.0477519 1.58584e-19)
(0.280361 0.0498476 1.40795e-19)
(0.37083 0.0485767 1.44295e-19)
(0.451036 0.045736 2.20675e-19)
(0.520987 0.0423507 -1.16023e-20)
(0.581621 0.0389482 -2.89467e-19)
(0.634242 0.0357541 2.74962e-19)
(0.680003 0.0328651 -4.13692e-19)
(0.0203063 -0.0190052 -1.76045e-19)
(0.084714 -0.0392057 -1.89616e-19)
(0.181592 -0.0477521 1.74745e-19)
(0.280362 -0.0498478 3.42134e-19)
(0.370831 -0.0485769 2.27968e-19)
(0.451036 -0.0457362 -3.00378e-19)
(0.520987 -0.0423509 -1.63223e-19)
(0.581621 -0.0389484 7.11806e-20)
(0.634242 -0.0357543 1.60033e-19)
(0.680003 -0.0328653 -9.52972e-20)
(0.0259729 -0.0563424 4.20122e-19)
(0.0960029 -0.116392 -5.3393e-19)
(0.194847 -0.141927 -4.44096e-20)
(0.293812 -0.148292 2.95834e-19)
(0.38364 -0.144614 -1.33752e-18)
(0.462844 -0.136227 5.71508e-19)
(0.531693 -0.126185 5.8996e-19)
(0.591264 -0.116066 -6.96474e-19)
(0.642892 -0.106552 6.65299e-19)
(0.687548 -0.0979587 -2.92006e-19)
(0.0370318 -0.0916908 -7.26359e-20)
(0.118111 -0.189953 -9.26705e-21)
(0.220874 -0.23216 -1.44218e-18)
(0.320288 -0.243022 -4.58787e-19)
(0.408909 -0.237333 -4.83722e-20)
(0.486184 -0.2238 -7.54747e-19)
(0.55289 -0.207442 1.40629e-18)
(0.610384 -0.190868 -4.94209e-20)
(0.660066 -0.175233 8.03023e-19)
(0.702561 -0.161149 -7.06085e-19)
(0.0529469 -0.123826 1.22673e-19)
(0.150114 -0.257626 -5.67947e-19)
(0.258722 -0.315974 1.74758e-18)
(0.358945 -0.331692 2.47299e-19)
(0.445941 -0.324635 1.21578e-18)
(0.520504 -0.306609 -1.18859e-18)
(0.584154 -0.284488 1.24778e-18)
(0.638655 -0.261882 -8.99614e-19)
(0.685522 -0.240441 -3.95066e-19)
(0.724903 -0.221195 3.35615e-19)
(0.0729448 -0.15167 1.09541e-18)
(0.190664 -0.317377 2.80495e-21)
(0.306988 -0.391112 -1.84178e-18)
(0.408535 -0.412151 -5.34359e-19)
(0.493702 -0.404589 1.77429e-18)
(0.56499 -0.382954 -1.03984e-18)
(0.624864 -0.355821 -1.2038e-18)
(0.675617 -0.327751 1.08311e-18)
(0.718933 -0.300911 -7.37382e-19)
(0.754394 -0.276898 -1.58974e-19)
(0.0960486 -0.174334 -1.63517e-19)
(0.238033 -0.367474 -7.75591e-21)
(0.363854 -0.455615 1.99878e-18)
(0.467419 -0.482513 1.14608e-18)
(0.550831 -0.4755 -1.3515e-18)
(0.618565 -0.451352 1.63638e-18)
(0.674213 -0.420139 -1.77566e-18)
(0.720699 -0.387299 1.76701e-19)
(0.759931 -0.355515 5.2888e-19)
(0.790869 -0.327125 1.22377e-18)
(0.121118 -0.191156 1.87439e-19)
(0.290163 -0.40655 3.01847e-19)
(0.427119 -0.507894 3.2834e-19)
(0.533587 -0.541229 -1.05559e-18)
(0.615632 -0.535983 -1.8803e-18)
(0.679887 -0.510616 3.95966e-19)
(0.731204 -0.47643 1.14585e-18)
(0.773236 -0.439624 -3.27996e-19)
(0.808165 -0.403352 1.97471e-18)
(0.834247 -0.370865 -1.92479e-18)
(0.146894 -0.201721 -1.06107e-18)
(0.344727 -0.433649 4.07728e-19)
(0.494241 -0.546774 -1.10093e-18)
(0.604666 -0.587133 1.77982e-18)
(0.686058 -0.585016 8.89983e-19)
(0.747292 -0.559929 1.25656e-18)
(0.794583 -0.52408 -2.90795e-19)
(0.832423 -0.484257 1.14574e-18)
(0.863341 -0.443962 -2.42576e-18)
(0.884648 -0.407477 -6.32411e-19)
(0.17205 -0.205874 6.24627e-20)
(0.399204 -0.448254 -7.12842e-19)
(0.562391 -0.571529 -1.14141e-18)
(0.677928 -0.619481 -4.83606e-19)
(0.759661 -0.622009 -1.36659e-18)
(0.818699 -0.598991 -1.38992e-19)
(0.862692 -0.563188 1.18832e-19)
(0.897113 -0.521741 -5.3402e-19)
(0.925117 -0.478159 -5.968e-19)
(0.942605 -0.437392 1.57391e-18)
(0.195249 -0.203726 3.35419e-19)
(0.450967 -0.450296 4.68417e-19)
(0.628513 -0.581864 8.39156e-19)
(0.750268 -0.637905 3.72162e-20)
(0.833389 -0.646759 5.59893e-19)
(0.891057 -0.628052 -7.66693e-19)
(0.93231 -0.594737 2.34079e-18)
(0.96357 -0.553881 -1.0335e-18)
(0.989456 -0.507899 -5.07573e-19)
(1.00632 -0.461007 -1.53054e-18)
(0.21523 -0.195653 -1.32115e-19)
(0.49743 -0.44013 2.33405e-19)
(0.689467 -0.577805 -2.39181e-19)
(0.818263 -0.64211 1.28947e-19)
(0.903421 -0.658818 -1.52379e-19)
(0.959695 -0.646834 -3.90805e-19)
(0.997278 -0.619363 5.14083e-19)
(1.02316 -0.584703 -1.68155e-19)
(1.04271 -0.548005 2.60873e-19)
(1.05903 -0.515028 -5.6926e-19)
(0.230935 -0.18231 -7.39275e-21)
(0.536325 -0.418562 -1.0646e-19)
(0.742531 -0.559669 2.11696e-20)
(0.879239 -0.631621 1.44575e-19)
(0.967553 -0.656554 -6.53308e-20)
(1.02334 -0.651785 1.75393e-20)
(1.05788 -0.629967 -1.71898e-20)
(1.07891 -0.599657 -3.83369e-19)
(1.09213 -0.566623 -1.77961e-19)
(1.10255 -0.534701 -5.59993e-19)
(0.241593 -0.164635 -9.61281e-20)
(0.565832 -0.386974 3.39233e-19)
(0.785448 -0.528508 -2.10752e-19)
(0.931025 -0.60695 -7.59515e-20)
(1.02419 -0.640034 3.39089e-20)
(1.08145 -0.642882 7.15247e-20)
(1.11501 -0.627184 -7.02378e-21)
(1.1335 -0.601458 2.92467e-19)
(1.14302 -0.571983 -2.52728e-19)
(1.1492 -0.541879 -3.58081e-21)
(0.246759 -0.143785 -2.36704e-19)
(0.584617 -0.347278 -1.48237e-19)
(0.816339 -0.486098 -3.68094e-19)
(0.971581 -0.569494 4.1872e-19)
(1.07145 -0.610386 -3.0702e-20)
(1.13247 -0.621291 1.361e-19)
(1.16741 -0.612602 1.53587e-19)
(1.18559 -0.592496 -5.58712e-20)
(1.19356 -0.567431 5.0503e-20)
(1.19711 -0.540022 -1.59899e-19)
(0.246311 -0.121013 -1.61017e-19)
(0.591872 -0.301725 -2.06832e-19)
(0.833754 -0.434707 3.11655e-19)
(0.999029 -0.521159 -4.68253e-19)
(1.10725 -0.569097 8.22571e-20)
(1.17428 -0.588156 4.15733e-20)
(1.21287 -0.587119 9.19866e-20)
(1.23273 -0.573485 -6.04728e-20)
(1.24077 -0.553598 -7.24203e-20)
(1.24291 -0.52972 -2.35865e-19)
(0.240435 -0.0975683 6.71296e-19)
(0.587355 -0.252731 -5.25369e-19)
(0.836772 -0.376931 2.45462e-20)
(1.01185 -0.464233 -6.73194e-19)
(1.12966 -0.51799 -1.95425e-19)
(1.20468 -0.544843 1.56343e-19)
(1.24914 -0.551725 1.14543e-19)
(1.27272 -0.545172 -3.8206e-19)
(1.28252 -0.531184 1.67683e-19)
(1.28453 -0.511755 -3.02425e-19)
(0.229586 -0.0746121 3.33147e-19)
(0.571392 -0.202718 -3.29717e-19)
(0.825092 -0.315541 1.18316e-18)
(1.00902 -0.401307 9.43459e-20)
(1.13708 -0.459223 2.68321e-19)
(1.22172 -0.493028 9.57148e-19)
(1.27409 -0.507671 -1.98961e-19)
(1.30345 -0.508499 4.83137e-20)
(1.31688 -0.500956 -2.8439e-20)
(1.32028 -0.486799 -4.95283e-20)
(0.214444 -0.0531504 2.56805e-19)
(0.54485 -0.15397 5.83527e-19)
(0.799063 -0.253335 -5.94775e-19)
(0.990133 -0.335148 -1.80661e-19)
(1.12837 -0.395217 -1.91267e-19)
(1.22372 -0.434653 3.76543e-19)
(1.28574 -0.456425 -1.77682e-19)
(1.32289 -0.464539 4.18931e-19)
(1.34191 -0.463703 1.00804e-19)
(1.34841 -0.455421 -1.77284e-19)
(0.195856 -0.0339917 -2.77401e-19)
(0.509069 -0.10851 2.57423e-19)
(0.759689 -0.192986 -5.28491e-19)
(0.955467 -0.268575 2.21265e-19)
(1.10299 -0.328579 -2.21762e-19)
(1.20943 -0.371907 -2.63695e-19)
(1.28239 -0.399693 -2.04601e-19)
(1.3291 -0.414557 2.25738e-19)
(1.35567 -0.42033 -3.92357e-19)
(1.36714 -0.418232 2.48386e-19)
(0.174775 -0.017719 -1.03925e-19)
(0.465772 -0.0680015 -2.03935e-19)
(0.708578 -0.1369 9.59353e-20)
(0.906006 -0.204326 7.08307e-21)
(1.0611 -0.262007 7.63529e-20)
(1.17821 -0.307192 1.09396e-19)
(1.26274 -0.339451 9.31489e-20)
(1.32037 -0.360077 -1.2603e-19)
(1.35627 -0.371952 1.02736e-19)
(1.37464 -0.375987 -1.62285e-19)
(0.152191 -0.00468204 -6.54858e-20)
(0.416945 -0.0336823 -2.63952e-20)
(0.647852 -0.0871018 9.83493e-20)
(0.843431 -0.144924 -4.43695e-20)
(1.0036 -0.198186 1.2417e-19)
(1.13007 -0.243068 -1.56951e-19)
(1.22601 -0.277938 4.03216e-20)
(1.29535 -0.302935 3.46032e-20)
(1.34201 -0.31998 -1.23615e-20)
(1.36911 -0.329676 5.67346e-20)
(0.129071 0.00499455 -7.85608e-20)
(0.364701 -0.00632851 -3.33061e-19)
(0.580014 -0.0451371 -2.68241e-20)
(0.770037 -0.092543 1.07068e-20)
(0.932157 -0.139656 -4.61989e-19)
(1.06583 -0.182158 4.87856e-20)
(1.17213 -0.217628 -5.16874e-20)
(1.25319 -0.245301 -1.40585e-19)
(1.3115 -0.266204 3.11069e-19)
(1.34885 -0.280637 -5.65931e-19)
(0.106293 0.0113861 -4.45383e-20)
(0.31114 0.0137427 7.14363e-19)
(0.507779 -0.0120121 9.5279e-20)
(0.688607 -0.0488896 -6.4531e-19)
(0.849157 -0.0886661 -7.72718e-20)
(0.987142 -0.127018 -7.27702e-19)
(1.10185 -0.161148 5.65836e-19)
(1.19374 -0.189675 -2.29657e-19)
(1.26384 -0.212847 4.35298e-19)
(1.31249 -0.230667 -3.84019e-19)
(0.0846109 0.0147325 -2.51896e-19)
(0.258228 0.0266431 2.93296e-19)
(0.433899 0.0118353 -2.04869e-19)
(0.602223 -0.015101 1.41611e-18)
(0.757549 -0.0470193 7.49594e-19)
(0.89641 -0.0799696 -1.96286e-19)
(1.01678 -0.111131 7.63241e-19)
(1.11772 -0.138798 -4.99034e-19)
(1.19888 -0.162564 -1.60482e-19)
(1.25919 -0.182097 1.15951e-18)
(0.0646184 0.0153976 -4.65666e-19)
(0.207682 0.0328631 6.95266e-19)
(0.360982 0.0265371 -1.31852e-18)
(0.514052 0.00833832 2.28231e-19)
(0.660652 -0.0159069 5.69048e-19)
(0.7967 -0.0428758 -7.15098e-19)
(0.919359 -0.0699943 -1.26652e-18)
(1.02673 -0.0954718 6.78962e-19)
(1.11735 -0.118343 -8.83002e-19)
(1.18885 -0.137793 1.41309e-18)
(0.0467451 0.0138316 -1.15116e-19)
(0.16091 0.0332167 -6.99805e-19)
(0.291339 0.03278 3.45452e-19)
(0.427113 0.0216645 8.64152e-19)
(0.561883 0.00426151 -4.6418e-19)
(0.691439 -0.0168805 -4.58077e-19)
(0.812662 -0.039613 -7.76648e-19)
(0.923199 -0.0622304 -3.55877e-19)
(1.02086 -0.0832295 -8.54665e-20)
(1.10226 -0.100992 1.4122e-18)
(0.0312702 0.0105458 1.93283e-19)
(0.118976 0.0287937 -9.50652e-19)
(0.226869 0.0317842 1.62604e-18)
(0.344062 0.0258912 -9.0544e-19)
(0.464446 0.0140392 5.86633e-19)
(0.584059 -0.00207636 -7.29947e-19)
(0.699967 -0.0208543 8.12985e-19)
(0.809928 -0.0407968 7.10028e-19)
(0.911575 -0.0598094 1.55132e-18)
(1.0009 -0.0748785 -2.56469e-18)
(0.018352 0.00610193 -6.0058e-19)
(0.0826125 0.0209185 1.20597e-18)
(0.169007 0.0252636 1.60936e-20)
(0.267054 0.0228309 -4.34378e-19)
(0.371087 0.0151006 -2.30674e-19)
(0.477614 0.00286558 1.84367e-19)
(0.584238 -0.0129434 -1.30891e-18)
(0.689404 -0.0312141 1.01127e-18)
(0.791332 -0.0492643 -1.30333e-18)
(0.886039 -0.0617496 -5.94914e-19)
(0.00806019 0.00110793 1.03348e-18)
(0.05226 0.011093 -3.22396e-19)
(0.118756 0.0153294 -6.04768e-19)
(0.197748 0.0150187 1.64253e-18)
(0.284048 0.0102793 -1.61348e-18)
(0.374602 0.000971752 9.01467e-19)
(0.467604 -0.0128154 9.60102e-19)
(0.562487 -0.0307704 2.62725e-19)
(0.658901 -0.0501773 2.7325e-19)
(0.754557 -0.0623404 -3.87624e-19)
(0.000388671 -0.00380853 -9.88387e-19)
(0.0281179 0.000874393 9.39447e-19)
(0.0768093 0.0042728 -8.31375e-19)
(0.137563 0.00546135 1.04308e-18)
(0.205553 0.00344233 -3.11633e-19)
(0.277819 -0.00270796 -1.0823e-18)
(0.352527 -0.013726 3.10375e-19)
(0.429273 -0.0305533 -5.1209e-19)
(0.509035 -0.0524535 -6.06526e-19)
(0.594169 -0.069454 -1.8922e-18)
(-0.00477047 -0.00808578 -1.23468e-18)
(0.0101469 -0.00838455 9.81591e-19)
(0.0436435 -0.00593791 -1.92323e-18)
(0.0879959 -0.00320918 3.43907e-19)
(0.138749 -0.00175699 -1.33239e-18)
(0.192804 -0.00254303 -7.991e-19)
(0.247586 -0.00588959 1.91234e-18)
(0.30116 -0.0120155 -2.61444e-18)
(0.352881 -0.0215154 5.03225e-19)
(0.400028 -0.0302482 -8.28663e-19)
(-0.00768225 -0.0113475 6.08184e-19)
(-0.00204469 -0.015839 2.5733e-19)
(0.0192553 -0.0143225 -7.6539e-20)
(0.0500645 -0.0103002 7.30847e-19)
(0.0867017 -0.00565943 2.14608e-18)
(0.126594 -0.00136022 7.40702e-19)
(0.167732 0.00240695 7.65348e-19)
(0.208919 0.00569208 -2.64639e-19)
(0.250232 0.00783828 -2.46851e-18)
(0.289113 0.00926187 6.26041e-19)
(-0.00878374 -0.0134242 -1.71696e-19)
(-0.00932806 -0.021086 5.46475e-19)
(0.00264605 -0.0205023 -1.43157e-19)
(0.0227355 -0.0158176 1.0108e-18)
(0.0481732 -0.00920574 -2.33706e-18)
(0.0770138 -0.00182644 1.98369e-19)
(0.107829 0.00579376 -1.11226e-18)
(0.139842 0.0132481 1.63666e-18)
(0.172876 0.0195724 -4.78385e-19)
(0.204272 0.0240789 -6.83587e-20)
(-0.00858782 -0.014304 -1.16885e-19)
(-0.0128318 -0.0240056 -6.572e-19)
(-0.00771336 -0.0243087 1.65281e-18)
(0.00407927 -0.0196269 -8.71449e-19)
(0.0206595 -0.012327 6.12485e-20)
(0.0406175 -0.0037849 2.79663e-19)
(0.0629139 0.00513182 -2.55578e-19)
(0.0869287 0.0136316 3.32159e-19)
(0.112249 0.0206138 1.15098e-18)
(0.136672 0.0252818 3.01187e-19)
(-0.00758376 -0.0140743 -2.62164e-19)
(-0.0136957 -0.0246649 -2.916e-19)
(-0.0134291 -0.0257006 -1.29432e-18)
(-0.00792073 -0.0215115 6.89179e-19)
(0.00173556 -0.0144922 -1.4215e-18)
(0.0145786 -0.00611565 3.22935e-19)
(0.0298493 0.0025894 3.63117e-19)
(0.0470084 0.0107138 -3.83741e-19)
(0.065539 0.017248 -2.48273e-19)
(0.0837987 0.0214693 -1.1158e-18)
(-0.00618706 -0.0128748 2.04799e-19)
(-0.0129399 -0.0232573 -4.81728e-20)
(-0.0159822 -0.0247664 9.78715e-22)
(-0.0151343 -0.0213427 -6.21998e-19)
(-0.0108146 -0.0152251 1.57456e-18)
(-0.00361586 -0.00783548 -2.45593e-19)
(0.00591813 -0.000196522 -6.12886e-19)
(0.0173137 0.00683827 7.50145e-19)
(0.0300353 0.0124516 -2.63614e-19)
(0.0429231 0.0160458 1.45709e-18)
(-0.00472404 -0.010868 -3.84395e-20)
(-0.0114034 -0.0200603 -2.25369e-19)
(-0.0166177 -0.0217189 -8.89467e-20)
(-0.0191361 -0.0191491 -1.13633e-19)
(-0.018832 -0.0142675 -2.44308e-19)
(-0.0160035 -0.00831162 -7.67217e-19)
(-0.0110227 -0.0021763 9.59693e-19)
(-0.0042965 0.00342942 5.60607e-19)
(0.00366277 0.00789577 -1.00427e-19)
(0.0120631 0.0107636 -8.93745e-19)
(-0.00343575 -0.00822489 2.18285e-19)
(-0.00972807 -0.0154095 3.81455e-20)
(-0.0163015 -0.0168861 2.582e-19)
(-0.0211436 -0.0151402 -2.9552e-20)
(-0.0237175 -0.0116332 2.3511e-19)
(-0.0240981 -0.00731686 2.65259e-19)
(-0.0225237 -0.00287692 3.97676e-19)
(-0.0193384 0.0011638 -1.12655e-18)
(-0.0150202 0.0043885 -2.07925e-19)
(-0.010103 0.0064736 3.72645e-19)
(-0.00248969 -0.00512134 -1.10222e-19)
(-0.00837066 -0.00968552 -1.56659e-19)
(-0.0157252 -0.0106975 -7.53633e-20)
(-0.022025 -0.00969738 3.68611e-19)
(-0.0264593 -0.00759817 1.78924e-19)
(-0.0289517 -0.0049967 3.66935e-20)
(-0.0296475 -0.00232131 -7.95543e-20)
(-0.0288423 0.000109695 -6.17122e-20)
(-0.0269846 0.0020546 5.29713e-19)
(-0.0244467 0.00332094 -3.60774e-19)
(-0.00199122 -0.00173839 5.61899e-20)
(-0.00762156 -0.00330264 6.99163e-20)
(-0.0153301 -0.00366195 -5.96169e-20)
(-0.0223323 -0.00333765 -5.45289e-20)
(-0.0276804 -0.00264002 -5.65383e-20)
(-0.0312213 -0.00177219 -9.02156e-20)
(-0.0330527 -0.000879561 2.89767e-21)
(-0.0334436 -6.88307e-05 1.25173e-19)
(-0.0328262 0.000580872 -1.25683e-19)
(-0.0314952 0.00100566 2.28671e-19)
(-0.00813521 -0.00258585 1.65342e-20)
(0.0621208 -0.0066269 9.88734e-21)
(0.277545 -0.00670941 1.33753e-21)
(0.376953 -0.00438786 -9.0239e-22)
(0.479666 -0.0036826 -6.35411e-23)
(0.553545 -0.00263943 1.48039e-22)
(0.60604 -0.00218606 1.66306e-22)
(0.660333 -0.00158154 -3.39894e-23)
(0.683568 -0.0014609 -2.49088e-24)
(0.733791 -0.00100755 2.43898e-22)
(0.00866429 -0.00806061 2.62204e-20)
(0.0773748 -0.019719 1.25331e-21)
(0.289036 -0.0199755 -1.74798e-20)
(0.38571 -0.0130632 1.40442e-20)
(0.486374 -0.0109692 8.87134e-22)
(0.55878 -0.00786375 -5.94033e-22)
(0.610311 -0.0065143 6.88641e-22)
(0.663693 -0.00471429 6.96555e-23)
(0.6865 -0.00436409 1.39963e-22)
(0.736014 -0.00301332 -2.23509e-22)
(0.0419687 -0.0144157 2.68567e-20)
(0.107409 -0.03233 -3.61024e-20)
(0.311589 -0.0327827 1.78689e-20)
(0.402911 -0.0214377 -1.16343e-20)
(0.499557 -0.0180285 8.28211e-22)
(0.569083 -0.0129365 -6.45414e-22)
(0.618728 -0.0107275 -2.56766e-22)
(0.670324 -0.00776735 8.06151e-25)
(0.692297 -0.00720146 -1.07185e-22)
(0.740419 -0.00497954 -3.26322e-22)
(0.0911764 -0.0221293 -4.16266e-20)
(0.151301 -0.0441609 -5.01134e-20)
(0.344376 -0.0448458 -2.31228e-20)
(0.42795 -0.029328 1.21275e-20)
(0.518763 -0.0247207 -1.45359e-20)
(0.58413 -0.0177645 3.84417e-21)
(0.631048 -0.0147541 -2.0883e-22)
(0.680058 -0.0106909 1.20699e-22)
(0.700826 -0.00993145 -1.28776e-22)
(0.746925 -0.00688088 1.21107e-22)
(0.155356 -0.0314743 1.15127e-19)
(0.207725 -0.0549238 7.22382e-20)
(0.386207 -0.0559013 2.59797e-20)
(0.45996 -0.0365718 -2.35673e-20)
(0.543346 -0.0309219 1.19318e-20)
(0.603455 -0.0222647 3.16012e-21)
(0.646918 -0.01853 2.20897e-21)
(0.692647 -0.0134401 2.39032e-22)
(0.711896 -0.0125158 2.85974e-22)
(0.755412 -0.00869359 -6.42673e-22)
(0.233227 -0.042378 -5.08262e-20)
(0.275004 -0.0643039 3.90005e-20)
(0.435603 -0.0656957 4.82045e-21)
(0.497858 -0.0430259 2.62832e-20)
(0.572505 -0.0365253 -5.94619e-21)
(0.626479 -0.0263667 -3.68276e-21)
(0.665902 -0.0219997 -2.28178e-21)
(0.707782 -0.015976 -1.47246e-22)
(0.725263 -0.0149206 -1.55315e-22)
(0.765728 -0.0103961 6.89509e-22)
(0.32316 -0.0545603 -3.86775e-20)
(0.351168 -0.0720366 -1.00778e-19)
(0.490866 -0.0740261 -1.70464e-20)
(0.540411 -0.0485743 -1.46383e-20)
(0.605323 -0.0414481 6.97181e-21)
(0.652535 -0.0300151 -1.9418e-21)
(0.687491 -0.0251193 2.45489e-21)
(0.725098 -0.018267 4.4922e-22)
(0.740641 -0.0171178 -4.65136e-23)
(0.777688 -0.0119687 2.65506e-22)
(0.423221 -0.068292 1.12702e-19)
(0.434015 -0.0784143 2.52651e-20)
(0.550173 -0.0809689 6.89999e-20)
(0.586293 -0.0532198 -4.01297e-20)
(0.640822 -0.04567 1.19567e-20)
(0.680904 -0.0331843 -8.14505e-21)
(0.711133 -0.0278623 -3.53206e-21)
(0.744199 -0.0202901 -4.76313e-22)
(0.757712 -0.0190869 -4.47147e-22)
(0.791085 -0.0133931 3.8141e-22)
(0.531157 -0.0834153 -1.42359e-19)
(0.521205 -0.0843806 -2.21954e-20)
(0.611684 -0.0869378 -5.72942e-20)
(0.634176 -0.0571873 4.79464e-20)
(0.678011 -0.0492603 -1.49719e-20)
(0.710851 -0.0358979 6.39761e-21)
(0.736258 -0.0302265 3.99362e-21)
(0.764665 -0.022036 -7.75999e-23)
(0.776139 -0.0208143 3.01638e-22)
(0.805693 -0.0146551 -8.05446e-22)
(0.644403 -0.0912982 -1.00105e-19)
(0.610253 -0.0876768 -1.11941e-19)
(0.673647 -0.0910336 1.54192e-20)
(0.682795 -0.0603625 -2.57615e-20)
(0.715946 -0.0521225 -2.25586e-20)
(0.741661 -0.0381451 -4.88959e-21)
(0.762301 -0.0321961 1.0271e-21)
(0.786075 -0.0235088 -7.46024e-22)
(0.795575 -0.0222784 2.21003e-22)
(0.82127 -0.0157632 3.67857e-22)
(1.02788 -0.0577087 0)
(0.905511 -0.0718403 0)
(0.883014 -0.0906606 0)
(0.8523 -0.0655396 0)
(0.851369 -0.0582973 0)
(0.854006 -0.0440765 0)
(0.858622 -0.0376957 0)
(0.866014 -0.0278862 0)
(0.868264 -0.0265153 0)
(0.879415 -0.019276 0)
(1.30372 0.00302552 0)
(1.20182 -0.02306 0)
(1.13726 -0.0495317 0)
(1.08335 -0.0481714 0)
(1.053 -0.0456419 0)
(1.03018 -0.0374129 0)
(1.01633 -0.0329594 0)
(1.00243 -0.0258345 0)
(0.995504 -0.0242129 0)
(0.985616 -0.0192585 0)
(1.30368 0.05538 0)
(1.25701 0.00742707 0)
(1.2094 -0.02277 0)
(1.1684 -0.030293 0)
(1.14224 -0.0305871 0)
(1.11865 -0.0262781 0)
(1.10397 -0.023568 0)
(1.08501 -0.019209 0)
(1.07719 -0.0177892 0)
(1.0595 -0.0152858 0)
(1.24303 0.0496247 0)
(1.22609 0.00601336 0)
(1.19765 -0.0161782 0)
(1.1711 -0.021912 0)
(1.15447 -0.021611 0)
(1.1373 -0.0185821 0)
(1.12771 -0.0163335 0)
(1.11227 -0.0134812 0)
(1.10732 -0.012031 0)
(1.09155 -0.0109555 0)
(1.17793 0.0434369 0)
(1.17676 0.00606751 0)
(1.16171 -0.0107899 0)
(1.1448 -0.0152423 0)
(1.13457 -0.0151898 0)
(1.12292 -0.0133588 0)
(1.11743 -0.0115675 0)
(1.10683 -0.00963475 0)
(1.10436 -0.00822508 0)
(1.09337 -0.00772885 0)
(1.12945 0.034067 0)
(1.13513 0.00586994 0)
(1.12763 -0.00700751 0)
(1.11595 -0.0106784 0)
(1.10864 -0.0109728 0)
(1.10012 -0.00998681 0)
(1.09652 -0.00861629 0)
(1.08922 -0.00722557 0)
(1.08789 -0.00598046 0)
(1.08065 -0.00561844 0)
(1.09586 0.0259737 0)
(1.10466 0.00562124 0)
(1.10165 -0.0044199 0)
(1.09294 -0.00755536 0)
(1.08679 -0.00802213 0)
(1.07971 -0.00751977 0)
(1.07663 -0.00652456 0)
(1.07094 -0.00549854 0)
(1.06984 -0.00450789 0)
(1.06451 -0.00416143 0)
(1.07431 0.0179368 0)
(1.08426 0.00445053 0)
(1.08394 -0.00280003 0)
(1.07704 -0.0051831 0)
(1.07133 -0.00558722 0)
(1.06479 -0.0053305 0)
(1.06171 -0.0046706 0)
(1.05657 -0.00395709 0)
(1.05535 -0.00325694 0)
(1.05062 -0.00295707 0)
(1.06144 0.0105708 0)
(1.07179 0.00284162 0)
(1.07309 -0.00156967 0)
(1.06731 -0.00304361 0)
(1.06181 -0.00329209 0)
(1.05542 -0.00317934 0)
(1.05223 -0.0028168 0)
(1.04717 -0.00240469 0)
(1.0458 -0.00199228 0)
(1.04108 -0.00179413 0)
(1.05547 0.00347371 0)
(1.06591 0.000962976 0)
(1.06798 -0.000513406 0)
(1.06274 -0.00100443 0)
(1.05733 -0.00108259 0)
(1.05096 -0.00105333 0)
(1.0477 -0.000940301 0)
(1.0426 -0.000808203 0)
(1.04115 -0.000671827 0)
(1.03633 -0.000604054 0)
(1.41026 0.307508 1.65019e-20)
(1.42207 0.286961 5.88592e-20)
(1.42728 0.263797 -1.25141e-19)
(1.42481 0.238264 -3.88646e-20)
(1.41367 0.210907 2.63689e-19)
(1.39311 0.182635 2.37972e-19)
(1.36271 0.15476 -4.69721e-19)
(1.32243 0.128947 3.47677e-20)
(1.27243 0.107034 -1.33499e-19)
(1.19466 0.088263 -6.10145e-19)
(1.2764 0.200208 -1.28784e-21)
(1.28889 0.190566 4.85314e-20)
(1.30027 0.180008 -4.49489e-20)
(1.31018 0.16844 9.191e-20)
(1.31818 0.155763 -1.34888e-19)
(1.3238 0.141908 -3.9176e-20)
(1.32655 0.126875 2.06747e-19)
(1.32596 0.110775 -1.67007e-19)
(1.32211 0.0938909 -1.32166e-19)
(1.30817 0.0752135 3.23327e-20)
(1.19559 0.151876 -7.94384e-21)
(1.20612 0.149354 1.55831e-20)
(1.21678 0.146708 -2.13231e-20)
(1.22747 0.143861 -8.89427e-20)
(1.23802 0.140702 1.40969e-19)
(1.24822 0.137093 9.72941e-21)
(1.2578 0.13287 -8.81984e-20)
(1.26642 0.127862 1.48679e-19)
(1.27377 0.121892 1.81313e-20)
(1.27914 0.113974 3.31327e-20)
(1.13262 0.104201 -1.12209e-21)
(1.13968 0.102818 -4.81433e-21)
(1.14698 0.101413 -4.92736e-21)
(1.15453 0.0999982 4.30953e-20)
(1.16232 0.098578 -5.12117e-20)
(1.17035 0.0971487 2.27423e-20)
(1.17857 0.0956936 -6.68063e-21)
(1.18692 0.094178 -1.93754e-20)
(1.19528 0.0925125 1.11733e-19)
(1.20398 0.090045 -2.30871e-20)
(1.09409 0.0765684 2.07204e-23)
(1.09913 0.0761872 3.93098e-21)
(1.10433 0.07579 2.84764e-21)
(1.10968 0.0753819 1.02293e-20)
(1.1152 0.0749666 2.63582e-20)
(1.12089 0.0745455 -2.63318e-20)
(1.12675 0.0741173 -1.29738e-20)
(1.13275 0.073673 3.39962e-20)
(1.13891 0.0731572 -3.15675e-20)
(1.14552 0.0721037 -2.62046e-21)
(1.06748 0.0538557 -1.43013e-21)
(1.07113 0.0537098 2.31117e-23)
(1.07488 0.0535515 -1.60843e-21)
(1.07873 0.0533873 6.15871e-21)
(1.08268 0.0532235 -2.50937e-20)
(1.08674 0.053066 6.68115e-21)
(1.09091 0.0529198 -1.16997e-20)
(1.09519 0.0527841 -1.60774e-20)
(1.09958 0.0526217 1.4974e-21)
(1.10422 0.0521244 8.51354e-21)
(1.05064 0.0378086 -8.37599e-22)
(1.05339 0.0378263 5.43726e-21)
(1.0562 0.0378258 -3.19249e-21)
(1.05904 0.0378098 -4.5814e-22)
(1.06194 0.0377811 1.16908e-20)
(1.06488 0.0377421 3.19305e-21)
(1.06786 0.0376947 1.40265e-20)
(1.07088 0.0376375 -8.44815e-21)
(1.07396 0.0375446 1.83197e-20)
(1.07712 0.0372297 1.49204e-20)
(1.03967 0.0247079 -2.46935e-22)
(1.04184 0.0247464 -2.95018e-22)
(1.04404 0.0247703 2.05585e-21)
(1.04626 0.0247813 -3.52531e-21)
(1.04849 0.0247807 -4.02834e-21)
(1.05073 0.0247698 1.14545e-20)
(1.05299 0.0247492 -7.36329e-21)
(1.05525 0.024717 5.92389e-21)
(1.05752 0.0246575 -1.89576e-21)
(1.0598 0.0244662 -2.07688e-21)
(1.03325 0.0140693 3.75096e-22)
(1.03508 0.0141092 -3.41345e-21)
(1.03691 0.0141386 1.81294e-21)
(1.03874 0.0141581 7.07083e-21)
(1.04057 0.0141681 -7.46405e-21)
(1.0424 0.0141686 2.46106e-21)
(1.04422 0.0141595 4.35398e-21)
(1.04602 0.0141393 -8.62601e-21)
(1.04781 0.0140998 8.64602e-21)
(1.04957 0.0139896 -2.47859e-21)
(1.03022 0.00452667 -1.02459e-21)
(1.03188 0.00454425 1.93833e-21)
(1.03353 0.00455877 -2.15127e-22)
(1.03518 0.00457001 5.96064e-21)
(1.03682 0.00457767 -1.23696e-21)
(1.03845 0.00458133 1.03798e-21)
(1.04007 0.00458045 -8.3037e-21)
(1.04167 0.00457411 2.38205e-21)
(1.04325 0.0045595 1.48211e-21)
(1.0448 0.00452184 1.02004e-21)
(1.11923 0.39899 -3.3707e-19)
(1.15316 0.395152 -6.91475e-20)
(1.18779 0.391308 -3.47628e-20)
(1.22126 0.386673 -2.96529e-20)
(1.25422 0.380813 -1.60472e-20)
(1.28641 0.373517 -1.37474e-20)
(1.31708 0.364571 2.03112e-20)
(1.34552 0.35373 -4.31425e-20)
(1.37105 0.340749 7.94441e-20)
(1.39292 0.325403 5.7133e-21)
(1.1217 0.249575 1.62827e-20)
(1.13999 0.248411 -8.52445e-20)
(1.15785 0.246537 -5.44025e-20)
(1.17394 0.243866 5.09818e-20)
(1.18938 0.24032 -2.34839e-20)
(1.20473 0.235843 5.75449e-21)
(1.21991 0.230435 -1.32209e-20)
(1.23474 0.224133 1.78836e-20)
(1.24916 0.216978 -1.37671e-20)
(1.26309 0.209002 -1.01813e-20)
(1.10055 0.170162 -6.02887e-21)
(1.11032 0.169568 3.83649e-20)
(1.11964 0.168465 3.61329e-20)
(1.12837 0.167002 1.49169e-20)
(1.13715 0.165285 2.25621e-21)
(1.14626 0.163356 -1.8813e-21)
(1.15566 0.161254 7.49591e-21)
(1.1653 0.159022 -1.06068e-20)
(1.17516 0.156702 5.7469e-21)
(1.18526 0.154319 1.97142e-21)
(1.072 0.114231 3.48823e-21)
(1.07778 0.113752 5.34691e-20)
(1.08342 0.113066 1.79906e-20)
(1.08889 0.112253 -2.86906e-20)
(1.09451 0.111348 5.98112e-21)
(1.10037 0.110352 -3.76724e-21)
(1.10645 0.109266 -4.90917e-21)
(1.11271 0.108096 -1.42834e-21)
(1.11915 0.106854 3.19186e-21)
(1.12578 0.105551 -3.1738e-21)
(1.05121 0.0781244 1.66304e-21)
(1.05516 0.0782504 -2.22085e-20)
(1.05906 0.0782786 1.50993e-20)
(1.06293 0.0782425 8.29853e-21)
(1.06692 0.078152 -9.6634e-21)
(1.07109 0.0780059 5.37524e-21)
(1.07541 0.0778045 -3.27307e-21)
(1.07987 0.0775529 -6.00535e-22)
(1.08447 0.0772582 1.4593e-22)
(1.08921 0.0769277 8.77248e-22)
(1.03605 0.0533199 8.8249e-21)
(1.03888 0.0536206 -1.13071e-21)
(1.04173 0.0538427 -1.94923e-20)
(1.0446 0.0540058 4.45999e-21)
(1.04756 0.0541164 -7.2994e-22)
(1.05063 0.0541759 1.65542e-21)
(1.05381 0.0541869 -4.85593e-21)
(1.05708 0.0541544 -3.26378e-22)
(1.06045 0.0540843 4.97209e-22)
(1.06392 0.0539826 -4.55824e-22)
(1.02627 0.0359481 1.41668e-20)
(1.02845 0.0363244 4.16001e-21)
(1.03068 0.0366432 9.94008e-21)
(1.03295 0.0369159 3.8344e-21)
(1.03527 0.0371476 3.422e-21)
(1.03767 0.0373399 -4.02744e-22)
(1.04015 0.0374951 6.89758e-23)
(1.04269 0.0376162 -1.02017e-22)
(1.04528 0.0377067 4.52237e-22)
(1.04793 0.0377697 -6.9996e-22)
(1.01995 0.0230161 -1.31401e-21)
(1.02172 0.0233338 -1.40245e-21)
(1.02353 0.0236076 5.92553e-21)
(1.02539 0.0238444 3.25e-21)
(1.02729 0.0240483 -5.88131e-21)
(1.02925 0.0242214 8.99058e-22)
(1.03126 0.0243658 9.27695e-22)
(1.03331 0.0244841 2.26782e-23)
(1.0354 0.0245789 -9.80101e-23)
(1.03752 0.0246527 1.29385e-23)
(1.01629 0.0128513 -7.30524e-22)
(1.01782 0.0130651 3.66493e-23)
(1.0194 0.0132517 -1.48589e-21)
(1.02102 0.013415 -3.32846e-22)
(1.02267 0.0135579 -2.49445e-22)
(1.02437 0.0136819 2.0121e-21)
(1.02609 0.0137884 -8.05893e-22)
(1.02785 0.0138791 4.86814e-22)
(1.02963 0.0139553 -5.43683e-22)
(1.03144 0.0140183 2.29172e-22)
(1.0146 0.00412318 7.49142e-22)
(1.01603 0.00419308 2.52189e-22)
(1.0175 0.00425313 -3.48625e-23)
(1.019 0.00430515 2.40056e-21)
(1.02054 0.00435052 -8.00969e-22)
(1.0221 0.0043902 -1.63964e-22)
(1.02369 0.00442498 -7.58559e-22)
(1.02531 0.00445555 -2.07347e-22)
(1.02693 0.00448246 7.389e-22)
(1.02858 0.00450609 -5.4457e-22)
(1.00013 0.0147522 0)
(1.0009 0.0447635 0)
(1.00228 0.0761215 0)
(1.00455 0.109646 0)
(1.00824 0.14621 0)
(1.01419 0.186688 0)
(1.0236 0.231815 0)
(1.03773 0.282245 0)
(1.05917 0.335905 0)
(1.08484 0.40332 0)
(1.00021 0.0120931 0)
(1.00186 0.0363623 0)
(1.0051 0.0608995 0)
(1.01024 0.0859099 0)
(1.01752 0.111556 0)
(1.02731 0.137919 0)
(1.04007 0.164919 0)
(1.05638 0.192517 0)
(1.07663 0.218987 0)
(1.10289 0.25085 0)
(1.00021 0.00922261 0)
(1.0019 0.0276845 0)
(1.00523 0.0461585 0)
(1.01039 0.0646252 0)
(1.01745 0.0830336 0)
(1.02654 0.101287 0)
(1.03779 0.119207 0)
(1.05158 0.136657 0)
(1.0675 0.152682 0)
(1.0892 0.170458 0)
(1.00016 0.00663221 0)
(1.00151 0.0198938 0)
(1.00417 0.0330815 0)
(1.00829 0.0461067 0)
(1.01386 0.0588683 0)
(1.02088 0.0712484 0)
(1.02933 0.0830918 0)
(1.03933 0.0942679 0)
(1.05042 0.104235 0)
(1.06494 0.1146 0)
(1.00012 0.00464144 0)
(1.0011 0.0139178 0)
(1.00306 0.0231154 0)
(1.0061 0.0321443 0)
(1.0102 0.0409104 0)
(1.0153 0.0493178 0)
(1.02138 0.0572588 0)
(1.02848 0.064647 0)
(1.03627 0.0712054 0)
(1.04617 0.0777748 0)
(1.00009 0.00319455 0)
(1.00079 0.0095773 0)
(1.00221 0.0158973 0)
(1.0044 0.0220838 0)
(1.00735 0.0280647 0)
(1.011 0.0337705 0)
(1.01531 0.039129 0)
(1.02029 0.0440817 0)
(1.02573 0.0484767 0)
(1.03238 0.0527474 0)
(1.00006 0.00214612 0)
(1.00058 0.0064333 0)
(1.00162 0.0106759 0)
(1.00322 0.0148245 0)
(1.00537 0.0188295 0)
(1.00802 0.0226444 0)
(1.01116 0.0262234 0)
(1.01475 0.0295297 0)
(1.01871 0.032481 0)
(1.02337 0.0353063 0)
(1.00005 0.00136759 0)
(1.00044 0.00409924 0)
(1.00123 0.006802 0)
(1.00244 0.00944417 0)
(1.00407 0.0119943 0)
(1.00608 0.014423 0)
(1.00845 0.0167023 0)
(1.01116 0.0188093 0)
(1.01415 0.0206983 0)
(1.01757 0.0224868 0)
(1.00004 0.000758894 0)
(1.00036 0.00227476 0)
(1.00099 0.00377471 0)
(1.00198 0.00524125 0)
(1.0033 0.00665715 0)
(1.00493 0.00800652 0)
(1.00685 0.00927433 0)
(1.00905 0.0104483 0)
(1.01149 0.0115058 0)
(1.01421 0.0125029 0)
(1.00003 0.000243028 0)
(1.00032 0.000728526 0)
(1.00089 0.00120899 0)
(1.00177 0.00167881 0)
(1.00294 0.00213252 0)
(1.0044 0.00256507 0)
(1.00611 0.00297169 0)
(1.00807 0.00334844 0)
(1.01025 0.00368826 0)
(1.01265 0.00400841 0)
(0.999543 0.000802207 2.64588e-20)
(0.995424 0.00244366 -1.36606e-20)
(0.986527 0.00419418 3.50134e-20)
(0.972685 0.00613429 -2.31809e-20)
(0.953597 0.00835501 -2.50502e-20)
(0.928529 0.0109762 9.80772e-20)
(0.896403 0.0141604 -1.87855e-20)
(0.855719 0.0181282 1.35276e-19)
(0.80441 0.023144 7.86251e-20)
(0.739414 0.0291977 -7.9346e-20)
(0.999532 0.00240179 3.21426e-20)
(0.995436 0.00731505 7.21962e-20)
(0.986626 0.0125507 1.09144e-19)
(0.972952 0.0183489 -1.52092e-19)
(0.954134 0.0249811 2.06827e-20)
(0.929478 0.032804 6.04055e-20)
(0.897966 0.0423011 -1.02876e-19)
(0.858188 0.0541275 1.75447e-19)
(0.808183 0.0690693 -4.69011e-19)
(0.745063 0.0870793 6.42117e-19)
(0.999512 0.0039875 -1.13675e-19)
(0.995461 0.01214 5.08801e-20)
(0.986824 0.0208136 -2.50108e-21)
(0.973481 0.0304043 -2.54576e-19)
(0.9552 0.0413591 6.46884e-20)
(0.931362 0.0542632 -1.47587e-19)
(0.901071 0.0699078 1.99898e-19)
(0.863096 0.089362 -5.21507e-19)
(0.815691 0.113911 8.9282e-19)
(0.75634 0.143417 -6.83872e-19)
(0.999486 0.00555199 7.39855e-20)
(0.995502 0.0168918 -2.81895e-20)
(0.987117 0.0289268 1.77859e-19)
(0.974265 0.0422032 -3.25443e-19)
(0.956779 0.0573363 2.0516e-19)
(0.934157 0.0751261 -4.10105e-19)
(0.905677 0.0966468 -6.1816e-20)
(0.870387 0.123345 1.29338e-18)
(0.826862 0.156965 -3.72487e-19)
(0.773211 0.197179 -8.7492e-19)
(0.99946 0.00709011 -3.04648e-19)
(0.995559 0.0215468 2.71254e-19)
(0.987503 0.0368373 -1.33334e-19)
(0.9753 0.0536537 -5.77683e-19)
(0.958863 0.0727706 5.53248e-19)
(0.937839 0.0951829 -7.14416e-19)
(0.911743 0.122211 9.31609e-19)
(0.879991 0.155622 2.59525e-19)
(0.8416 0.197545 6.34361e-19)
(0.79565 0.247318 5.94917e-20)
(0.999438 0.00859954 2.4423e-19)
(0.995633 0.0260802 -6.64818e-20)
(0.987985 0.0444848 3.76583e-19)
(0.976591 0.0646522 -4.20017e-19)
(0.961459 0.0875072 4.03104e-19)
(0.942409 0.114215 -1.12704e-19)
(0.919242 0.146291 2.32417e-19)
(0.891843 0.185741 -7.16794e-19)
(0.859808 0.234963 -1.20794e-18)
(0.823662 0.292767 7.23556e-19)
(0.999419 0.0100887 -1.20473e-19)
(0.995716 0.0304787 -1.12543e-19)
(0.988569 0.0518174 5.56153e-20)
(0.978168 0.0751049 -3.72162e-19)
(0.96461 0.101405 1.30692e-18)
(0.947905 0.132016 -1.06495e-18)
(0.928196 0.168582 5.36377e-19)
(0.905913 0.213246 -8.98185e-19)
(0.881415 0.268499 -2.40143e-19)
(0.85732 0.332472 1.81728e-18)
(0.999398 0.0115977 1.47319e-19)
(0.995811 0.0348008 -1.91393e-20)
(0.9893 0.058909 -1.6669e-19)
(0.980111 0.0851177 2.03201e-19)
(0.968414 0.114613 5.73376e-19)
(0.954429 0.14876 -1.2491e-18)
(0.938683 0.189213 1.00225e-18)
(0.922222 0.238064 -2.23292e-18)
(0.906421 0.297593 1.82091e-18)
(0.896721 0.365492 -4.5616e-19)
(0.999393 0.0131592 -1.64713e-19)
(0.996021 0.0390993 2.15407e-19)
(0.990368 0.0658928 -3.80453e-19)
(0.982677 0.0949498 -2.26925e-19)
(0.973162 0.127559 5.33449e-21)
(0.96226 0.16507 3.19865e-19)
(0.950907 0.208947 -1.61869e-18)
(0.940773 0.260844 1.78687e-18)
(0.93465 0.321943 -1.55913e-18)
(0.941489 0.389904 6.72301e-19)
(0.999479 0.0144432 -1.15709e-19)
(0.99665 0.0425516 1.201e-20)
(0.992211 0.0715479 -4.47325e-20)
(0.98639 0.102936 -3.29112e-19)
(0.979455 0.138057 -2.46784e-19)
(0.972031 0.17819 1.41939e-18)
(0.965373 0.224508 1.12339e-18)
(0.961564 0.277986 -5.00284e-19)
(0.964868 0.337909 -1.02437e-19)
(0.988587 0.400166 -2.2055e-18)
(0.999479 -0.0144433 -1.15583e-19)
(0.99665 -0.0425517 8.85564e-20)
(0.992211 -0.0715479 -3.58985e-20)
(0.98639 -0.102936 5.42319e-19)
(0.979455 -0.138057 3.01421e-19)
(0.972031 -0.17819 -1.19733e-18)
(0.965373 -0.224508 -9.77015e-19)
(0.961564 -0.277986 6.4759e-19)
(0.964868 -0.337909 6.19195e-20)
(0.988587 -0.400166 2.26267e-18)
(0.999393 -0.0131592 7.13734e-20)
(0.996021 -0.0390993 -4.51055e-19)
(0.990368 -0.0658929 2.65826e-19)
(0.982677 -0.0949499 -1.53368e-19)
(0.973162 -0.127559 -2.40815e-19)
(0.96226 -0.16507 -1.31478e-19)
(0.950907 -0.208947 1.3636e-18)
(0.940773 -0.260844 -1.51412e-18)
(0.93465 -0.321943 1.75453e-18)
(0.94149 -0.389905 -9.35997e-19)
(0.999398 -0.0115977 -4.11039e-20)
(0.995811 -0.0348008 1.75534e-19)
(0.9893 -0.058909 2.90119e-19)
(0.980111 -0.0851178 -5.69633e-20)
(0.968414 -0.114613 -7.82663e-19)
(0.954429 -0.14876 9.39959e-19)
(0.938683 -0.189213 -9.20006e-19)
(0.922222 -0.238064 2.06577e-18)
(0.906421 -0.297593 -2.0293e-18)
(0.896721 -0.365492 6.16586e-19)
(0.999419 -0.0100887 -1.08289e-20)
(0.995716 -0.0304787 2.2993e-19)
(0.988569 -0.0518174 -2.10604e-19)
(0.978168 -0.0751049 8.00621e-19)
(0.96461 -0.101405 -1.00605e-19)
(0.947905 -0.132016 -1.12355e-19)
(0.928196 -0.168582 -5.55911e-19)
(0.905913 -0.213246 3.99272e-19)
(0.881415 -0.268499 1.95649e-19)
(0.85732 -0.332472 -1.88946e-18)
(0.999438 -0.00859955 2.15559e-19)
(0.995633 -0.0260802 -7.60103e-20)
(0.987985 -0.0444849 2.12376e-19)
(0.976591 -0.0646522 3.5092e-19)
(0.961459 -0.0875072 -4.93962e-19)
(0.942409 -0.114215 -7.53179e-20)
(0.919242 -0.146291 6.90119e-20)
(0.891843 -0.185742 5.78359e-19)
(0.859808 -0.234963 1.0387e-18)
(0.823662 -0.292767 -6.01826e-19)
(0.99946 -0.00709012 -1.54001e-19)
(0.995559 -0.0215468 -9.33973e-21)
(0.987503 -0.0368374 -4.57124e-19)
(0.9753 -0.0536538 7.14891e-19)
(0.958863 -0.0727706 -6.22444e-19)
(0.93784 -0.095183 1.20709e-18)
(0.911743 -0.122211 -1.41188e-18)
(0.879991 -0.155622 6.62728e-19)
(0.8416 -0.197545 -8.19639e-20)
(0.79565 -0.247318 8.50244e-20)
(0.999486 -0.00555199 1.49716e-19)
(0.995502 -0.0168918 -1.1451e-19)
(0.987117 -0.0289268 1.22503e-19)
(0.974265 -0.0422032 -1.65624e-19)
(0.956779 -0.0573364 4.13684e-20)
(0.934157 -0.0751261 3.04404e-19)
(0.905677 -0.0966469 2.8497e-19)
(0.870387 -0.123345 -1.79995e-18)
(0.826862 -0.156965 2.69844e-20)
(0.773211 -0.197179 8.47921e-19)
(0.999512 -0.0039875 -6.36012e-20)
(0.995461 -0.01214 1.2733e-20)
(0.986824 -0.0208136 -1.65639e-19)
(0.973481 -0.0304044 1.91917e-19)
(0.9552 -0.0413591 -7.60287e-20)
(0.931362 -0.0542633 8.03535e-20)
(0.901071 -0.0699079 -9.17458e-20)
(0.863096 -0.0893621 4.72354e-19)
(0.815691 -0.113911 -9.50773e-19)
(0.75634 -0.143418 5.76624e-19)
(0.999532 -0.0024018 4.48864e-20)
(0.995436 -0.00731507 -2.49287e-20)
(0.986626 -0.0125507 -1.96706e-20)
(0.972952 -0.018349 2.28829e-19)
(0.954134 -0.0249812 -3.95675e-20)
(0.929478 -0.032804 -2.84922e-20)
(0.897966 -0.0423012 -5.26012e-20)
(0.858188 -0.0541277 -1.04297e-19)
(0.808183 -0.0690694 4.97501e-19)
(0.745063 -0.0870794 -6.87625e-19)
(0.999543 -0.000802213 2.53838e-20)
(0.995424 -0.00244368 -6.87831e-21)
(0.986527 -0.00419421 -3.62148e-20)
(0.972685 -0.00613434 5.38424e-20)
(0.953597 -0.00835508 4.08442e-20)
(0.928529 -0.0109762 -1.49399e-20)
(0.896403 -0.0141605 9.42463e-20)
(0.855719 -0.0181284 -1.73731e-19)
(0.80441 -0.0231442 6.06309e-21)
(0.739414 -0.0291979 1.20063e-19)
(1.00003 -0.000243027 0)
(1.00032 -0.000728526 0)
(1.00089 -0.00120899 0)
(1.00177 -0.00167881 0)
(1.00294 -0.00213252 0)
(1.0044 -0.00256507 0)
(1.00611 -0.00297168 0)
(1.00807 -0.00334844 0)
(1.01025 -0.00368826 0)
(1.01265 -0.0040084 0)
(1.00004 -0.000758893 0)
(1.00036 -0.00227476 0)
(1.00099 -0.00377471 0)
(1.00198 -0.00524125 0)
(1.0033 -0.00665715 0)
(1.00493 -0.00800652 0)
(1.00685 -0.00927433 0)
(1.00905 -0.0104483 0)
(1.01149 -0.0115058 0)
(1.01421 -0.0125029 0)
(1.00005 -0.00136759 0)
(1.00044 -0.00409924 0)
(1.00123 -0.006802 0)
(1.00244 -0.00944416 0)
(1.00407 -0.0119942 0)
(1.00608 -0.014423 0)
(1.00845 -0.0167023 0)
(1.01116 -0.0188092 0)
(1.01415 -0.0206983 0)
(1.01757 -0.0224868 0)
(1.00006 -0.00214612 0)
(1.00058 -0.0064333 0)
(1.00162 -0.0106759 0)
(1.00322 -0.0148245 0)
(1.00537 -0.0188295 0)
(1.00802 -0.0226444 0)
(1.01116 -0.0262234 0)
(1.01475 -0.0295297 0)
(1.01871 -0.032481 0)
(1.02337 -0.0353063 0)
(1.00009 -0.00319455 0)
(1.00079 -0.0095773 0)
(1.00221 -0.0158973 0)
(1.0044 -0.0220837 0)
(1.00735 -0.0280647 0)
(1.011 -0.0337705 0)
(1.01531 -0.039129 0)
(1.02029 -0.0440817 0)
(1.02573 -0.0484767 0)
(1.03238 -0.0527474 0)
(1.00012 -0.00464144 0)
(1.0011 -0.0139178 0)
(1.00306 -0.0231154 0)
(1.0061 -0.0321443 0)
(1.0102 -0.0409104 0)
(1.0153 -0.0493178 0)
(1.02138 -0.0572588 0)
(1.02848 -0.064647 0)
(1.03627 -0.0712054 0)
(1.04617 -0.0777748 0)
(1.00016 -0.00663221 0)
(1.00151 -0.0198938 0)
(1.00417 -0.0330815 0)
(1.00829 -0.0461067 0)
(1.01386 -0.0588683 0)
(1.02088 -0.0712484 0)
(1.02933 -0.0830918 0)
(1.03933 -0.0942679 0)
(1.05042 -0.104235 0)
(1.06494 -0.1146 0)
(1.00021 -0.00922261 0)
(1.0019 -0.0276845 0)
(1.00523 -0.0461585 0)
(1.01039 -0.0646252 0)
(1.01745 -0.0830336 0)
(1.02654 -0.101287 0)
(1.03779 -0.119207 0)
(1.05158 -0.136657 0)
(1.0675 -0.152682 0)
(1.0892 -0.170458 0)
(1.00021 -0.0120931 0)
(1.00186 -0.0363623 0)
(1.0051 -0.0608995 0)
(1.01024 -0.0859099 0)
(1.01752 -0.111556 0)
(1.02731 -0.137919 0)
(1.04007 -0.164919 0)
(1.05638 -0.192517 0)
(1.07663 -0.218987 0)
(1.10289 -0.25085 0)
(1.00013 -0.0147522 0)
(1.0009 -0.0447635 0)
(1.00228 -0.0761216 0)
(1.00455 -0.109646 0)
(1.00824 -0.14621 0)
(1.01419 -0.186688 0)
(1.0236 -0.231815 0)
(1.03773 -0.282245 0)
(1.05917 -0.335906 0)
(1.08484 -0.40332 0)
(1.0146 -0.00412318 5.74677e-22)
(1.01603 -0.00419307 6.67925e-22)
(1.0175 -0.00425313 9.02106e-22)
(1.019 -0.00430515 8.22379e-23)
(1.02054 -0.00435052 -1.70954e-21)
(1.0221 -0.00439019 3.92793e-22)
(1.02369 -0.00442497 7.5011e-22)
(1.02531 -0.00445554 1.7069e-22)
(1.02693 -0.00448245 -7.37083e-22)
(1.02858 -0.00450609 5.2783e-22)
(1.01629 -0.0128513 -1.43367e-21)
(1.01782 -0.0130651 4.3571e-21)
(1.0194 -0.0132516 -4.10318e-21)
(1.02102 -0.013415 -4.90728e-22)
(1.02267 -0.0135579 2.65355e-22)
(1.02437 -0.0136819 -1.37318e-21)
(1.02609 -0.0137884 1.05952e-21)
(1.02785 -0.0138791 -4.47839e-22)
(1.02963 -0.0139553 7.72015e-22)
(1.03144 -0.0140183 -1.72125e-22)
(1.01995 -0.0230161 -1.58162e-21)
(1.02172 -0.0233338 -7.65055e-22)
(1.02353 -0.0236076 3.0974e-21)
(1.02539 -0.0238444 3.85343e-21)
(1.02729 -0.0240483 -3.29956e-23)
(1.02925 -0.0242213 -1.59353e-21)
(1.03126 -0.0243658 -7.39691e-22)
(1.03331 -0.0244841 9.54593e-23)
(1.0354 -0.0245789 -1.64981e-22)
(1.03752 -0.0246527 1.26392e-22)
(1.02627 -0.0359481 1.23916e-20)
(1.02845 -0.0363244 1.24832e-20)
(1.03068 -0.0366432 -4.54199e-21)
(1.03295 -0.0369159 8.31479e-21)
(1.03527 -0.0371476 1.94794e-21)
(1.03767 -0.0373399 4.75611e-21)
(1.04015 -0.0374951 -1.66567e-22)
(1.04269 -0.0376162 -1.40986e-22)
(1.04528 -0.0377067 -6.55017e-22)
(1.04793 -0.0377697 2.08511e-22)
(1.03605 -0.0533199 8.31001e-21)
(1.03888 -0.0536206 1.43095e-21)
(1.04173 -0.0538427 -1.04398e-20)
(1.0446 -0.0540058 -7.24296e-21)
(1.04756 -0.0541164 3.23289e-21)
(1.05063 -0.0541759 -1.00633e-20)
(1.05381 -0.0541869 2.89849e-21)
(1.05708 -0.0541544 1.29726e-22)
(1.06045 -0.0540843 -4.62247e-22)
(1.06392 -0.0539826 4.47558e-22)
(1.05121 -0.0781244 -1.78822e-21)
(1.05516 -0.0782503 -2.24316e-20)
(1.05906 -0.0782786 2.16191e-20)
(1.06293 -0.0782425 -6.98258e-21)
(1.06692 -0.078152 -1.08155e-20)
(1.07109 -0.0780058 1.09505e-20)
(1.07541 -0.0778045 3.59432e-21)
(1.07987 -0.0775529 9.87739e-22)
(1.08447 -0.0772582 -1.40253e-23)
(1.08921 -0.0769276 1.92855e-22)
(1.072 -0.114231 -2.28432e-20)
(1.07778 -0.113752 7.13722e-20)
(1.08342 -0.113066 -1.36924e-20)
(1.08889 -0.112252 9.55476e-22)
(1.09451 -0.111348 1.00489e-20)
(1.10037 -0.110352 -1.31686e-20)
(1.10645 -0.109266 6.78627e-21)
(1.11271 -0.108096 -2.53437e-21)
(1.11915 -0.106854 9.3551e-22)
(1.12578 -0.105551 -1.42769e-22)
(1.10055 -0.170162 2.55093e-20)
(1.11032 -0.169568 1.04913e-20)
(1.11964 -0.168465 6.43996e-20)
(1.12837 -0.167002 -2.717e-20)
(1.13715 -0.165285 5.74767e-21)
(1.14626 -0.163356 1.15894e-20)
(1.15566 -0.161254 3.02686e-21)
(1.1653 -0.159022 7.71388e-22)
(1.17516 -0.156702 -5.87412e-21)
(1.18526 -0.154319 5.75711e-21)
(1.1217 -0.249575 1.15591e-20)
(1.13999 -0.248411 -7.57895e-20)
(1.15785 -0.246537 -7.44964e-20)
(1.17394 -0.243866 4.03345e-20)
(1.18938 -0.24032 6.57989e-21)
(1.20473 -0.235843 8.97456e-22)
(1.21991 -0.230435 -1.56447e-20)
(1.23474 -0.224133 2.52878e-20)
(1.24916 -0.216978 -2.89761e-20)
(1.26309 -0.209002 -4.97528e-24)
(1.11923 -0.39899 2.64705e-19)
(1.15316 -0.395152 7.69584e-20)
(1.18779 -0.391308 4.04101e-20)
(1.22126 -0.386673 -3.41842e-20)
(1.25422 -0.380813 2.26176e-20)
(1.28641 -0.373517 1.85185e-21)
(1.31708 -0.364571 -2.73391e-21)
(1.34552 -0.35373 1.41167e-20)
(1.37105 -0.340749 2.78243e-20)
(1.39292 -0.325403 -7.86567e-22)
(1.03022 -0.00452666 1.04806e-21)
(1.03188 -0.00454425 -1.94386e-21)
(1.03353 -0.00455876 6.1538e-22)
(1.03518 -0.00457001 -6.07362e-21)
(1.03682 -0.00457767 2.40856e-21)
(1.03845 -0.00458133 6.55195e-21)
(1.04007 -0.00458044 -1.27617e-21)
(1.04167 -0.00457411 -2.91489e-22)
(1.04325 -0.0045595 5.11193e-22)
(1.0448 -0.00452184 1.36421e-21)
(1.03325 -0.0140693 -4.5783e-22)
(1.03508 -0.0141092 2.57533e-21)
(1.03691 -0.0141386 -2.31047e-21)
(1.03874 -0.0141581 -5.24413e-21)
(1.04057 -0.014168 9.58455e-21)
(1.0424 -0.0141686 -3.51557e-22)
(1.04422 -0.0141595 4.287e-21)
(1.04602 -0.0141393 -3.27264e-21)
(1.04781 -0.0140998 -6.08024e-22)
(1.04957 -0.0139896 -1.22753e-21)
(1.03967 -0.0247078 2.58421e-23)
(1.04184 -0.0247464 -8.04231e-23)
(1.04404 -0.0247703 4.72797e-22)
(1.04626 -0.0247812 3.79001e-21)
(1.04849 -0.0247807 1.23924e-21)
(1.05073 -0.0247698 -4.203e-21)
(1.05299 -0.0247491 -8.04194e-21)
(1.05525 -0.024717 1.15731e-20)
(1.05752 -0.0246575 -3.03323e-21)
(1.0598 -0.0244662 -1.67254e-21)
(1.05064 -0.0378086 1.63253e-21)
(1.05339 -0.0378263 -2.63271e-21)
(1.0562 -0.0378258 3.79347e-21)
(1.05904 -0.0378098 -3.39933e-22)
(1.06194 -0.0377811 -1.0237e-21)
(1.06488 -0.0377421 7.96215e-21)
(1.06786 -0.0376947 6.84207e-21)
(1.07088 -0.0376374 1.60528e-20)
(1.07396 -0.0375445 5.11521e-21)
(1.07712 -0.0372296 1.72528e-20)
(1.06748 -0.0538557 1.423e-21)
(1.07113 -0.0537098 -5.29278e-22)
(1.07488 -0.0535515 -5.60326e-21)
(1.07873 -0.0533873 -1.37142e-20)
(1.08268 -0.0532234 3.84078e-21)
(1.08674 -0.053066 -1.39983e-21)
(1.09091 -0.0529198 6.77917e-21)
(1.09519 -0.0527841 -3.06408e-20)
(1.09958 -0.0526217 -2.13236e-21)
(1.10422 -0.0521244 9.10942e-21)
(1.09409 -0.0765684 -1.64517e-21)
(1.09913 -0.0761871 -4.7374e-21)
(1.10433 -0.07579 7.58487e-21)
(1.10968 -0.0753819 -1.0469e-20)
(1.1152 -0.0749666 2.04708e-20)
(1.12089 -0.0745455 -1.78952e-20)
(1.12675 -0.0741173 1.62141e-20)
(1.13275 -0.073673 2.35733e-20)
(1.13891 -0.0731571 -3.07927e-20)
(1.14552 -0.0721037 1.34765e-21)
(1.13262 -0.104201 5.6309e-21)
(1.13968 -0.102818 -5.39217e-21)
(1.14698 -0.101413 -7.58259e-21)
(1.15453 -0.0999982 -3.93613e-21)
(1.16232 -0.098578 -1.2664e-20)
(1.17035 -0.0971487 1.5628e-20)
(1.17857 -0.0956935 -5.49159e-20)
(1.18692 -0.0941779 3.51661e-20)
(1.19528 -0.0925124 8.90739e-20)
(1.20398 -0.090045 5.6642e-21)
(1.19559 -0.151876 -1.78704e-21)
(1.20612 -0.149354 -1.31413e-20)
(1.21678 -0.146708 2.54542e-20)
(1.22747 -0.143861 -4.37831e-20)
(1.23802 -0.140702 -1.40028e-20)
(1.24822 -0.137093 3.42067e-20)
(1.2578 -0.13287 4.37192e-20)
(1.26642 -0.127862 7.32347e-20)
(1.27377 -0.121892 6.61849e-20)
(1.27914 -0.113974 -1.04394e-20)
(1.2764 -0.200208 1.35126e-20)
(1.28889 -0.190566 2.23378e-20)
(1.30027 -0.180008 -2.36139e-20)
(1.31018 -0.16844 8.07695e-20)
(1.31818 -0.155763 -9.12704e-20)
(1.3238 -0.141908 -1.74124e-19)
(1.32655 -0.126875 2.65001e-19)
(1.32596 -0.110775 -1.226e-19)
(1.32211 -0.0938908 -1.47654e-19)
(1.30817 -0.0752135 3.78075e-20)
(1.41026 -0.307508 -2.2261e-20)
(1.42207 -0.286961 -2.12728e-20)
(1.42728 -0.263797 1.94305e-19)
(1.42481 -0.238264 -3.16273e-20)
(1.41367 -0.210907 -1.40759e-19)
(1.39311 -0.182635 -7.98841e-20)
(1.36271 -0.15476 8.83857e-20)
(1.32243 -0.128947 -1.49773e-20)
(1.27243 -0.107034 1.53085e-19)
(1.19466 -0.088263 4.88391e-19)
(1.05547 -0.00347371 0)
(1.0659 -0.000962959 0)
(1.06798 0.000513396 0)
(1.06274 0.00100443 0)
(1.05733 0.00108254 0)
(1.05096 0.00105325 0)
(1.0477 0.000940287 0)
(1.0426 0.00080817 0)
(1.04115 0.000671932 0)
(1.03633 0.000604191 0)
(1.06144 -0.0105708 0)
(1.07179 -0.00284157 0)
(1.07309 0.00156964 0)
(1.06731 0.0030436 0)
(1.06181 0.00329195 0)
(1.05542 0.0031791 0)
(1.05223 0.00281675 0)
(1.04717 0.00240459 0)
(1.0458 0.0019926 0)
(1.04108 0.00179455 0)
(1.07431 -0.0179368 0)
(1.08426 -0.00445044 0)
(1.08394 0.00279999 0)
(1.07704 0.0051831 0)
(1.07133 0.00558696 0)
(1.06479 0.00533008 0)
(1.06171 0.0046705 0)
(1.05657 0.0039569 0)
(1.05535 0.00325752 0)
(1.05062 0.0029578 0)
(1.09586 -0.0259737 0)
(1.10466 -0.0056211 0)
(1.10165 0.00441987 0)
(1.09294 0.00755538 0)
(1.08679 0.00802172 0)
(1.07971 0.00751914 0)
(1.07663 0.00652438 0)
(1.07095 0.00549822 0)
(1.06984 0.00450877 0)
(1.06451 0.00416252 0)
(1.12945 -0.034067 0)
(1.13513 -0.00586974 0)
(1.12763 0.00700751 0)
(1.11595 0.0106785 0)
(1.10864 0.0109722 0)
(1.10012 0.00998594 0)
(1.09652 0.00861597 0)
(1.08922 0.0072251 0)
(1.08789 0.00598171 0)
(1.08065 0.00561994 0)
(1.17793 -0.0434368 0)
(1.17676 -0.00606724 0)
(1.16171 0.0107899 0)
(1.1448 0.0152423 0)
(1.13457 0.0151889 0)
(1.12292 0.0133577 0)
(1.11743 0.0115669 0)
(1.10683 0.00963408 0)
(1.10436 0.00822674 0)
(1.09337 0.0077308 0)
(1.24303 -0.0496246 0)
(1.22609 -0.00601296 0)
(1.19765 0.0161784 0)
(1.1711 0.021912 0)
(1.15446 0.0216099 0)
(1.1373 0.0185806 0)
(1.12771 0.0163326 0)
(1.11228 0.0134802 0)
(1.10732 0.0120331 0)
(1.09155 0.0109579 0)
(1.30368 -0.05538 0)
(1.25701 -0.00742651 0)
(1.2094 0.0227705 0)
(1.1684 0.0302931 0)
(1.14224 0.0305857 0)
(1.11865 0.0262763 0)
(1.10397 0.0235665 0)
(1.08501 0.0192077 0)
(1.07719 0.0177916 0)
(1.0595 0.0152886 0)
(1.30372 -0.00302551 0)
(1.20182 0.0230607 0)
(1.13726 0.0495325 0)
(1.08335 0.0481719 0)
(1.053 0.0456406 0)
(1.03018 0.0374109 0)
(1.01633 0.0329572 0)
(1.00243 0.0258324 0)
(0.995508 0.0242153 0)
(0.985618 0.0192615 0)
(1.02788 0.0577085 0)
(0.905512 0.0718408 0)
(0.883014 0.0906618 0)
(0.852299 0.0655405 0)
(0.851366 0.0582964 0)
(0.854004 0.0440745 0)
(0.858621 0.0376924 0)
(0.866017 0.0278832 0)
(0.868268 0.0265176 0)
(0.879417 0.0192792 0)
(0.644403 0.0912979 2.7293e-19)
(0.610254 0.0876774 -3.98632e-20)
(0.673647 0.0910352 -1.64274e-20)
(0.682794 0.0603636 1.49722e-20)
(0.715943 0.0521214 1.88518e-20)
(0.741659 0.0381426 -4.81148e-22)
(0.7623 0.0321922 -1.93257e-21)
(0.786078 0.0235056 -1.35133e-22)
(0.795578 0.0222812 -2.38288e-23)
(0.821271 0.0157667 4.21242e-22)
(0.531157 0.083415 -2.04475e-20)
(0.521207 0.0843813 -4.20657e-20)
(0.611685 0.0869395 3.00468e-20)
(0.634174 0.0571886 -2.03373e-20)
(0.678009 0.0492591 -1.51526e-21)
(0.71085 0.0358953 3.74371e-21)
(0.736258 0.0302224 5.44197e-22)
(0.764668 0.0220327 1.69667e-21)
(0.776142 0.0208172 6.07037e-23)
(0.805693 0.0146587 -7.49665e-22)
(0.423221 0.0682916 1.76628e-19)
(0.434017 0.078415 2.49506e-20)
(0.550173 0.0809708 2.04587e-20)
(0.586291 0.0532211 2.80146e-20)
(0.640819 0.0456688 -6.30144e-21)
(0.680903 0.0331816 -1.94094e-21)
(0.711133 0.027858 -3.00642e-21)
(0.744201 0.0202867 -1.2025e-21)
(0.757715 0.0190899 -2.2114e-22)
(0.791086 0.0133967 4.09529e-22)
(0.32316 0.05456 -3.60008e-19)
(0.351169 0.0720373 3.92242e-20)
(0.490867 0.0740281 -7.07071e-20)
(0.540409 0.0485757 3.25289e-21)
(0.60532 0.0414468 -1.44389e-21)
(0.652534 0.0300123 6.65274e-21)
(0.687491 0.0251148 -4.7921e-22)
(0.725101 0.0182636 2.72421e-23)
(0.740643 0.0171209 1.22959e-23)
(0.777689 0.0119724 2.69514e-22)
(0.233227 0.0423776 2.95135e-19)
(0.275005 0.0643047 -1.2218e-19)
(0.435603 0.0656977 -1.79308e-20)
(0.497857 0.0430273 1.37017e-20)
(0.572502 0.0365239 4.16924e-21)
(0.626478 0.0263637 -5.13319e-21)
(0.665902 0.0219951 -1.1961e-21)
(0.707784 0.0159726 -5.35626e-22)
(0.725265 0.0149239 -1.40336e-22)
(0.765728 0.0103998 6.58221e-22)
(0.155357 0.0314738 -2.80473e-20)
(0.207726 0.0549246 1.31075e-19)
(0.386207 0.0559035 1.34897e-20)
(0.459958 0.0365733 -1.59053e-20)
(0.543344 0.0309205 1.85787e-20)
(0.603455 0.0222616 6.64521e-22)
(0.646919 0.0185253 2.18309e-21)
(0.692649 0.0134366 1.65161e-22)
(0.711898 0.0125191 4.07846e-22)
(0.755413 0.00869742 -6.90448e-22)
(0.0911767 0.0221288 -1.25512e-19)
(0.151302 0.0441617 -1.89981e-20)
(0.344376 0.0448481 5.01823e-20)
(0.427949 0.0293295 -7.28688e-21)
(0.518761 0.0247192 -8.07575e-21)
(0.584129 0.0177614 1.2633e-21)
(0.631048 0.0147494 -4.65425e-22)
(0.68006 0.0106875 1.15156e-22)
(0.700827 0.00993488 -7.89245e-23)
(0.746925 0.00688475 1.17505e-22)
(0.041969 0.0144152 2.93939e-20)
(0.10741 0.0323309 6.1538e-23)
(0.31159 0.0327851 1.57796e-20)
(0.40291 0.0214393 -7.10751e-21)
(0.499556 0.0180269 -1.71553e-21)
(0.569083 0.0129334 1.10764e-21)
(0.618729 0.0107226 -6.9031e-22)
(0.670325 0.00776386 1.61504e-22)
(0.692298 0.00720496 -1.41137e-22)
(0.740419 0.00498344 -3.39288e-22)
(0.00866443 0.00806009 2.01932e-20)
(0.0773752 0.0197198 -2.39825e-20)
(0.289036 0.019978 -1.93325e-20)
(0.38571 0.0130647 4.42784e-21)
(0.486373 0.0109676 1.1319e-21)
(0.55878 0.00786053 -7.95238e-22)
(0.610312 0.00650937 5.20429e-22)
(0.663693 0.0047108 7.92534e-23)
(0.6865 0.00436763 1.09582e-22)
(0.736014 0.00301724 -2.23778e-22)
(-0.00813516 0.00258532 -1.9937e-21)
(0.062121 0.00662781 1.52156e-20)
(0.277545 0.00671189 5.87723e-21)
(0.376953 0.00438942 -3.47628e-22)
(0.479665 0.00368097 1.01666e-21)
(0.553545 0.00263619 -1.8685e-22)
(0.60604 0.00218109 1.56505e-22)
(0.660333 0.00157807 1.86254e-23)
(0.683568 0.00146446 2.25112e-24)
(0.733791 0.00101149 2.37789e-22)
)
;

boundaryField
{
    inlet
    {
        type            uniformFixedValue;
        uniformValue    constant (1 0 0);
        value           uniform (1 0 0);
    }
    outlet
    {
        type            pressureInletOutletVelocity;
        value           nonuniform List<vector> 
40
(
(0.879415 -0.019276 0)
(0.985616 -0.0192585 0)
(1.0595 -0.0152858 0)
(1.09155 -0.0109555 0)
(1.09337 -0.00772885 0)
(1.08065 -0.00561844 0)
(1.06451 -0.00416143 0)
(1.05062 -0.00295707 0)
(1.04108 -0.00179413 0)
(1.03633 -0.000604054 0)
(0.733791 -0.00100755 2.43898e-22)
(0.736014 -0.00301332 -2.23509e-22)
(0.740419 -0.00497954 -3.26322e-22)
(0.746925 -0.00688088 1.21107e-22)
(0.755412 -0.00869359 -6.42673e-22)
(0.765728 -0.0103961 6.89509e-22)
(0.777688 -0.0119687 2.65506e-22)
(0.791085 -0.0133931 3.8141e-22)
(0.805693 -0.0146551 -8.05446e-22)
(0.82127 -0.0157632 3.67857e-22)
(0.821271 0.0157667 4.21242e-22)
(0.805693 0.0146587 -7.49665e-22)
(0.791086 0.0133967 4.09529e-22)
(0.777689 0.0119724 2.69514e-22)
(0.765728 0.0103998 6.58221e-22)
(0.755413 0.00869742 -6.90448e-22)
(0.746925 0.00688475 1.17505e-22)
(0.740419 0.00498344 -3.39288e-22)
(0.736014 0.00301724 -2.23778e-22)
(0.733791 0.00101149 2.37789e-22)
(1.03633 0.000604191 0)
(1.04108 0.00179455 0)
(1.05062 0.0029578 0)
(1.06451 0.00416252 0)
(1.08065 0.00561994 0)
(1.09337 0.0077308 0)
(1.09155 0.0109579 0)
(1.0595 0.0152886 0)
(0.985618 0.0192615 0)
(0.879417 0.0192792 0)
)
;
    }
    cylinder
    {
        type            fixedValue;
        value           uniform (0 0 0);
    }
    top
    {
        type            symmetryPlane;
    }
    bottom
    {
        type            symmetryPlane;
    }
    defaultFaces
    {
        type            empty;
    }
}


// ************************************************************************* //
