/*--------------------------------*- C++ -*----------------------------------*\
  =========                 |
  \\      /  F ield         | OpenFOAM: The Open Source CFD Toolbox
   \\    /   O peration     | Website:  https://openfoam.org
    \\  /    A nd           | Version:  6.0
     \\/     M anipulation  |
\*---------------------------------------------------------------------------*/
FoamFile
{
    version     2.0;
    format      ascii;
    class       volScalarField;
    location    "13";
    object      p;
}
// * * * * * * * * * * * * * * * * * * * * * * * * * * * * * * * * * * * * * //

dimensions      [0 2 -2 0 0 0 0];

internalField   nonuniform List<scalar> 
8000
(
-0.330932
-0.3352
-0.337694
-0.339154
-0.340022
-0.340371
-0.340282
-0.339835
-0.339098
-0.338125
-0.336961
-0.335648
-0.334218
-0.332701
-0.331122
-0.329507
-0.327871
-0.326202
-0.3245
-0.323089
-0.331597
-0.335818
-0.33827
-0.339692
-0.340521
-0.340833
-0.340706
-0.340223
-0.339451
-0.338443
-0.337246
-0.3359
-0.334438
-0.33289
-0.331282
-0.329639
-0.327977
-0.326282
-0.324554
-0.323134
-0.33293
-0.337054
-0.339425
-0.340769
-0.34152
-0.341756
-0.341555
-0.340999
-0.340156
-0.339079
-0.337814
-0.336402
-0.334876
-0.333266
-0.331598
-0.329898
-0.328184
-0.326438
-0.324658
-0.323219
-0.334933
-0.338913
-0.341158
-0.342385
-0.343018
-0.343139
-0.342825
-0.342161
-0.341211
-0.340029
-0.338662
-0.33715
-0.335527
-0.333822
-0.332064
-0.330278
-0.328483
-0.326658
-0.3248
-0.323334
-0.337614
-0.341396
-0.343473
-0.34454
-0.345015
-0.344981
-0.344517
-0.343706
-0.342612
-0.341291
-0.339786
-0.338139
-0.336384
-0.334551
-0.332669
-0.330765
-0.32886
-0.326926
-0.324962
-0.323462
-0.340981
-0.34451
-0.34637
-0.347235
-0.34751
-0.347281
-0.346628
-0.345632
-0.344358
-0.34286
-0.341182
-0.339364
-0.337441
-0.335444
-0.333402
-0.331346
-0.329297
-0.327223
-0.32512
-0.323582
-0.345045
-0.348259
-0.349854
-0.350471
-0.350503
-0.350036
-0.349154
-0.347936
-0.346445
-0.344733
-0.342844
-0.340818
-0.338689
-0.336489
-0.33425
-0.332004
-0.329775
-0.327522
-0.325247
-0.323665
-0.349819
-0.352651
-0.353925
-0.354247
-0.35399
-0.353245
-0.352095
-0.350616
-0.34887
-0.346907
-0.34477
-0.342497
-0.340123
-0.337679
-0.335199
-0.332721
-0.330268
-0.327794
-0.325305
-0.323675
-0.355317
-0.357691
-0.358587
-0.358563
-0.357971
-0.356905
-0.355445
-0.353668
-0.351631
-0.349381
-0.346958
-0.3444
-0.341738
-0.339006
-0.336239
-0.333479
-0.330753
-0.328004
-0.325251
-0.323567
-0.361553
-0.363384
-0.363838
-0.363416
-0.362441
-0.36101
-0.359203
-0.35709
-0.354727
-0.352155
-0.34941
-0.346527
-0.343535
-0.340468
-0.337361
-0.334262
-0.331203
-0.328113
-0.325033
-0.323281
-0.36854
-0.369734
-0.369676
-0.3688
-0.367393
-0.365555
-0.363362
-0.360881
-0.358159
-0.355232
-0.352132
-0.348885
-0.34552
-0.342067
-0.338561
-0.335058
-0.331592
-0.328079
-0.324586
-0.32274
-0.376286
-0.376737
-0.376094
-0.374707
-0.37282
-0.370532
-0.367919
-0.365038
-0.361928
-0.358619
-0.355133
-0.351489
-0.347709
-0.343817
-0.339848
-0.335862
-0.331898
-0.327855
-0.323832
-0.321844
-0.384791
-0.384386
-0.38308
-0.381124
-0.378707
-0.37593
-0.372864
-0.369556
-0.366037
-0.362325
-0.35843
-0.354361
-0.350128
-0.345745
-0.341245
-0.336685
-0.332109
-0.327393
-0.322676
-0.320457
-0.394046
-0.392663
-0.390615
-0.388031
-0.385037
-0.381734
-0.378187
-0.374433
-0.370489
-0.366361
-0.362045
-0.357534
-0.35282
-0.347903
-0.342799
-0.337563
-0.332235
-0.326656
-0.321005
-0.318395
-0.404026
-0.401542
-0.398672
-0.395403
-0.391787
-0.387925
-0.383874
-0.37966
-0.375286
-0.370742
-0.366008
-0.361054
-0.355851
-0.350368
-0.344598
-0.338576
-0.332325
-0.325627
-0.318681
-0.315398
-0.414688
-0.410983
-0.407214
-0.403207
-0.398928
-0.394479
-0.389908
-0.385228
-0.380429
-0.375486
-0.370357
-0.364988
-0.359316
-0.353271
-0.346798
-0.339891
-0.332524
-0.324365
-0.315583
-0.311158
-0.425974
-0.420935
-0.416197
-0.411404
-0.406427
-0.401366
-0.396265
-0.391123
-0.38592
-0.380612
-0.37514
-0.369422
-0.363354
-0.356816
-0.349679
-0.34186
-0.333241
-0.323278
-0.311942
-0.30557
-0.437801
-0.431334
-0.425566
-0.419947
-0.414242
-0.408553
-0.402918
-0.397328
-0.391751
-0.386136
-0.380405
-0.374452
-0.368136
-0.361271
-0.353634
-0.345023
-0.335177
-0.323124
-0.307988
-0.297552
-0.450075
-0.442106
-0.435262
-0.428785
-0.42233
-0.416002
-0.409835
-0.403815
-0.397909
-0.392062
-0.386192
-0.38018
-0.373853
-0.366955
-0.359129
-0.349969
-0.338848
-0.323652
-0.30104
-0.280839
-0.462686
-0.453168
-0.445219
-0.437863
-0.430644
-0.423669
-0.416976
-0.41055
-0.404365
-0.398381
-0.392536
-0.386737
-0.380838
-0.374596
-0.367624
-0.359366
-0.348652
-0.331658
-0.301911
-0.27152
-0.475518
-0.464435
-0.455369
-0.447124
-0.439134
-0.43151
-0.424295
-0.417478
-0.411051
-0.405004
-0.399329
-0.394025
-0.389103
-0.384604
-0.380648
-0.377521
-0.375525
-0.374852
-0.37937
-0.404164
-0.488456
-0.47582
-0.465641
-0.456511
-0.44775
-0.439476
-0.431736
-0.424525
-0.417847
-0.411721
-0.406179
-0.401283
-0.397134
-0.393899
-0.39187
-0.391482
-0.393174
-0.397808
-0.410078
-0.437369
-0.50139
-0.487239
-0.475971
-0.465969
-0.456446
-0.447525
-0.439254
-0.431632
-0.424671
-0.418404
-0.412885
-0.408201
-0.404482
-0.401923
-0.400808
-0.401498
-0.404283
-0.409799
-0.421322
-0.441575
-0.514218
-0.498611
-0.486291
-0.475443
-0.465176
-0.455617
-0.446814
-0.438763
-0.431477
-0.424994
-0.419374
-0.414706
-0.411115
-0.408774
-0.407912
-0.408775
-0.411502
-0.416497
-0.426032
-0.440509
-0.526851
-0.509859
-0.496538
-0.484881
-0.473897
-0.463715
-0.45438
-0.445881
-0.438229
-0.431454
-0.425608
-0.420767
-0.41703
-0.414524
-0.413402
-0.413795
-0.415706
-0.419379
-0.426534
-0.436412
-0.539205
-0.520909
-0.506644
-0.494222
-0.482555
-0.471771
-0.461908
-0.452947
-0.444885
-0.437743
-0.431555
-0.426373
-0.422259
-0.419291
-0.417548
-0.417066
-0.417761
-0.419786
-0.424532
-0.430565
-0.551199
-0.531682
-0.516537
-0.5034
-0.491089
-0.479727
-0.469343
-0.459903
-0.451391
-0.44381
-0.437174
-0.431504
-0.426829
-0.423177
-0.420569
-0.418977
-0.418265
-0.41855
-0.420997
-0.423754
-0.562751
-0.542095
-0.526138
-0.51234
-0.499425
-0.48751
-0.47661
-0.466675
-0.457672
-0.449585
-0.442404
-0.436124
-0.43074
-0.426241
-0.422608
-0.41977
-0.417573
-0.416122
-0.416401
-0.416329
-0.57377
-0.552057
-0.535353
-0.520949
-0.507474
-0.495029
-0.483618
-0.47317
-0.463636
-0.454979
-0.447169
-0.440175
-0.433967
-0.428506
-0.423746
-0.419594
-0.415896
-0.412759
-0.411008
-0.408475
-0.584153
-0.561462
-0.54408
-0.529125
-0.515128
-0.502177
-0.490256
-0.479277
-0.469173
-0.459888
-0.451373
-0.443582
-0.436463
-0.429961
-0.424015
-0.418526
-0.413353
-0.408605
-0.404965
-0.400295
-0.593779
-0.570192
-0.552201
-0.536749
-0.52227
-0.50883
-0.4964
-0.48487
-0.474156
-0.46419
-0.454909
-0.446253
-0.43816
-0.430569
-0.423412
-0.416596
-0.409999
-0.403731
-0.398349
-0.39183
-0.602514
-0.578114
-0.559584
-0.543689
-0.528763
-0.514853
-0.50191
-0.489807
-0.478449
-0.467755
-0.457656
-0.448085
-0.438979
-0.430274
-0.421907
-0.413795
-0.405843
-0.398158
-0.391181
-0.383081
-0.610205
-0.585082
-0.566084
-0.549798
-0.53446
-0.520096
-0.506635
-0.493941
-0.481905
-0.470445
-0.459487
-0.448967
-0.438824
-0.429001
-0.419445
-0.410089
-0.400864
-0.391871
-0.38345
-0.374011
-0.616684
-0.590937
-0.571545
-0.554921
-0.539205
-0.524398
-0.510417
-0.497112
-0.484372
-0.472114
-0.46027
-0.44878
-0.437594
-0.426667
-0.41596
-0.405424
-0.395015
-0.384828
-0.375113
-0.364557
-0.621771
-0.595508
-0.575801
-0.558891
-0.54283
-0.527595
-0.513089
-0.499158
-0.485692
-0.472614
-0.459866
-0.4474
-0.435181
-0.42318
-0.411372
-0.399732
-0.388237
-0.376971
-0.366107
-0.354639
-0.625278
-0.598618
-0.578677
-0.561537
-0.545163
-0.529513
-0.514481
-0.499913
-0.485706
-0.471796
-0.458139
-0.444705
-0.431476
-0.418443
-0.405598
-0.392936
-0.380456
-0.368228
-0.356359
-0.344162
-0.627009
-0.600083
-0.579995
-0.56268
-0.546028
-0.529978
-0.514422
-0.499211
-0.484257
-0.469512
-0.454953
-0.440571
-0.42637
-0.412358
-0.398549
-0.384955
-0.371596
-0.358521
-0.345785
-0.333027
-0.626769
-0.599717
-0.579575
-0.562142
-0.545248
-0.528816
-0.512741
-0.496889
-0.481189
-0.465618
-0.450176
-0.43488
-0.419755
-0.404831
-0.390139
-0.37571
-0.361578
-0.347773
-0.334302
-0.321133
-0.624363
-0.597337
-0.577236
-0.559746
-0.542646
-0.525854
-0.509273
-0.492788
-0.476354
-0.459977
-0.443685
-0.427521
-0.411533
-0.395772
-0.380286
-0.365123
-0.350327
-0.335906
-0.321826
-0.308385
-0.619603
-0.592762
-0.572803
-0.555317
-0.538054
-0.520927
-0.503858
-0.486757
-0.469613
-0.452462
-0.435365
-0.418391
-0.401613
-0.385101
-0.368918
-0.353125
-0.337775
-0.322851
-0.308284
-0.294694
-0.612313
-0.585825
-0.566109
-0.548692
-0.531309
-0.513879
-0.496348
-0.478659
-0.460839
-0.44296
-0.425115
-0.407402
-0.389917
-0.372747
-0.355969
-0.339655
-0.323863
-0.308547
-0.29361
-0.279983
-0.60232
-0.576358
-0.556993
-0.539712
-0.522257
-0.504563
-0.486604
-0.468367
-0.449918
-0.431369
-0.412846
-0.394477
-0.376378
-0.358653
-0.341388
-0.324665
-0.308542
-0.292945
-0.277748
-0.264189
-0.589476
-0.564219
-0.545312
-0.528235
-0.510763
-0.492849
-0.474508
-0.455772
-0.436754
-0.417606
-0.39849
-0.379558
-0.360948
-0.342777
-0.325138
-0.308119
-0.291779
-0.27601
-0.26066
-0.247261
-0.573654
-0.54928
-0.530938
-0.514138
-0.496707
-0.478626
-0.459957
-0.440785
-0.42127
-0.401608
-0.381993
-0.362604
-0.343595
-0.325093
-0.307199
-0.29
-0.273554
-0.25772
-0.242318
-0.229166
-0.554745
-0.531433
-0.513765
-0.497315
-0.479988
-0.461802
-0.442872
-0.423338
-0.403413
-0.383333
-0.363327
-0.343594
-0.324306
-0.305595
-0.287564
-0.270303
-0.253863
-0.23807
-0.222714
-0.209883
-0.532667
-0.510593
-0.493708
-0.477685
-0.460531
-0.44231
-0.423194
-0.403386
-0.383149
-0.362761
-0.342481
-0.322529
-0.303086
-0.284292
-0.266248
-0.249043
-0.23272
-0.217072
-0.201853
-0.189412
-0.507367
-0.486704
-0.470707
-0.455188
-0.438284
-0.420107
-0.400894
-0.38091
-0.360472
-0.339896
-0.319469
-0.299428
-0.279964
-0.261216
-0.243284
-0.226251
-0.210155
-0.194752
-0.17976
-0.167767
-0.478821
-0.459734
-0.444729
-0.429797
-0.413222
-0.395178
-0.375967
-0.355918
-0.3354
-0.314767
-0.294328
-0.274337
-0.254987
-0.236417
-0.218722
-0.201979
-0.186217
-0.171158
-0.156474
-0.144979
-0.447035
-0.429685
-0.415773
-0.401509
-0.385351
-0.367536
-0.348435
-0.328443
-0.307977
-0.287426
-0.267119
-0.24732
-0.228224
-0.209967
-0.192634
-0.176297
-0.160975
-0.146355
-0.132058
-0.121098
-0.412048
-0.396586
-0.383866
-0.370354
-0.354705
-0.337224
-0.318351
-0.298546
-0.278273
-0.25795
-0.237924
-0.218465
-0.199766
-0.181955
-0.165111
-0.149294
-0.134516
-0.120429
-0.106592
-0.0961953
-0.373935
-0.360501
-0.349067
-0.336393
-0.32135
-0.304314
-0.285795
-0.266316
-0.246384
-0.226442
-0.20685
-0.187879
-0.169721
-0.152494
-0.136263
-0.121081
-0.10695
-0.0934875
-0.0801806
-0.0703646
-0.332803
-0.321528
-0.31147
-0.29972
-0.285383
-0.268908
-0.250876
-0.231868
-0.212428
-0.193023
-0.17402
-0.15569
-0.138218
-0.121711
-0.106221
-0.091789
-0.0784078
-0.065664
-0.0529564
-0.0437271
-0.288793
-0.279797
-0.271199
-0.260457
-0.246929
-0.231137
-0.213728
-0.195338
-0.176546
-0.157835
-0.139578
-0.122043
-0.105402
-0.0897525
-0.0751316
-0.0615676
-0.0490447
-0.0371176
-0.0250827
-0.0164381
-0.242082
-0.23547
-0.228411
-0.218762
-0.206147
-0.19116
-0.174511
-0.156888
-0.138899
-0.121039
-0.103683
-0.0870918
-0.0714288
-0.0567761
-0.0431566
-0.0305851
-0.0190373
-0.00803793
0.00323745
0.0113038
-0.192879
-0.188743
-0.183295
-0.174821
-0.163221
-0.14916
-0.133409
-0.116699
-0.0996637
-0.0828072
-0.0665021
-0.0510021
-0.0364601
-0.0229451
-0.0104655
0.000977583
0.0114156
0.0213497
0.0317471
0.0392364
-0.141428
-0.139845
-0.136071
-0.128848
-0.118363
-0.105348
-0.0906259
-0.0749694
-0.0590312
-0.0433207
-0.0282074
-0.0139375
-0.000654356
0.0115833
0.0227786
0.0329416
0.0421065
0.0507913
0.0601305
0.0670113
-0.0880003
-0.0890323
-0.086988
-0.0810884
-0.0718124
-0.0599549
-0.0463868
-0.0319138
-0.0172035
-0.00276772
0.0110283
0.023945
0.0358454
0.0466759
0.0564442
0.0651661
0.0728709
0.0800704
0.0880643
0.094201
-0.0329005
-0.036591
-0.0363211
-0.0318098
-0.0238307
-0.0132351
-0.000934438
0.0122385
0.0256066
0.0386589
0.0510348
0.0624994
0.0729171
0.0822307
0.0904402
0.0975572
0.103595
0.108985
0.115056
0.119971
0.0235424
0.0171679
0.0156293
0.0186954
0.0252986
0.0345381
0.0454705
0.0572432
0.0691753
0.0807606
0.0916444
0.101595
0.11047
0.118195
0.124735
0.130072
0.134146
0.137039
0.139636
0.141824
0.0809744
0.0719102
0.0685406
0.0701137
0.0752716
0.0830722
0.0925494
0.102839
0.113264
0.123328
0.132689
0.141123
0.148487
0.154682
0.159633
0.163278
0.165389
0.165191
0.162319
0.159925
0.139019
0.12728
0.12207
0.122112
0.125766
0.132057
0.140005
0.148742
0.157605
0.166117
0.173958
0.180927
0.186907
0.191832
0.195682
0.198529
0.200271
0.199599
0.195584
0.201072
0.197307
0.182922
0.175871
0.174353
0.176453
0.181172
0.187526
0.194652
0.201903
0.208829
0.215135
0.220651
0.225293
0.229034
0.231917
0.2341
0.23561
0.23555
0.233949
0.241754
0.25544
0.238458
0.229577
0.22648
0.226987
0.230085
0.23479
0.240253
0.245847
0.251148
0.255889
0.259924
0.263192
0.265693
0.267492
0.268753
0.269506
0.26904
0.267615
0.274478
0.313019
0.293505
0.282819
0.278136
0.277023
0.278461
0.281476
0.285233
0.289131
0.292773
0.295914
0.298431
0.300281
0.301478
0.302094
0.302282
0.302063
0.300807
0.29879
0.304039
0.369647
0.347683
0.335228
0.328962
0.326217
0.325971
0.327267
0.329289
0.331464
0.333419
0.334933
0.335901
0.336291
0.336125
0.335476
0.334481
0.333148
0.330914
0.328072
0.331684
0.424935
0.400614
0.386437
0.378605
0.374227
0.372289
0.371854
0.372128
0.372567
0.372823
0.372698
0.372098
0.371004
0.36944
0.367477
0.365236
0.362714
0.359411
0.355645
0.35764
0.478499
0.451929
0.436087
0.426718
0.420723
0.417101
0.414939
0.413471
0.41218
0.410743
0.408982
0.406819
0.404239
0.40127
0.397979
0.394473
0.390743
0.386352
0.381634
0.382041
0.529968
0.501268
0.483829
0.472964
0.465384
0.460104
0.45624
0.453054
0.450057
0.446953
0.443583
0.439879
0.435835
0.43148
0.426877
0.422121
0.417201
0.411741
0.406079
0.404944
0.578988
0.548283
0.529326
0.51702
0.507901
0.501007
0.495484
0.490625
0.485968
0.481244
0.47631
0.471111
0.465645
0.459945
0.454068
0.448102
0.442033
0.435546
0.428969
0.426352
0.625219
0.592645
0.572257
0.558577
0.547983
0.539537
0.532419
0.525949
0.519699
0.51342
0.506987
0.500355
0.49353
0.486544
0.479452
0.472332
0.465175
0.457716
0.450266
0.446238
0.668341
0.634041
0.612319
0.597345
0.585355
0.575437
0.566803
0.558808
0.551047
0.543296
0.535447
0.527464
0.519357
0.511161
0.502928
0.494726
0.48655
0.478186
0.469915
0.464561
0.708055
0.672179
0.64923
0.633054
0.619761
0.608466
0.598417
0.588995
0.579825
0.570703
0.561536
0.552298
0.543002
0.533684
0.524394
0.515193
0.506079
0.496885
0.487852
0.481268
0.744087
0.706792
0.682728
0.665453
0.650964
0.638405
0.627055
0.616324
0.605861
0.595484
0.585112
0.574726
0.564346
0.554006
0.543754
0.533645
0.523682
0.513737
0.504011
0.496304
0.776184
0.737634
0.712578
0.694317
0.678752
0.665055
0.652533
0.640623
0.629
0.617496
0.606043
0.59463
0.583279
0.572026
0.560917
0.549999
0.53928
0.528669
0.518324
0.50961
0.804125
0.764488
0.738568
0.719444
0.702935
0.688237
0.674686
0.661743
0.649101
0.63661
0.624212
0.611902
0.599704
0.587655
0.575797
0.564176
0.552801
0.541611
0.530726
0.521131
0.827715
0.787163
0.760513
0.740657
0.723345
0.707797
0.693371
0.67955
0.666043
0.652715
0.639516
0.626446
0.613531
0.600809
0.58832
0.576105
0.564177
0.552501
0.541159
0.530816
0.846788
0.8055
0.778259
0.757809
0.739845
0.723604
0.708467
0.693932
0.679723
0.665716
0.651867
0.638181
0.624686
0.611419
0.59842
0.585725
0.573351
0.561283
0.549571
0.538621
0.86121
0.819367
0.791681
0.770779
0.752319
0.735553
0.719876
0.704799
0.690058
0.675535
0.661194
0.647041
0.633107
0.619429
0.606044
0.592985
0.580275
0.56791
0.555918
0.544509
0.870882
0.828668
0.800681
0.779476
0.760684
0.743564
0.727523
0.712082
0.696983
0.682114
0.667442
0.652977
0.638748
0.624793
0.611149
0.597847
0.584911
0.572349
0.560169
0.54845
0.875735
0.833334
0.805198
0.78384
0.76488
0.747583
0.731359
0.715735
0.700456
0.685414
0.670576
0.655953
0.641576
0.627483
0.613709
0.600285
0.587236
0.574574
0.5623
0.550426
0.875735
0.833334
0.805198
0.78384
0.76488
0.747583
0.73136
0.715735
0.700456
0.685414
0.670576
0.655953
0.641576
0.627483
0.613709
0.600285
0.587236
0.574574
0.5623
0.550426
0.870883
0.828668
0.800682
0.779477
0.760684
0.743564
0.727523
0.712082
0.696983
0.682114
0.667442
0.652977
0.638748
0.624793
0.611149
0.597848
0.584911
0.572349
0.560169
0.54845
0.861211
0.819368
0.791681
0.770779
0.75232
0.735554
0.719876
0.704799
0.690058
0.675536
0.661194
0.647042
0.633107
0.619429
0.606044
0.592986
0.580275
0.567911
0.555918
0.544509
0.846788
0.805501
0.77826
0.757809
0.739845
0.723605
0.708468
0.693932
0.679724
0.665717
0.651868
0.638181
0.624686
0.61142
0.598421
0.585725
0.573352
0.561283
0.549571
0.538622
0.827716
0.787164
0.760514
0.740658
0.723346
0.707798
0.693372
0.67955
0.666044
0.652716
0.639517
0.626446
0.613531
0.60081
0.588321
0.576105
0.564178
0.552502
0.541159
0.530817
0.804126
0.764489
0.738569
0.719445
0.702936
0.688238
0.674687
0.661744
0.649102
0.636611
0.624213
0.611902
0.599704
0.587655
0.575798
0.564176
0.552802
0.541612
0.530727
0.521131
0.776186
0.737635
0.712579
0.694318
0.678754
0.665056
0.652534
0.640624
0.629001
0.617497
0.606044
0.594631
0.58328
0.572027
0.560918
0.55
0.539281
0.528669
0.518325
0.50961
0.744088
0.706793
0.68273
0.665455
0.650966
0.638407
0.627056
0.616325
0.605862
0.595485
0.585113
0.574727
0.564347
0.554007
0.543755
0.533646
0.523683
0.513738
0.504012
0.496304
0.708057
0.672181
0.649231
0.633056
0.619762
0.608468
0.598418
0.588996
0.579826
0.570705
0.561537
0.552299
0.543003
0.533685
0.524395
0.515194
0.50608
0.496886
0.487853
0.481269
0.668343
0.634043
0.612321
0.597347
0.585357
0.575439
0.566805
0.558809
0.551048
0.543297
0.535448
0.527465
0.519359
0.511162
0.502929
0.494727
0.486551
0.478187
0.469916
0.464562
0.625221
0.592647
0.572259
0.558579
0.547985
0.539539
0.53242
0.525951
0.5197
0.513421
0.506988
0.500357
0.493531
0.486545
0.479454
0.472334
0.465176
0.457717
0.450267
0.446239
0.57899
0.548285
0.529328
0.517022
0.507903
0.501009
0.495486
0.490626
0.48597
0.481246
0.476312
0.471112
0.465647
0.459946
0.45407
0.448103
0.442035
0.435547
0.42897
0.426353
0.529971
0.50127
0.483831
0.472966
0.465386
0.460106
0.456242
0.453055
0.450058
0.446955
0.443585
0.439881
0.435837
0.431482
0.426878
0.422122
0.417202
0.411742
0.40608
0.404945
0.478501
0.451932
0.436089
0.42672
0.420725
0.417103
0.414941
0.413473
0.412181
0.410745
0.408984
0.406821
0.404241
0.401272
0.397981
0.394475
0.390745
0.386353
0.381635
0.382042
0.424937
0.400617
0.386439
0.378607
0.37423
0.372292
0.371856
0.37213
0.372569
0.372825
0.372699
0.3721
0.371006
0.369442
0.367478
0.365237
0.362715
0.359412
0.355646
0.357641
0.36965
0.347685
0.33523
0.328965
0.326219
0.325973
0.327269
0.329291
0.331466
0.333421
0.334935
0.335903
0.336293
0.336126
0.335477
0.334482
0.33315
0.330915
0.328073
0.331685
0.313022
0.293507
0.282821
0.278138
0.277026
0.278464
0.281478
0.285235
0.289134
0.292775
0.295916
0.298433
0.300283
0.301479
0.302095
0.302284
0.302064
0.300808
0.298792
0.30404
0.255443
0.23846
0.22958
0.226483
0.22699
0.230087
0.234792
0.240255
0.245849
0.25115
0.255891
0.259926
0.263194
0.265695
0.267494
0.268754
0.269507
0.269041
0.267616
0.274479
0.19731
0.182925
0.175874
0.174356
0.176455
0.181174
0.187528
0.194654
0.201906
0.208831
0.215137
0.220653
0.225294
0.229035
0.231919
0.234102
0.235611
0.235551
0.233951
0.241755
0.139022
0.127283
0.122073
0.122115
0.125769
0.132059
0.140007
0.148745
0.157608
0.166119
0.17396
0.180929
0.186909
0.191834
0.195684
0.198531
0.200272
0.199601
0.195585
0.201073
0.0809773
0.071913
0.0685433
0.0701163
0.0752741
0.0830747
0.0925517
0.102841
0.113266
0.12333
0.132692
0.141125
0.148489
0.154683
0.159635
0.16328
0.165391
0.165193
0.16232
0.159926
0.0235453
0.0171707
0.015632
0.018698
0.0253012
0.0345405
0.0454729
0.0572455
0.0691775
0.0807627
0.0916465
0.101597
0.110472
0.118197
0.124737
0.130073
0.134147
0.137041
0.139637
0.141825
-0.0328977
-0.0365883
-0.0363184
-0.0318072
-0.0238282
-0.0132327
-0.000932093
0.0122408
0.0256088
0.038661
0.0510368
0.0625013
0.072919
0.0822324
0.0904419
0.0975588
0.103597
0.108987
0.115057
0.119973
-0.0879975
-0.0890296
-0.0869854
-0.0810859
-0.07181
-0.0599525
-0.0463845
-0.0319116
-0.0172014
-0.00276566
0.0110303
0.0239469
0.0358472
0.0466776
0.0564459
0.0651677
0.0728724
0.0800719
0.0880657
0.0942024
-0.141425
-0.139842
-0.136069
-0.128846
-0.118361
-0.105345
-0.0906237
-0.0749673
-0.0590291
-0.0433187
-0.0282055
-0.0139356
-0.00065256
0.0115851
0.0227802
0.0329432
0.042108
0.0507928
0.0601319
0.0670126
-0.192877
-0.188741
-0.183293
-0.174818
-0.163218
-0.149158
-0.133407
-0.116697
-0.0996617
-0.0828053
-0.0665002
-0.0510003
-0.0364583
-0.0229434
-0.0104639
0.000979136
0.0114171
0.0213511
0.0317485
0.0392377
-0.242079
-0.235467
-0.228408
-0.21876
-0.206145
-0.191157
-0.174509
-0.156886
-0.138897
-0.121038
-0.103681
-0.0870901
-0.0714271
-0.0567744
-0.0431551
-0.0305836
-0.0190359
-0.00803654
0.00323879
0.0113051
-0.288791
-0.279794
-0.271197
-0.260455
-0.246927
-0.231135
-0.213726
-0.195336
-0.176544
-0.157834
-0.139577
-0.122041
-0.105401
-0.0897509
-0.07513
-0.0615661
-0.0490433
-0.0371163
-0.0250814
-0.0164368
-0.332801
-0.321526
-0.311468
-0.299718
-0.285381
-0.268906
-0.250874
-0.231866
-0.212426
-0.193021
-0.174018
-0.155689
-0.138217
-0.121709
-0.106219
-0.0917876
-0.0784065
-0.0656627
-0.0529551
-0.0437259
-0.373933
-0.360499
-0.349065
-0.336391
-0.321349
-0.304312
-0.285794
-0.266315
-0.246382
-0.22644
-0.206848
-0.187877
-0.169719
-0.152492
-0.136262
-0.12108
-0.106948
-0.0934863
-0.0801793
-0.0703634
-0.412046
-0.396584
-0.383864
-0.370352
-0.354704
-0.337222
-0.318349
-0.298545
-0.278272
-0.257949
-0.237923
-0.218463
-0.199764
-0.181954
-0.16511
-0.149293
-0.134515
-0.120427
-0.10659
-0.0961942
-0.447033
-0.429683
-0.415771
-0.401507
-0.385349
-0.367535
-0.348433
-0.328441
-0.307975
-0.287424
-0.267118
-0.247319
-0.228223
-0.209966
-0.192633
-0.176296
-0.160974
-0.146354
-0.132057
-0.121097
-0.478819
-0.459733
-0.444728
-0.429795
-0.413221
-0.395177
-0.375965
-0.355917
-0.335399
-0.314766
-0.294327
-0.274336
-0.254986
-0.236416
-0.218721
-0.201978
-0.186216
-0.171157
-0.156473
-0.144978
-0.507366
-0.486703
-0.470705
-0.455187
-0.438282
-0.420106
-0.400893
-0.380909
-0.360471
-0.339895
-0.319468
-0.299427
-0.279963
-0.261215
-0.243283
-0.22625
-0.210154
-0.194751
-0.179759
-0.167766
-0.532666
-0.510592
-0.493707
-0.477684
-0.46053
-0.442309
-0.423194
-0.403385
-0.383148
-0.362761
-0.34248
-0.322528
-0.303085
-0.284291
-0.266248
-0.249042
-0.232719
-0.217071
-0.201853
-0.189411
-0.554743
-0.531432
-0.513764
-0.497315
-0.479988
-0.461802
-0.442871
-0.423337
-0.403412
-0.383333
-0.363326
-0.343594
-0.324305
-0.305594
-0.287563
-0.270302
-0.253862
-0.23807
-0.222713
-0.209883
-0.573653
-0.549279
-0.530938
-0.514138
-0.496706
-0.478626
-0.459957
-0.440784
-0.42127
-0.401608
-0.381993
-0.362603
-0.343594
-0.325093
-0.307198
-0.289999
-0.273553
-0.25772
-0.242318
-0.229165
-0.589476
-0.564219
-0.545311
-0.528235
-0.510763
-0.492849
-0.474508
-0.455772
-0.436753
-0.417606
-0.398489
-0.379558
-0.360948
-0.342776
-0.325138
-0.308119
-0.291778
-0.276009
-0.260659
-0.24726
-0.602319
-0.576358
-0.556993
-0.539712
-0.522257
-0.504563
-0.486604
-0.468367
-0.449918
-0.431369
-0.412846
-0.394477
-0.376378
-0.358652
-0.341388
-0.324664
-0.308541
-0.292945
-0.277748
-0.264188
-0.612313
-0.585825
-0.566109
-0.548693
-0.531309
-0.51388
-0.496348
-0.47866
-0.460839
-0.44296
-0.425115
-0.407402
-0.389917
-0.372747
-0.355969
-0.339655
-0.323862
-0.308547
-0.293609
-0.279983
-0.619603
-0.592763
-0.572803
-0.555318
-0.538054
-0.520928
-0.503858
-0.486758
-0.469613
-0.452463
-0.435365
-0.418391
-0.401613
-0.385101
-0.368918
-0.353125
-0.337775
-0.32285
-0.308284
-0.294693
-0.624364
-0.597337
-0.577236
-0.559747
-0.542647
-0.525855
-0.509274
-0.492788
-0.476355
-0.459977
-0.443685
-0.427521
-0.411533
-0.395772
-0.380287
-0.365123
-0.350327
-0.335906
-0.321826
-0.308384
-0.62677
-0.599718
-0.579576
-0.562143
-0.545249
-0.528817
-0.512742
-0.49689
-0.48119
-0.465618
-0.450177
-0.434881
-0.419756
-0.404831
-0.390139
-0.37571
-0.361578
-0.347773
-0.334301
-0.321133
-0.62701
-0.600084
-0.579996
-0.562681
-0.546029
-0.529979
-0.514423
-0.499212
-0.484258
-0.469513
-0.454954
-0.440572
-0.42637
-0.412359
-0.398549
-0.384956
-0.371596
-0.358521
-0.345785
-0.333027
-0.625279
-0.598619
-0.578678
-0.561538
-0.545165
-0.529514
-0.514483
-0.499915
-0.485708
-0.471797
-0.45814
-0.444706
-0.431477
-0.418443
-0.405599
-0.392936
-0.380456
-0.368228
-0.356359
-0.344162
-0.621772
-0.59551
-0.575802
-0.558893
-0.542832
-0.527597
-0.513091
-0.49916
-0.485694
-0.472616
-0.459867
-0.447402
-0.435183
-0.423181
-0.411373
-0.399733
-0.388237
-0.376971
-0.366108
-0.354639
-0.616685
-0.590939
-0.571547
-0.554923
-0.539207
-0.5244
-0.510419
-0.497114
-0.484374
-0.472116
-0.460271
-0.448781
-0.437595
-0.426669
-0.415961
-0.405425
-0.395016
-0.384829
-0.375113
-0.364557
-0.610207
-0.585084
-0.566086
-0.5498
-0.534462
-0.520098
-0.506638
-0.493943
-0.481907
-0.470447
-0.459489
-0.448969
-0.438825
-0.429003
-0.419446
-0.410091
-0.400865
-0.391872
-0.383451
-0.374011
-0.602516
-0.578116
-0.559586
-0.543691
-0.528765
-0.514856
-0.501912
-0.48981
-0.478451
-0.467757
-0.457658
-0.448087
-0.43898
-0.430275
-0.421908
-0.413797
-0.405844
-0.398159
-0.391182
-0.383082
-0.593782
-0.570194
-0.552204
-0.536752
-0.522272
-0.508833
-0.496402
-0.484872
-0.474158
-0.464192
-0.454911
-0.446255
-0.438163
-0.430571
-0.423414
-0.416597
-0.410001
-0.403733
-0.39835
-0.391831
-0.584155
-0.561464
-0.544083
-0.529128
-0.515131
-0.502179
-0.490259
-0.47928
-0.469175
-0.45989
-0.451376
-0.443584
-0.436465
-0.429964
-0.424017
-0.418528
-0.413355
-0.408607
-0.404967
-0.400296
-0.573773
-0.55206
-0.535356
-0.520952
-0.507476
-0.495032
-0.483621
-0.473173
-0.463639
-0.454982
-0.447172
-0.440178
-0.43397
-0.428509
-0.423748
-0.419596
-0.415898
-0.412761
-0.411009
-0.408477
-0.562754
-0.542098
-0.526141
-0.512343
-0.499429
-0.487513
-0.476613
-0.466678
-0.457675
-0.449588
-0.442407
-0.436127
-0.430743
-0.426244
-0.422611
-0.419773
-0.417575
-0.416124
-0.416403
-0.416331
-0.551202
-0.531685
-0.516541
-0.503404
-0.491093
-0.47973
-0.469346
-0.459906
-0.451394
-0.443813
-0.437177
-0.431507
-0.426832
-0.42318
-0.420572
-0.41898
-0.418267
-0.418552
-0.420999
-0.423756
-0.539208
-0.520912
-0.506647
-0.494225
-0.482558
-0.471774
-0.461912
-0.45295
-0.444888
-0.437746
-0.431559
-0.426376
-0.422263
-0.419294
-0.417551
-0.417069
-0.417763
-0.419788
-0.424534
-0.430567
-0.526854
-0.509863
-0.496541
-0.484884
-0.4739
-0.463718
-0.454383
-0.445885
-0.438232
-0.431457
-0.425612
-0.420771
-0.417034
-0.414528
-0.413406
-0.413798
-0.415709
-0.419382
-0.426536
-0.436414
-0.514222
-0.498614
-0.486295
-0.475447
-0.46518
-0.455621
-0.446818
-0.438766
-0.431481
-0.424998
-0.419378
-0.414709
-0.411119
-0.408778
-0.407916
-0.408778
-0.411505
-0.416499
-0.426035
-0.440511
-0.501393
-0.487242
-0.475974
-0.465972
-0.456449
-0.447528
-0.439258
-0.431636
-0.424675
-0.418408
-0.412889
-0.408205
-0.404486
-0.401927
-0.400812
-0.401501
-0.404286
-0.409802
-0.421324
-0.441577
-0.48846
-0.475824
-0.465645
-0.456515
-0.447754
-0.43948
-0.43174
-0.424529
-0.417851
-0.411725
-0.406183
-0.401287
-0.397138
-0.393903
-0.391874
-0.391485
-0.393178
-0.397812
-0.410081
-0.437371
-0.475522
-0.464439
-0.455372
-0.447128
-0.439138
-0.431514
-0.424299
-0.417482
-0.411055
-0.405008
-0.399333
-0.394029
-0.389108
-0.384608
-0.380652
-0.377525
-0.375529
-0.374856
-0.379373
-0.404167
-0.46269
-0.453172
-0.445223
-0.437866
-0.430648
-0.423673
-0.41698
-0.410554
-0.404369
-0.398385
-0.39254
-0.386741
-0.380842
-0.3746
-0.367628
-0.35937
-0.348656
-0.331662
-0.301915
-0.271523
-0.450079
-0.442109
-0.435266
-0.428788
-0.422334
-0.416006
-0.409839
-0.403819
-0.397913
-0.392066
-0.386196
-0.380184
-0.373857
-0.366959
-0.359133
-0.349973
-0.338852
-0.323656
-0.301044
-0.280843
-0.437805
-0.431338
-0.42557
-0.41995
-0.414246
-0.408557
-0.402922
-0.397331
-0.391755
-0.38614
-0.380409
-0.374456
-0.36814
-0.361275
-0.353638
-0.345027
-0.335181
-0.323128
-0.307991
-0.297555
-0.425977
-0.420939
-0.4162
-0.411407
-0.40643
-0.40137
-0.396269
-0.391127
-0.385923
-0.380616
-0.375144
-0.369426
-0.363358
-0.35682
-0.349683
-0.341864
-0.333244
-0.323282
-0.311945
-0.305573
-0.414692
-0.410987
-0.407217
-0.403211
-0.398932
-0.394482
-0.389912
-0.385231
-0.380433
-0.37549
-0.370361
-0.364992
-0.35932
-0.353275
-0.346802
-0.339895
-0.332527
-0.324368
-0.315586
-0.311162
-0.404029
-0.401545
-0.398675
-0.395406
-0.39179
-0.387929
-0.383878
-0.379663
-0.375289
-0.370746
-0.366012
-0.361058
-0.355854
-0.350372
-0.344602
-0.33858
-0.332329
-0.325631
-0.318684
-0.315401
-0.394049
-0.392666
-0.390618
-0.388034
-0.38504
-0.381737
-0.37819
-0.374436
-0.370492
-0.366364
-0.362048
-0.357537
-0.352824
-0.347906
-0.342802
-0.337566
-0.332238
-0.32666
-0.321009
-0.318398
-0.384794
-0.384388
-0.383083
-0.381127
-0.37871
-0.375933
-0.372867
-0.369559
-0.366041
-0.362328
-0.358433
-0.354364
-0.350131
-0.345749
-0.341248
-0.336689
-0.332113
-0.327396
-0.322679
-0.32046
-0.376288
-0.376739
-0.376097
-0.37471
-0.372823
-0.370535
-0.367922
-0.365041
-0.361931
-0.358623
-0.355136
-0.351493
-0.347712
-0.34382
-0.339852
-0.335866
-0.331902
-0.327858
-0.323835
-0.321847
-0.368542
-0.369736
-0.369678
-0.368803
-0.367396
-0.365557
-0.363365
-0.360884
-0.358162
-0.355235
-0.352135
-0.348888
-0.345523
-0.34207
-0.338565
-0.335061
-0.331595
-0.328082
-0.324589
-0.322743
-0.361555
-0.363386
-0.36384
-0.363418
-0.362443
-0.361012
-0.359205
-0.357093
-0.354729
-0.352157
-0.349413
-0.346529
-0.343538
-0.34047
-0.337364
-0.334265
-0.331206
-0.328116
-0.325036
-0.323283
-0.355319
-0.357692
-0.358589
-0.358565
-0.357973
-0.356907
-0.355447
-0.35367
-0.351633
-0.349383
-0.346961
-0.344402
-0.341741
-0.339009
-0.336242
-0.333481
-0.330756
-0.328006
-0.325253
-0.323569
-0.349821
-0.352652
-0.353927
-0.354249
-0.353992
-0.353247
-0.352097
-0.350618
-0.348872
-0.346909
-0.344772
-0.342499
-0.340125
-0.337682
-0.335202
-0.332723
-0.330271
-0.327796
-0.325307
-0.323677
-0.345047
-0.34826
-0.349855
-0.350472
-0.350504
-0.350038
-0.349156
-0.347938
-0.346447
-0.344735
-0.342846
-0.34082
-0.338691
-0.336491
-0.334252
-0.332006
-0.329776
-0.327524
-0.325248
-0.323667
-0.340982
-0.344511
-0.346372
-0.347236
-0.347512
-0.347282
-0.346629
-0.345633
-0.34436
-0.342861
-0.341183
-0.339365
-0.337442
-0.335445
-0.333403
-0.331348
-0.329299
-0.327224
-0.325122
-0.323583
-0.337615
-0.341397
-0.343474
-0.344541
-0.345016
-0.344982
-0.344518
-0.343707
-0.342614
-0.341292
-0.339788
-0.338141
-0.336385
-0.334553
-0.33267
-0.330766
-0.328861
-0.326928
-0.324963
-0.323463
-0.334934
-0.338913
-0.341159
-0.342385
-0.343019
-0.343139
-0.342826
-0.342162
-0.341211
-0.34003
-0.338663
-0.337151
-0.335528
-0.333823
-0.332065
-0.330279
-0.328484
-0.326659
-0.324801
-0.323335
-0.33293
-0.337055
-0.339426
-0.34077
-0.341521
-0.341756
-0.341555
-0.341
-0.340156
-0.339079
-0.337815
-0.336402
-0.334876
-0.333266
-0.331599
-0.329899
-0.328185
-0.326438
-0.324659
-0.32322
-0.331598
-0.335818
-0.338271
-0.339693
-0.340522
-0.340833
-0.340707
-0.340224
-0.339451
-0.338443
-0.337246
-0.3359
-0.334438
-0.332891
-0.331283
-0.329639
-0.327978
-0.326283
-0.324555
-0.323135
-0.330932
-0.3352
-0.337694
-0.339154
-0.340022
-0.340371
-0.340282
-0.339835
-0.339098
-0.338125
-0.336961
-0.335648
-0.334218
-0.332701
-0.331123
-0.329507
-0.327871
-0.326202
-0.3245
-0.323089
-0.313217
-0.200438
-0.171316
-0.109517
-0.0906798
-0.0627931
-0.050812
-0.0375488
-0.0297723
-0.0223728
-0.0169547
-0.0120882
-0.00832235
-0.00498719
-0.00283
-0.000416908
-7.04888e-05
0.00248448
-0.000101666
0.00509974
-0.313554
-0.200596
-0.17142
-0.109618
-0.0907318
-0.0628474
-0.0508444
-0.0375801
-0.0297957
-0.0223946
-0.016973
-0.0121044
-0.00833602
-0.00499894
-0.00283959
-0.000425358
-7.65531e-05
0.00247778
-0.000102882
0.00509008
-0.314222
-0.200912
-0.171625
-0.109818
-0.0908357
-0.0629565
-0.0509099
-0.0376433
-0.0298429
-0.0224382
-0.0170093
-0.0121365
-0.00836287
-0.00502197
-0.0028584
-0.000441985
-8.8515e-05
0.00246449
-0.000105298
0.00507077
-0.315207
-0.201383
-0.17193
-0.110117
-0.0909911
-0.06312
-0.0510083
-0.0377381
-0.0299136
-0.0225034
-0.0170635
-0.0121843
-0.00840281
-0.0050562
-0.00288637
-0.000466731
-0.000106324
0.00244465
-0.00010888
0.00504191
-0.316488
-0.202005
-0.172333
-0.110516
-0.0911975
-0.0633377
-0.0511394
-0.0378642
-0.0300075
-0.0225898
-0.0171353
-0.0122475
-0.00845559
-0.00510142
-0.00292332
-0.00049945
-0.000129879
0.00241836
-0.000113595
0.00500357
-0.318039
-0.202776
-0.172829
-0.111013
-0.0914541
-0.0636089
-0.0513027
-0.0380209
-0.0301241
-0.0226969
-0.0172241
-0.0123258
-0.00852093
-0.00515739
-0.00296907
-0.000539976
-0.000159064
0.00238573
-0.000119397
0.00495588
-0.31983
-0.203692
-0.173414
-0.111607
-0.0917601
-0.0639329
-0.0514978
-0.0382078
-0.030263
-0.0228242
-0.0173297
-0.0124186
-0.00859849
-0.00522382
-0.00302338
-0.000588099
-0.000193727
0.00234691
-0.000126231
0.00489897
-0.321823
-0.204752
-0.174084
-0.112298
-0.0921145
-0.0643089
-0.0517243
-0.0384241
-0.0304235
-0.0229711
-0.0174513
-0.0125256
-0.00868784
-0.00530034
-0.00308597
-0.000643578
-0.000233697
0.00230205
-0.000134032
0.00483301
-0.323978
-0.205956
-0.174833
-0.113084
-0.0925163
-0.064736
-0.0519814
-0.0386688
-0.0306049
-0.0231367
-0.0175884
-0.0126461
-0.00878854
-0.00538657
-0.00315653
-0.000706141
-0.00027878
0.00225135
-0.000142725
0.00475819
-0.326248
-0.207304
-0.175656
-0.113964
-0.0929644
-0.0652128
-0.0522687
-0.0389411
-0.0308065
-0.0233203
-0.0177404
-0.0127796
-0.00890008
-0.00548207
-0.00323471
-0.000775487
-0.000328761
0.00219502
-0.000152233
0.00467473
-0.328578
-0.208802
-0.176548
-0.114935
-0.0934577
-0.0657382
-0.0525853
-0.03924
-0.0310274
-0.023521
-0.0179063
-0.0129253
-0.00902191
-0.00558637
-0.00332014
-0.000851295
-0.000383413
0.00213329
-0.000162472
0.00458287
-0.330904
-0.210454
-0.177504
-0.115997
-0.0939947
-0.0663106
-0.0529305
-0.0395643
-0.0312668
-0.0237378
-0.0180855
-0.0130825
-0.00915346
-0.005699
-0.00341244
-0.000933222
-0.000442494
0.00206639
-0.000173358
0.00448286
-0.333147
-0.212271
-0.178521
-0.117146
-0.0945749
-0.0669286
-0.0533038
-0.039913
-0.0315238
-0.0239698
-0.0182771
-0.0132506
-0.00929415
-0.00581944
-0.00351121
-0.00102091
-0.00050576
0.00199461
-0.000184815
0.00437498
-0.335197
-0.214264
-0.179598
-0.118383
-0.0951981
-0.0675912
-0.0537048
-0.0402853
-0.0317978
-0.0242163
-0.0184805
-0.0134289
-0.00944344
-0.00594723
-0.00361607
-0.00111402
-0.000572963
0.0019182
-0.000196744
0.00425952
-0.336892
-0.216432
-0.180731
-0.119702
-0.0958619
-0.0682958
-0.0541324
-0.0406796
-0.0320876
-0.0244761
-0.0186947
-0.0136165
-0.00960069
-0.00608182
-0.00372656
-0.0012122
-0.000643791
0.00183737
-0.00020895
0.00413669
-0.338035
-0.218745
-0.181897
-0.121084
-0.0965545
-0.0690331
-0.054581
-0.0410917
-0.0323903
-0.0247466
-0.0189178
-0.0138119
-0.00976464
-0.00622228
-0.00384195
-0.00131494
-0.000717832
0.00175238
-0.000221236
0.00400675
-0.338526
-0.221211
-0.1831
-0.122519
-0.0972728
-0.0697965
-0.0550468
-0.0415171
-0.0327025
-0.0250249
-0.0191474
-0.0140131
-0.00993383
-0.0063674
-0.00396158
-0.00142141
-0.00079505
0.00166414
-0.000234406
0.0038708
-0.338136
-0.224119
-0.184537
-0.124131
-0.0981041
-0.0706394
-0.0555657
-0.0419784
-0.0330393
-0.0253209
-0.0193904
-0.0142249
-0.0101121
-0.00651939
-0.00408756
-0.0015318
-0.00087701
0.00157435
-0.000251031
0.00373116
-0.33488
-0.227632
-0.18642
-0.126138
-0.0991766
-0.0716732
-0.0562132
-0.0425354
-0.0334443
-0.0256687
-0.019673
-0.0144673
-0.0103138
-0.00668857
-0.0042261
-0.0016508
-0.000964595
0.00147988
-0.000267458
0.0035842
-0.324437
-0.229353
-0.187471
-0.12776
-0.0999344
-0.0725804
-0.0567831
-0.0430704
-0.033843
-0.0260256
-0.0199665
-0.0147229
-0.0105237
-0.00686806
-0.00436503
-0.00178209
-0.00104247
0.00136168
-0.000251713
0.00340417
-0.278877
-0.225068
-0.185627
-0.129548
-0.0995939
-0.0737244
-0.0573411
-0.0439768
-0.034555
-0.0268089
-0.0206545
-0.0153827
-0.0110734
-0.00739129
-0.00474508
-0.00224114
-0.00122859
0.000845981
-3.98042e-05
0.00262923
-0.249287
-0.215834
-0.177816
-0.128058
-0.0983869
-0.0745742
-0.0581903
-0.045222
-0.0357027
-0.0279919
-0.0217493
-0.0164217
-0.012011
-0.00825835
-0.00548772
-0.00296419
-0.00174522
0.00019376
-0.000179562
0.00174637
-0.229248
-0.200499
-0.166096
-0.124234
-0.0966169
-0.0747672
-0.0588474
-0.0462868
-0.0367957
-0.0291184
-0.0228263
-0.0174527
-0.0129623
-0.00914162
-0.00625738
-0.00369688
-0.0022944
-0.000442577
-0.000423771
0.00103446
-0.20514
-0.181251
-0.152185
-0.118831
-0.0942007
-0.0743596
-0.0592035
-0.0471395
-0.0377737
-0.0301559
-0.0238448
-0.0184437
-0.0138912
-0.0100164
-0.00701994
-0.00442811
-0.00283337
-0.00107182
-0.00067223
0.000427507
-0.179504
-0.161269
-0.138083
-0.112435
-0.0911817
-0.0733776
-0.059203
-0.0477302
-0.0385821
-0.0310608
-0.0247638
-0.019359
-0.0147686
-0.0108577
-0.00776157
-0.00513841
-0.00335956
-0.00166489
-0.000921493
-7.75394e-05
-0.154766
-0.14254
-0.124916
-0.105624
-0.0877363
-0.0719441
-0.0588745
-0.0480627
-0.03921
-0.031825
-0.0255749
-0.02019
-0.0155856
-0.0116562
-0.00847648
-0.00582068
-0.00387247
-0.00221247
-0.00117072
-0.000482686
-0.132635
-0.125855
-0.113117
-0.0988501
-0.084074
-0.0702129
-0.0582884
-0.0481742
-0.0396728
-0.0324602
-0.0262851
-0.0209402
-0.0163405
-0.0124074
-0.00915976
-0.00647131
-0.00436986
-0.00271471
-0.00141564
-0.000795914
-0.113577
-0.111357
-0.10274
-0.0923976
-0.0803731
-0.0683184
-0.0575211
-0.0481108
-0.0399942
-0.0329823
-0.0269046
-0.0216151
-0.0170335
-0.0131074
-0.00980564
-0.00708565
-0.00484802
-0.00317281
-0.0016526
-0.00102915
-0.0975603
-0.0989237
-0.0937052
-0.086424
-0.0767663
-0.0663638
-0.0566398
-0.0479164
-0.0401988
-0.0334066
-0.0274429
-0.0222196
-0.0176648
-0.0137522
-0.010408
-0.0076582
-0.00530196
-0.00358756
-0.00187867
-0.00119614
-0.0842578
-0.0883445
-0.0858864
-0.0810018
-0.073345
-0.064426
-0.0557
-0.0476299
-0.0403096
-0.0337468
-0.0279078
-0.0227576
-0.0182347
-0.0143389
-0.0109616
-0.00818384
-0.00572623
-0.00395949
-0.00209111
-0.00131068
-0.0733008
-0.0794002
-0.0791563
-0.0761547
-0.0701696
-0.0625614
-0.054746
-0.0472843
-0.0403475
-0.0340153
-0.0283062
-0.0232325
-0.0187439
-0.0148658
-0.0114626
-0.00865875
-0.00611596
-0.00428926
-0.00228741
-0.00138546
-0.0643264
-0.0718858
-0.0733975
-0.0718789
-0.0672783
-0.0608113
-0.053813
-0.0469071
-0.0403312
-0.0342231
-0.0286442
-0.0236474
-0.0191935
-0.0153324
-0.0119088
-0.00908084
-0.00646753
-0.00457791
-0.00246553
-0.00143133
-0.0570215
-0.06562
-0.0685081
-0.0681576
-0.064694
-0.0592063
-0.0529289
-0.0465216
-0.0402771
-0.0343806
-0.0289276
-0.0240053
-0.0195852
-0.0157397
-0.0122998
-0.0094497
-0.00677875
-0.00482697
-0.00262407
-0.00145706
-0.0511218
-0.0604471
-0.0644014
-0.0649681
-0.0624292
-0.0577688
-0.0521157
-0.0461471
-0.0401996
-0.0344971
-0.0291618
-0.0243093
-0.0199211
-0.0160891
-0.0126365
-0.00976621
-0.00704877
-0.00503836
-0.00276226
-0.00146939
-0.0464125
-0.056236
-0.0610051
-0.0622862
-0.0604899
-0.0565151
-0.0513911
-0.0457993
-0.040111
-0.0345809
-0.029352
-0.0245627
-0.0202033
-0.0163829
-0.0129202
-0.0100321
-0.00727771
-0.00521421
-0.00287988
-0.00147329
-0.0427221
-0.0528795
-0.0582598
-0.0600893
-0.0588775
-0.0554569
-0.0507687
-0.0454912
-0.0400217
-0.0346394
-0.0295028
-0.0247685
-0.0204342
-0.0166233
-0.013153
-0.0102493
-0.00746629
-0.0053567
-0.00297709
-0.00147226
-0.039917
-0.0502917
-0.0561181
-0.0583571
-0.0575913
-0.0546024
-0.0502593
-0.045233
-0.0399403
-0.0346787
-0.0296183
-0.0249294
-0.020616
-0.0168127
-0.0133365
-0.0104202
-0.00761547
-0.00546793
-0.0030542
-0.00146862
-0.0378961
-0.0484064
-0.0545431
-0.0570731
-0.0566293
-0.0539574
-0.0498707
-0.0450326
-0.0398735
-0.0347037
-0.0297018
-0.0250478
-0.0207505
-0.0169529
-0.0134725
-0.0105466
-0.00772626
-0.00554974
-0.00311176
-0.0014636
-0.0365875
-0.0471748
-0.053508
-0.0562243
-0.0559895
-0.0535257
-0.0496087
-0.0448959
-0.0398262
-0.0347183
-0.0297561
-0.0251256
-0.0208393
-0.0170453
-0.0135627
-0.0106296
-0.00780017
-0.00560268
-0.00315164
-0.00145701
-0.0359441
-0.0465654
-0.0529949
-0.0558024
-0.0556703
-0.0533099
-0.0494775
-0.044827
-0.039802
-0.034725
-0.029783
-0.025164
-0.020884
-0.0170905
-0.0136086
-0.0106691
-0.00783949
-0.00562537
-0.00317682
-0.00144842
-0.242939
-0.253563
-0.263493
-0.272832
-0.281707
-0.290276
-0.298726
-0.307276
-0.316172
-0.325687
-0.336111
-0.347745
-0.360889
-0.375835
-0.392852
-0.412097
-0.433589
-0.458413
-0.48969
-0.515671
-0.167376
-0.177241
-0.186833
-0.196143
-0.205163
-0.213882
-0.222288
-0.230374
-0.23814
-0.245602
-0.252796
-0.259795
-0.266711
-0.273718
-0.281054
-0.288993
-0.297833
-0.30859
-0.323817
-0.338058
-0.127545
-0.135005
-0.142324
-0.149523
-0.156625
-0.163653
-0.170631
-0.177585
-0.184538
-0.19151
-0.198516
-0.205569
-0.212673
-0.21983
-0.227041
-0.234292
-0.241556
-0.2491
-0.257859
-0.265261
-0.0931516
-0.0990901
-0.10493
-0.110672
-0.116317
-0.121867
-0.127325
-0.132696
-0.137988
-0.143211
-0.148378
-0.153508
-0.158622
-0.163744
-0.168903
-0.17412
-0.179406
-0.184901
-0.191024
-0.196428
-0.073071
-0.0779043
-0.0826745
-0.0873834
-0.0920325
-0.0966231
-0.101156
-0.105633
-0.110053
-0.114416
-0.118722
-0.12297
-0.127161
-0.131295
-0.135374
-0.139398
-0.143367
-0.14734
-0.151463
-0.155125
-0.0562329
-0.0601909
-0.0641057
-0.0679773
-0.0718058
-0.0755913
-0.0793341
-0.0830346
-0.0866931
-0.0903103
-0.0938866
-0.0974225
-0.100919
-0.104376
-0.107793
-0.111171
-0.114507
-0.117823
-0.121156
-0.124235
-0.04511
-0.0484507
-0.0517594
-0.0550359
-0.0582798
-0.0614906
-0.064668
-0.0678115
-0.0709205
-0.0739947
-0.0770333
-0.0800358
-0.0830016
-0.0859302
-0.088821
-0.0916732
-0.0944868
-0.0972686
-0.10002
-0.102648
-0.0361549
-0.0389975
-0.0418173
-0.0446141
-0.0473873
-0.0501366
-0.0528616
-0.0555619
-0.0582373
-0.0608872
-0.0635113
-0.0661092
-0.0686806
-0.0712248
-0.0737414
-0.0762299
-0.0786903
-0.0811225
-0.0835183
-0.0858712
-0.0297038
-0.0321694
-0.0346172
-0.0370466
-0.0394569
-0.0418475
-0.044218
-0.0465679
-0.0488966
-0.0512037
-0.0534887
-0.0557513
-0.0579911
-0.0602077
-0.0624007
-0.0645702
-0.0667164
-0.0688363
-0.070921
-0.0730066
-0.0245908
-0.0267504
-0.0288962
-0.0310275
-0.0331437
-0.0352441
-0.0373283
-0.0393956
-0.0414457
-0.0434779
-0.0454919
-0.0474871
-0.0494632
-0.0514198
-0.0533565
-0.0552733
-0.0571702
-0.059043
-0.0608843
-0.0627479
-0.0207207
-0.0226375
-0.0245428
-0.0264358
-0.028316
-0.0301826
-0.032035
-0.0338726
-0.0356948
-0.0375012
-0.0392912
-0.0410643
-0.0428202
-0.0445583
-0.0462784
-0.0479804
-0.0496642
-0.0513254
-0.0529585
-0.0546211
-0.0176634
-0.0193819
-0.0210907
-0.0227891
-0.0244766
-0.0261523
-0.0278156
-0.0294659
-0.0311027
-0.0327253
-0.0343332
-0.0359259
-0.0375029
-0.0390639
-0.0406083
-0.0421361
-0.043647
-0.0451368
-0.046602
-0.0480959
-0.0152966
-0.0168545
-0.0184041
-0.0199446
-0.0214754
-0.0229957
-0.0245048
-0.0260022
-0.0274872
-0.0289592
-0.0304177
-0.0318621
-0.033292
-0.0347069
-0.0361064
-0.0374903
-0.0388582
-0.0402067
-0.0415333
-0.0428837
-0.013437
-0.0148642
-0.0162841
-0.0176959
-0.0190991
-0.0204929
-0.0218766
-0.0232496
-0.0246113
-0.025961
-0.0272983
-0.0286226
-0.0299335
-0.0312303
-0.0325128
-0.0337807
-0.0350334
-0.0362683
-0.037484
-0.0387165
-0.0119983
-0.0133202
-0.0146355
-0.0159437
-0.017244
-0.0185358
-0.0198183
-0.021091
-0.0223533
-0.0236045
-0.0248442
-0.0260717
-0.0272867
-0.0284886
-0.029677
-0.0308516
-0.032012
-0.033156
-0.0342831
-0.0354196
-0.0108934
-0.0121312
-0.0133632
-0.0145887
-0.015807
-0.0170175
-0.0182196
-0.0194126
-0.020596
-0.0217691
-0.0229315
-0.0240827
-0.0252221
-0.0263493
-0.0274639
-0.0285656
-0.0296539
-0.0307273
-0.0317857
-0.0328467
-0.0100686
-0.0112413
-0.0124088
-0.0135703
-0.0147253
-0.0158731
-0.017013
-0.0181446
-0.0192673
-0.0203804
-0.0214836
-0.0225763
-0.0236581
-0.0247285
-0.0257871
-0.0268335
-0.0278674
-0.0288877
-0.0298945
-0.0308983
-0.00948296
-0.0106068
-0.0117258
-0.0128392
-0.0139467
-0.0150475
-0.0161411
-0.017227
-0.0183046
-0.0193735
-0.0204333
-0.0214833
-0.0225232
-0.0235527
-0.0245712
-0.0255784
-0.0265739
-0.0275571
-0.0285283
-0.0294924
-0.00910449
-0.0101959
-0.0112828
-0.0123645
-0.0134406
-0.0145105
-0.0155737
-0.0166298
-0.0176781
-0.0187184
-0.01975
-0.0207727
-0.0217859
-0.0227893
-0.0237826
-0.0247653
-0.0257371
-0.0266976
-0.0276473
-0.0285874
-0.00892177
-0.00999183
-0.0110576
-0.0121186
-0.0131744
-0.0142246
-0.0152688
-0.0163066
-0.0173375
-0.0183613
-0.0193775
-0.0203857
-0.0213856
-0.0223769
-0.0233592
-0.0243321
-0.0252952
-0.0262484
-0.027192
-0.0281257
0.142757
0.120878
0.0948198
0.070172
0.0461254
0.022172
-0.00139636
-0.0243166
-0.0464883
-0.0678579
-0.0883766
-0.108005
-0.126718
-0.144497
-0.161334
-0.177225
-0.192176
-0.206197
-0.219308
-0.231541
0.104397
0.0862089
0.0664926
0.0493966
0.0335786
0.0180798
0.00293395
-0.0117139
-0.0258657
-0.0395716
-0.052867
-0.0657751
-0.0783168
-0.0905119
-0.102378
-0.113931
-0.125184
-0.136148
-0.146831
-0.157239
0.0699007
0.0558444
0.0423782
0.030709
0.019668
0.00874342
-0.00200352
-0.012483
-0.0226935
-0.0326575
-0.0423861
-0.0518826
-0.061149
-0.0701881
-0.0790035
-0.0875997
-0.0959822
-0.104158
-0.112136
-0.119927
0.0515567
0.041589
0.0325078
0.024469
0.0166778
0.00890787
0.00123228
-0.00629691
-0.0136823
-0.0209367
-0.0280665
-0.0350747
-0.0419639
-0.0487375
-0.0553988
-0.0619509
-0.0683964
-0.0747375
-0.0809762
-0.0871139
0.0405106
0.0329052
0.0261717
0.0200781
0.0140678
0.00804737
0.00208519
-0.00378698
-0.0095727
-0.0152786
-0.0209067
-0.0264571
-0.0319303
-0.0373272
-0.0426489
-0.0478966
-0.0530714
-0.0581747
-0.0632079
-0.0681728
0.0335221
0.027618
0.0225127
0.0178265
0.0131561
0.00846815
0.00381925
-0.000772211
-0.0053113
-0.00980293
-0.0142482
-0.0186474
-0.0230008
-0.0273091
-0.0315726
-0.0357919
-0.0399672
-0.0440988
-0.0481869
-0.0522315
0.0286829
0.0239673
0.0199337
0.0161776
0.0124001
0.00859656
0.00481339
0.00106308
-0.00265827
-0.00635324
-0.0100215
-0.0136622
-0.0172746
-0.0208585
-0.0244133
-0.0279387
-0.0314342
-0.0348994
-0.038334
-0.0417376
0.0253122
0.0214847
0.018214
0.0151325
0.0120189
0.00887942
0.00575108
0.00264268
-0.000448756
-0.00352476
-0.00658472
-0.00962767
-0.012653
-0.01566
-0.0186483
-0.0216173
-0.0245665
-0.0274954
-0.0304033
-0.03329
0.0227418
0.0195684
0.0168389
0.0142414
0.0116097
0.00895329
0.00630113
0.00365974
0.00102704
-0.00159775
-0.00421379
-0.00682001
-0.00941553
-0.0119996
-0.0145714
-0.0171303
-0.0196754
-0.022206
-0.0247214
-0.0272209
0.020736
0.018069
0.0157468
0.0135177
0.0112577
0.00897578
0.00669419
0.0044179
0.00214558
-0.000123111
-0.00238729
-0.00464594
-0.00689817
-0.0091432
-0.0113802
-0.0136084
-0.015827
-0.0180353
-0.0202325
-0.0224179
0.0190862
0.0168104
0.0147964
0.0128484
0.0108737
0.00887989
0.0068837
0.00488906
0.0028952
0.00090208
-0.00108941
-0.00307829
-0.00506366
-0.00704469
-0.00902054
-0.0109904
-0.0129534
-0.0149087
-0.0168555
-0.0187931
0.0177103
0.015744
0.0139716
0.0122451
0.0104966
0.00873171
0.00696288
0.0051932
0.00342232
0.00165044
-0.000121628
-0.00189294
-0.00366264
-0.00542991
-0.00719391
-0.00895382
-0.0107088
-0.0124581
-0.0142008
-0.0159362
0.0165403
0.0148185
0.0132361
0.0116849
0.0101155
0.00853214
0.0069438
0.00535295
0.00375957
0.00216399
0.000567
-0.00103052
-0.00262773
-0.00422383
-0.005818
-0.00740941
-0.00899724
-0.0105807
-0.0121589
-0.0137312
0.0155482
0.0140205
0.0125895
0.0111784
0.0097524
0.00831437
0.00687083
0.00542369
0.00397317
0.0025197
0.00106402
-0.000393024
-0.00185065
-0.00330805
-0.00476445
-0.00621904
-0.00767102
-0.0091196
-0.010564
-0.0120034
0.0147123
0.0133371
0.0120258
0.0107259
0.0094136
0.00809087
0.00676233
0.00542951
0.00409275
0.00275256
0.00140967
6.48525e-05
-0.00128112
-0.0026275
-0.00397349
-0.00531834
-0.00666127
-0.00800149
-0.00933825
-0.0106708
0.0140229
0.0127656
0.0115475
0.0103346
0.00911117
0.00787871
0.00664037
0.00539738
0.00415019
0.00289934
0.00164554
0.000389519
-0.000867997
-0.00212627
-0.00338457
-0.00464215
-0.00589827
-0.00715219
-0.00840316
-0.00965047
0.0134749
0.0123057
0.0111579
0.0100107
0.00885454
0.0076905
0.00652071
0.00534617
0.00416737
0.00298489
0.0017994
0.000611572
-0.000577887
-0.00176829
-0.00295893
-0.00414911
-0.00533813
-0.00652528
-0.00770986
-0.00889119
0.0130623
0.011954
0.0108552
0.00975413
0.00864546
0.00752996
0.0064091
0.00528369
0.00415426
0.0030214
0.00188572
0.000747879
-0.00039148
-0.00153171
-0.00267215
-0.00381216
-0.00495108
-0.00608827
-0.00722306
-0.00835484
0.0127907
0.0117199
0.0106513
0.00957901
0.00850029
0.00741573
0.00632635
0.00523278
0.00413557
0.00303524
0.00193239
0.000827583
-0.00027857
-0.00138547
-0.00249253
-0.00359914
-0.00470469
-0.0058086
-0.00691026
-0.00800909
0.0126455
0.0115862
0.0105264
0.00946302
0.00839464
0.00732174
0.00624513
0.0051654
0.00408307
0.00299865
0.00191265
0.000825587
-0.00026201
-0.00134963
-0.00243677
-0.00352293
-0.0046076
-0.0056903
-0.00677054
-0.00784787
0.226511
0.226792
0.22764
0.229088
0.231106
0.233657
0.236705
0.240191
0.244025
0.248072
0.252128
0.255896
0.258943
0.260645
0.260108
0.256088
0.24684
0.230115
0.203021
0.162257
0.212268
0.212459
0.212992
0.213881
0.21508
0.216538
0.218191
0.219956
0.221713
0.223298
0.224487
0.224982
0.224383
0.222162
0.217637
0.209945
0.198029
0.180655
0.156784
0.124116
0.19676
0.196833
0.197032
0.197356
0.19776
0.198188
0.198567
0.198801
0.198765
0.198295
0.197184
0.195172
0.191934
0.187073
0.180112
0.17049
0.157568
0.140611
0.11893
0.0910436
0.18075
0.180725
0.180655
0.180521
0.180289
0.179903
0.179294
0.178367
0.177007
0.175071
0.172384
0.168735
0.163877
0.157524
0.149351
0.139001
0.126099
0.110268
0.0911918
0.0685962
0.164896
0.164802
0.164537
0.164071
0.163378
0.162413
0.161114
0.159401
0.157178
0.154329
0.15072
0.146195
0.14058
0.133681
0.125296
0.115217
0.103248
0.0892291
0.0730074
0.0546545
0.149662
0.149521
0.149125
0.148435
0.147433
0.146088
0.144349
0.142152
0.139424
0.136077
0.132014
0.127126
0.121298
0.114409
0.106338
0.0969744
0.0862225
0.0740284
0.0603108
0.0452817
0.135361
0.135192
0.134714
0.133888
0.132703
0.131137
0.129154
0.126704
0.123733
0.12018
0.115979
0.111056
0.10534
0.0987574
0.0912422
0.0827394
0.0732095
0.0626495
0.0510129
0.0385469
0.122184
0.122
0.121482
0.120587
0.119313
0.117646
0.115561
0.113022
0.109992
0.106429
0.10229
0.0975297
0.0921048
0.0859754
0.0791083
0.071482
0.0630873
0.0539459
0.044033
0.0335922
0.110228
0.11004
0.109509
0.108595
0.107299
0.105615
0.103526
0.101008
0.098037
0.0945855
0.0906274
0.0861366
0.0810896
0.0754671
0.0692566
0.062455
0.0550689
0.0471287
0.0386206
0.0297581
0.0995244
0.0993392
0.0988148
0.0979135
0.0966396
0.0949932
0.0929635
0.0905354
0.087693
0.0844212
0.0807052
0.0765317
0.0718903
0.0667747
0.0611841
0.0551254
0.0486128
0.0416785
0.0343166
0.0267082
0.0900568
0.0898784
0.0893727
0.0885043
0.08728
0.0857036
0.0837694
0.0814682
0.0787911
0.0757305
0.0722798
0.068434
0.064191
0.0595522
0.0545235
0.0491168
0.0433494
0.0372518
0.0308233
0.0242113
0.0817817
0.0816122
0.0811316
0.080307
0.0791465
0.0776566
0.0758349
0.0736767
0.0711778
0.0683357
0.0651491
0.0616185
0.0577467
0.0535396
0.0490067
0.0441621
0.0390236
0.0336191
0.027952
0.0221403
0.0746399
0.0744802
0.0740272
0.0732505
0.072159
0.0707605
0.0690554
0.0670416
0.0647183
0.0620863
0.0591478
0.0559065
0.0523683
0.0485413
0.0444368
0.0400694
0.0354567
0.0306234
0.0255758
0.0204063
0.0685663
0.0684163
0.0679908
0.0672615
0.0662377
0.0649281
0.0633346
0.0614571
0.059297
0.0568573
0.0541421
0.0511571
0.0479098
0.0444096
0.0406683
0.0367004
0.0325225
0.0281564
0.0236108
0.0189573
0.0634962
0.0633552
0.0629552
0.0622697
0.0613082
0.0600798
0.0585874
0.0568323
0.0548171
0.052546
0.0500245
0.0472594
0.0442589
0.041033
0.0375934
0.033954
0.0301305
0.0261422
0.0219994
0.0177568
0.0593696
0.0592365
0.0588587
0.0582116
0.0573044
0.0561464
0.0547411
0.0530906
0.0511984
0.0490694
0.0467099
0.044127
0.0413295
0.0383272
0.0351318
0.0317565
0.0282158
0.0245271
0.0207018
0.0167817
0.056134
0.0560074
0.055648
0.0550324
0.0541698
0.0530695
0.0517353
0.0501698
0.0483769
0.0463621
0.0441318
0.0416936
0.0390562
0.0362294
0.0332244
0.0300539
0.0267314
0.023273
0.0196907
0.0160166
0.0537461
0.0536244
0.0532791
0.0526876
0.051859
0.0508026
0.0495222
0.048021
0.0463029
0.0443737
0.04224
0.0399094
0.0373905
0.0346931
0.0318281
0.0288074
0.0256442
0.022353
0.0189466
0.0154498
0.0521726
0.0520542
0.0517184
0.0511432
0.0503375
0.0493105
0.0480663
0.046608
0.0449399
0.0430677
0.0409981
0.0387387
0.0362981
0.033686
0.0309128
0.0279903
0.024931
0.021749
0.0184575
0.0150772
0.0513923
0.051275
0.0509439
0.0503771
0.0495829
0.0485706
0.0473444
0.0459076
0.0442645
0.0424207
0.0403831
0.0381591
0.0357575
0.0331875
0.0304598
0.0275857
0.0245778
0.0214493
0.0182136
0.0148884
0.25444
0.254695
0.256103
0.258418
0.261703
0.266014
0.271412
0.27798
0.285825
0.295075
0.305889
0.318464
0.333025
0.349876
0.369314
0.391836
0.417734
0.447861
0.482284
0.521833
0.254325
0.25458
0.255986
0.258298
0.261581
0.265886
0.271277
0.277837
0.28567
0.294905
0.305699
0.318247
0.332771
0.349574
0.368942
0.39137
0.417125
0.447073
0.481169
0.520384
0.254097
0.25435
0.255753
0.25806
0.261335
0.265631
0.271009
0.277552
0.285362
0.294567
0.30532
0.317815
0.332266
0.34897
0.368198
0.390441
0.415909
0.445498
0.478941
0.517495
0.253755
0.254005
0.255403
0.257703
0.260968
0.26525
0.270608
0.277125
0.284901
0.294061
0.304754
0.317168
0.33151
0.348068
0.367087
0.389051
0.41409
0.443145
0.475611
0.513181
0.2533
0.253546
0.254939
0.257229
0.26048
0.264743
0.270075
0.276558
0.284289
0.293389
0.304002
0.31631
0.330507
0.346869
0.365612
0.387206
0.411675
0.440022
0.471188
0.507466
0.252733
0.252976
0.254361
0.256639
0.259873
0.264112
0.269413
0.275853
0.283527
0.292553
0.303067
0.315242
0.32926
0.345378
0.363778
0.384911
0.408674
0.436141
0.465689
0.500379
0.252056
0.252294
0.253671
0.255934
0.259148
0.26336
0.268623
0.275013
0.28262
0.291557
0.301953
0.31397
0.327772
0.343601
0.361591
0.382175
0.405096
0.431517
0.459135
0.491957
0.251269
0.251503
0.252871
0.255118
0.258309
0.262488
0.267708
0.274039
0.281569
0.290403
0.300662
0.312496
0.326051
0.341543
0.359061
0.379007
0.400957
0.426166
0.451548
0.482243
0.250374
0.250604
0.251962
0.254192
0.257358
0.261501
0.266671
0.272937
0.280379
0.289096
0.299201
0.310827
0.324101
0.339212
0.356195
0.375417
0.396271
0.420106
0.442959
0.471283
0.249373
0.2496
0.250948
0.253159
0.256297
0.2604
0.265516
0.271708
0.279053
0.287641
0.297573
0.308968
0.321929
0.336615
0.353004
0.371417
0.391056
0.413355
0.433401
0.459127
0.248268
0.248494
0.249831
0.252022
0.255129
0.259189
0.264245
0.270357
0.277595
0.286041
0.295783
0.306925
0.319542
0.333761
0.349499
0.367019
0.385334
0.405933
0.422914
0.445823
0.247061
0.247287
0.248614
0.250784
0.253859
0.257872
0.262864
0.268889
0.276011
0.284303
0.293839
0.304705
0.316949
0.330658
0.345691
0.362237
0.379124
0.397857
0.411544
0.431417
0.245754
0.245983
0.247299
0.249448
0.25249
0.256453
0.261376
0.267308
0.274305
0.282431
0.291746
0.302315
0.314158
0.327318
0.341594
0.357085
0.372453
0.389147
0.399348
0.415946
0.24435
0.244584
0.245891
0.248019
0.251025
0.254937
0.259787
0.26562
0.272484
0.280433
0.289512
0.299763
0.311178
0.323753
0.337222
0.351583
0.365347
0.379821
0.38639
0.399434
0.24285
0.243094
0.244393
0.246499
0.249469
0.253326
0.258099
0.263827
0.27055
0.278311
0.287139
0.297054
0.308014
0.319966
0.332582
0.345738
0.357824
0.369891
0.37274
0.381877
0.241256
0.241516
0.242806
0.244892
0.247824
0.251622
0.256313
0.261929
0.268503
0.276063
0.284623
0.294178
0.304655
0.315945
0.32766
0.339535
0.349872
0.359342
0.35846
0.363248
0.239573
0.239854
0.241139
0.243205
0.246098
0.249837
0.254442
0.259942
0.266358
0.273708
0.281987
0.291165
0.301134
0.311729
0.322499
0.333032
0.341557
0.348245
0.343682
0.343553
0.237806
0.23812
0.239405
0.241459
0.244322
0.248009
0.25254
0.257933
0.264205
0.271359
0.279374
0.288191
0.297669
0.307583
0.317415
0.326589
0.333271
0.337
0.328791
0.322694
0.235953
0.236314
0.237607
0.239658
0.2425
0.246149
0.250619
0.255925
0.262074
0.269056
0.276832
0.285316
0.294329
0.303579
0.312474
0.320252
0.324998
0.3255
0.313698
0.299585
0.233979
0.234373
0.235633
0.237633
0.240394
0.243926
0.248239
0.253339
0.259217
0.265846
0.273161
0.28104
0.289258
0.297451
0.304955
0.310839
0.313158
0.310063
0.29513
0.273152
0.23398
0.234374
0.235633
0.237634
0.240394
0.243927
0.24824
0.253339
0.259217
0.265846
0.273161
0.281041
0.289259
0.297452
0.304955
0.31084
0.313159
0.310064
0.295131
0.273153
0.235953
0.236315
0.237607
0.239658
0.2425
0.246149
0.250619
0.255925
0.262074
0.269056
0.276832
0.285317
0.29433
0.303579
0.312474
0.320252
0.324999
0.325501
0.313699
0.299586
0.237806
0.23812
0.239406
0.241459
0.244322
0.248009
0.25254
0.257934
0.264206
0.271359
0.279374
0.288191
0.29767
0.307583
0.317415
0.32659
0.333272
0.337001
0.328792
0.322695
0.239574
0.239855
0.241139
0.243205
0.246098
0.249837
0.254443
0.259942
0.266358
0.273708
0.281987
0.291165
0.301134
0.311729
0.322499
0.333032
0.341557
0.348245
0.343683
0.343554
0.241257
0.241516
0.242807
0.244892
0.247824
0.251623
0.256313
0.26193
0.268503
0.276063
0.284623
0.294179
0.304656
0.315945
0.32766
0.339536
0.349873
0.359343
0.358461
0.363249
0.24285
0.243094
0.244393
0.2465
0.24947
0.253326
0.258099
0.263827
0.270551
0.278312
0.287139
0.297054
0.308014
0.319966
0.332583
0.345738
0.357824
0.369891
0.37274
0.381878
0.24435
0.244584
0.245891
0.248019
0.251026
0.254937
0.259787
0.26562
0.272485
0.280433
0.289512
0.299763
0.311178
0.323753
0.337222
0.351583
0.365348
0.379822
0.38639
0.399435
0.245755
0.245983
0.247299
0.249449
0.25249
0.256453
0.261376
0.267308
0.274306
0.282431
0.291746
0.302315
0.314158
0.327319
0.341594
0.357086
0.372454
0.389147
0.399348
0.415947
0.247062
0.247287
0.248614
0.250784
0.253859
0.257872
0.262864
0.268889
0.276011
0.284303
0.293839
0.304705
0.316949
0.330659
0.345691
0.362237
0.379125
0.397858
0.411545
0.431418
0.248269
0.248494
0.249831
0.252022
0.255129
0.259189
0.264245
0.270358
0.277595
0.286041
0.295784
0.306925
0.319543
0.333761
0.349499
0.367019
0.385334
0.405933
0.422914
0.445823
0.249374
0.249601
0.250948
0.253159
0.256297
0.2604
0.265516
0.271708
0.279053
0.287641
0.297573
0.308968
0.321929
0.336615
0.353004
0.371417
0.391057
0.413356
0.433401
0.459127
0.250374
0.250604
0.251963
0.254192
0.257358
0.261501
0.266671
0.272937
0.280379
0.289097
0.299201
0.310828
0.324101
0.339212
0.356195
0.375418
0.396271
0.420106
0.442959
0.471284
0.251269
0.251503
0.252871
0.255118
0.258309
0.262489
0.267708
0.27404
0.281569
0.290403
0.300662
0.312497
0.326051
0.341543
0.359061
0.379007
0.400957
0.426167
0.451549
0.482243
0.252056
0.252294
0.253671
0.255935
0.259149
0.26336
0.268623
0.275013
0.28262
0.291557
0.301953
0.31397
0.327773
0.343601
0.361592
0.382175
0.405097
0.431518
0.459135
0.491958
0.252733
0.252976
0.254361
0.256639
0.259873
0.264112
0.269413
0.275853
0.283528
0.292553
0.303067
0.315242
0.32926
0.345378
0.363778
0.384911
0.408674
0.436142
0.46569
0.500379
0.2533
0.253547
0.254939
0.257229
0.26048
0.264743
0.270076
0.276558
0.284289
0.293389
0.304002
0.31631
0.330507
0.346869
0.365612
0.387206
0.411675
0.440022
0.471188
0.507466
0.253755
0.254005
0.255404
0.257703
0.260968
0.26525
0.270608
0.277125
0.284901
0.294061
0.304754
0.317168
0.33151
0.348068
0.367087
0.389051
0.41409
0.443145
0.475611
0.513182
0.254097
0.25435
0.255753
0.25806
0.261335
0.265631
0.271009
0.277552
0.285362
0.294567
0.30532
0.317815
0.332266
0.34897
0.368198
0.390441
0.415909
0.445498
0.478942
0.517495
0.254325
0.25458
0.255986
0.258298
0.261581
0.265887
0.271278
0.277837
0.28567
0.294906
0.305699
0.318247
0.332771
0.349574
0.368942
0.39137
0.417125
0.447073
0.481169
0.520384
0.25444
0.254695
0.256103
0.258418
0.261704
0.266014
0.271412
0.27798
0.285825
0.295075
0.305889
0.318464
0.333025
0.349876
0.369314
0.391836
0.417734
0.447861
0.482284
0.521833
0.0513933
0.051276
0.0509449
0.050378
0.0495839
0.0485716
0.0473454
0.0459086
0.0442655
0.0424217
0.0403841
0.0381602
0.0357585
0.0331886
0.0304608
0.0275868
0.0245788
0.0214504
0.0182147
0.0148895
0.0521736
0.0520552
0.0517193
0.0511442
0.0503385
0.0493115
0.0480673
0.046609
0.0449409
0.0430687
0.0409991
0.0387397
0.0362992
0.033687
0.0309138
0.0279913
0.0249321
0.0217501
0.0184587
0.0150783
0.0537471
0.0536254
0.0532801
0.0526886
0.05186
0.0508036
0.0495232
0.048022
0.0463039
0.0443747
0.042241
0.0399104
0.0373916
0.0346942
0.0318291
0.0288085
0.0256452
0.0223541
0.0189477
0.0154509
0.056135
0.0560083
0.055649
0.0550334
0.0541708
0.0530705
0.0517363
0.0501708
0.0483779
0.0463631
0.0441328
0.0416946
0.0390572
0.0362304
0.0332254
0.0300549
0.0267325
0.023274
0.0196918
0.0160177
0.0593706
0.0592374
0.0588597
0.0582126
0.0573054
0.0561474
0.0547421
0.0530916
0.0511994
0.0490704
0.0467109
0.044128
0.0413305
0.0383282
0.0351328
0.0317575
0.0282168
0.0245282
0.0207029
0.0167828
0.0634972
0.0633562
0.0629561
0.0622707
0.0613092
0.0600808
0.0585884
0.0568332
0.054818
0.0525469
0.0500255
0.0472604
0.0442599
0.0410339
0.0375944
0.033955
0.0301315
0.0261433
0.0220004
0.0177579
0.0685673
0.0684172
0.0679918
0.0672625
0.0662386
0.064929
0.0633355
0.0614581
0.059298
0.0568582
0.054143
0.051158
0.0479107
0.0444105
0.0406693
0.0367014
0.0325235
0.0281574
0.0236119
0.0189583
0.0746408
0.0744811
0.0740282
0.0732515
0.0721599
0.0707615
0.0690563
0.0670425
0.0647192
0.0620872
0.0591487
0.0559075
0.0523692
0.0485422
0.0444377
0.0400704
0.0354577
0.0306244
0.0255768
0.0204073
0.0817826
0.0816131
0.0811325
0.0803079
0.0791474
0.0776575
0.0758358
0.0736776
0.0711787
0.0683366
0.06515
0.0616194
0.0577476
0.0535405
0.0490077
0.044163
0.0390246
0.0336201
0.027953
0.0221413
0.0900577
0.0898792
0.0893735
0.0885052
0.0872808
0.0857045
0.0837703
0.081469
0.078792
0.0757314
0.0722806
0.0684349
0.0641919
0.0595531
0.0545244
0.0491178
0.0433504
0.0372527
0.0308243
0.0242123
0.0995253
0.0993401
0.0988157
0.0979144
0.0966404
0.094994
0.0929644
0.0905362
0.0876939
0.084422
0.080706
0.0765326
0.0718912
0.0667756
0.061185
0.0551263
0.0486137
0.0416794
0.0343176
0.0267091
0.110229
0.110041
0.10951
0.108596
0.1073
0.105616
0.103527
0.101009
0.0980378
0.0945864
0.0906282
0.0861374
0.0810904
0.075468
0.0692575
0.0624558
0.0550698
0.0471296
0.0386215
0.029759
0.122184
0.122001
0.121482
0.120588
0.119314
0.117647
0.115562
0.113023
0.109993
0.10643
0.102291
0.0975305
0.0921056
0.0859762
0.0791092
0.0714828
0.0630882
0.0539468
0.0440338
0.0335931
0.135362
0.135193
0.134715
0.133889
0.132704
0.131138
0.129154
0.126704
0.123734
0.120181
0.115979
0.111057
0.105341
0.0987581
0.091243
0.0827402
0.0732102
0.0626503
0.0510137
0.0385477
0.149663
0.149522
0.149125
0.148435
0.147434
0.146089
0.14435
0.142153
0.139424
0.136077
0.132014
0.127127
0.121299
0.11441
0.106339
0.0969751
0.0862232
0.0740291
0.0603116
0.0452825
0.164897
0.164802
0.164538
0.164072
0.163379
0.162414
0.161115
0.159402
0.157179
0.15433
0.150721
0.146196
0.14058
0.133682
0.125297
0.115218
0.103249
0.0892298
0.0730082
0.0546553
0.180751
0.180725
0.180655
0.180522
0.180289
0.179904
0.179294
0.178368
0.177008
0.175072
0.172384
0.168736
0.163878
0.157525
0.149352
0.139002
0.1261
0.110269
0.0911926
0.0685969
0.196761
0.196833
0.197033
0.197356
0.197761
0.198189
0.198568
0.198802
0.198765
0.198295
0.197184
0.195172
0.191934
0.187073
0.180113
0.170491
0.157569
0.140612
0.118931
0.0910444
0.212268
0.21246
0.212993
0.213881
0.215081
0.216538
0.218192
0.219957
0.221713
0.223298
0.224488
0.224983
0.224383
0.222163
0.217638
0.209945
0.19803
0.180656
0.156785
0.124117
0.226512
0.226792
0.22764
0.229089
0.231106
0.233657
0.236705
0.240191
0.244026
0.248072
0.252129
0.255897
0.258944
0.260645
0.260108
0.256089
0.246841
0.230115
0.203022
0.162259
0.0126467
0.0115874
0.0105276
0.00946423
0.00839586
0.00732298
0.00624638
0.00516667
0.00408436
0.00299995
0.00191397
0.000826926
-0.000260655
-0.00134826
-0.00243539
-0.00352154
-0.00460621
-0.0056889
-0.00676915
-0.00784646
0.0127919
0.0117211
0.0106525
0.00958022
0.00850152
0.00741698
0.0063276
0.00523405
0.00413686
0.00303655
0.0019337
0.000828915
-0.000277223
-0.00138412
-0.00249116
-0.00359776
-0.00470331
-0.00580721
-0.00690886
-0.00800769
0.0130634
0.0119551
0.0108564
0.00975533
0.00864668
0.0075312
0.00641035
0.00528495
0.00415554
0.00302269
0.00188703
0.000749201
-0.000390147
-0.00153036
-0.0026708
-0.0038108
-0.00494971
-0.00608689
-0.00722168
-0.00835346
0.0134761
0.0123069
0.0111591
0.0100119
0.00885575
0.00769172
0.00652195
0.00534742
0.00416864
0.00298617
0.00180069
0.000612874
-0.000576577
-0.00176697
-0.00295761
-0.00414779
-0.00533681
-0.00652396
-0.00770855
-0.00888988
0.014024
0.0127667
0.0115487
0.0103357
0.00911236
0.00787991
0.00664158
0.0053986
0.00415142
0.00290059
0.0016468
0.000390781
-0.000866728
-0.002125
-0.0033833
-0.00464088
-0.005897
-0.00715092
-0.0084019
-0.00964921
0.0147134
0.0133382
0.0120269
0.0107271
0.00941475
0.00809204
0.00676351
0.0054307
0.00409395
0.00275377
0.00141089
6.60765e-05
-0.00127989
-0.00262626
-0.00397226
-0.00531711
-0.00666004
-0.00800027
-0.00933704
-0.0106696
0.0155492
0.0140216
0.0125906
0.0111795
0.00975353
0.00831551
0.00687197
0.00542485
0.00397434
0.00252087
0.0010652
-0.000391836
-0.00184945
-0.00330686
-0.00476326
-0.00621785
-0.00766983
-0.00911841
-0.0105628
-0.0120022
0.0165414
0.0148195
0.0132372
0.011686
0.0101166
0.00853324
0.00694492
0.00535408
0.00376071
0.00216513
0.000568151
-0.00102936
-0.00262657
-0.00422267
-0.00581683
-0.00740823
-0.00899606
-0.0105795
-0.0121577
-0.01373
0.0177114
0.0157451
0.0139726
0.0122462
0.0104977
0.00873277
0.00696395
0.00519428
0.00342341
0.00165153
-0.000120526
-0.00189183
-0.00366152
-0.00542878
-0.00719277
-0.00895266
-0.0107076
-0.0124569
-0.0141996
-0.015935
0.0190872
0.0168114
0.0147974
0.0128494
0.0108747
0.00888091
0.00688473
0.0048901
0.00289624
0.000903134
-0.00108835
-0.00307721
-0.00506257
-0.00704358
-0.00901942
-0.0109892
-0.0129522
-0.0149075
-0.0168544
-0.0187919
0.020737
0.01807
0.0157477
0.0135187
0.0112587
0.00897676
0.00669516
0.00441888
0.00214657
-0.000122102
-0.00238627
-0.0046449
-0.00689712
-0.00914213
-0.0113791
-0.0136073
-0.0158259
-0.0180342
-0.0202314
-0.0224167
0.0227428
0.0195693
0.0168398
0.0142423
0.0116106
0.00895421
0.00630206
0.00366067
0.00102798
-0.00159679
-0.00421281
-0.00681901
-0.00941451
-0.0119986
-0.0145704
-0.0171292
-0.0196743
-0.0222048
-0.0247202
-0.0272197
0.0253131
0.0214856
0.0182149
0.0151334
0.0120198
0.00888031
0.00575199
0.0026436
-0.000447829
-0.00352382
-0.00658375
-0.00962669
-0.012652
-0.015659
-0.0186473
-0.0216163
-0.0245654
-0.0274942
-0.0304022
-0.0332889
0.0286838
0.0239682
0.0199346
0.0161784
0.012401
0.00859743
0.00481427
0.00106397
-0.00265737
-0.00635231
-0.0100205
-0.0136612
-0.0172736
-0.0208575
-0.0244123
-0.0279377
-0.0314331
-0.0348983
-0.0383329
-0.0417365
0.0335229
0.0276189
0.0225135
0.0178274
0.0131569
0.00846898
0.00382009
-0.000771358
-0.00531043
-0.00980205
-0.0142474
-0.0186465
-0.0229999
-0.0273081
-0.0315716
-0.0357909
-0.0399662
-0.0440978
-0.0481858
-0.0522305
0.0405114
0.032906
0.0261725
0.0200789
0.0140686
0.00804818
0.00208601
-0.00378615
-0.00957186
-0.0152778
-0.0209058
-0.0264562
-0.0319294
-0.0373263
-0.042648
-0.0478956
-0.0530704
-0.0581737
-0.0632069
-0.0681718
0.0515575
0.0415898
0.0325086
0.0244698
0.0166786
0.00890866
0.00123307
-0.00629612
-0.0136815
-0.0209359
-0.0280657
-0.0350738
-0.0419631
-0.0487367
-0.055398
-0.0619501
-0.0683955
-0.0747366
-0.0809753
-0.087113
0.0699015
0.0558452
0.0423791
0.0307099
0.0196689
0.00874424
-0.00200269
-0.0124822
-0.0226927
-0.0326567
-0.0423853
-0.0518818
-0.0611482
-0.0701872
-0.0790027
-0.0875989
-0.0959814
-0.104157
-0.112135
-0.119927
0.104398
0.0862098
0.0664935
0.0493975
0.0335794
0.0180806
0.00293478
-0.0117131
-0.0258649
-0.0395708
-0.0528662
-0.0657744
-0.0783161
-0.0905112
-0.102378
-0.113931
-0.125184
-0.136147
-0.14683
-0.157238
0.142758
0.120879
0.0948211
0.0701733
0.0461266
0.0221732
-0.00139518
-0.0243155
-0.0464872
-0.0678568
-0.0883755
-0.108004
-0.126717
-0.144496
-0.161333
-0.177224
-0.192175
-0.206196
-0.219307
-0.23154
-0.00892038
-0.00999044
-0.0110562
-0.0121172
-0.013173
-0.0142233
-0.0152675
-0.0163053
-0.0173362
-0.01836
-0.0193762
-0.0203845
-0.0213844
-0.0223757
-0.023358
-0.0243309
-0.0252941
-0.0262473
-0.0271909
-0.0281246
-0.0091031
-0.0101945
-0.0112814
-0.0123631
-0.0134393
-0.0145092
-0.0155724
-0.0166285
-0.0176769
-0.0187171
-0.0197488
-0.0207715
-0.0217847
-0.0227881
-0.0237814
-0.0247641
-0.0257359
-0.0266965
-0.0276461
-0.0285863
-0.00948159
-0.0106054
-0.0117244
-0.0128379
-0.0139454
-0.0150462
-0.0161398
-0.0172257
-0.0183034
-0.0193723
-0.0204321
-0.0214821
-0.0225221
-0.0235515
-0.02457
-0.0255772
-0.0265728
-0.027556
-0.0285271
-0.0294913
-0.0100673
-0.01124
-0.0124075
-0.013569
-0.014724
-0.0158718
-0.0170118
-0.0181434
-0.019266
-0.0203792
-0.0214824
-0.0225752
-0.0236569
-0.0247273
-0.0257859
-0.0268324
-0.0278663
-0.0288865
-0.0298933
-0.0308972
-0.0108921
-0.0121299
-0.0133619
-0.0145874
-0.0158058
-0.0170163
-0.0182183
-0.0194114
-0.0205947
-0.0217679
-0.0229303
-0.0240815
-0.0252209
-0.0263481
-0.0274628
-0.0285645
-0.0296528
-0.0307262
-0.0317845
-0.0328455
-0.0119971
-0.0133189
-0.0146343
-0.0159425
-0.0172428
-0.0185345
-0.0198171
-0.0210898
-0.022352
-0.0236033
-0.0248429
-0.0260705
-0.0272855
-0.0284874
-0.0296758
-0.0308504
-0.0320108
-0.0331549
-0.0342819
-0.0354184
-0.0134358
-0.014863
-0.0162828
-0.0176947
-0.0190979
-0.0204916
-0.0218753
-0.0232483
-0.02461
-0.0259598
-0.0272971
-0.0286214
-0.0299322
-0.0312291
-0.0325116
-0.0337794
-0.0350322
-0.0362671
-0.0374828
-0.0387153
-0.0152954
-0.0168533
-0.0184029
-0.0199434
-0.0214742
-0.0229944
-0.0245036
-0.0260009
-0.0274859
-0.0289579
-0.0304164
-0.0318608
-0.0332907
-0.0347056
-0.0361051
-0.037489
-0.038857
-0.0402054
-0.041532
-0.0428824
-0.0176623
-0.0193807
-0.0210894
-0.0227879
-0.0244753
-0.026151
-0.0278143
-0.0294646
-0.0311013
-0.0327239
-0.0343318
-0.0359245
-0.0375016
-0.0390625
-0.0406069
-0.0421348
-0.0436456
-0.0451355
-0.0466006
-0.0480945
-0.0207195
-0.0226363
-0.0245415
-0.0264346
-0.0283147
-0.0301812
-0.0320336
-0.0338712
-0.0356935
-0.0374998
-0.0392898
-0.0410629
-0.0428187
-0.0445569
-0.046277
-0.047979
-0.0496627
-0.0513239
-0.052957
-0.0546197
-0.0245896
-0.0267492
-0.028895
-0.0310262
-0.0331424
-0.0352428
-0.0373269
-0.0393943
-0.0414443
-0.0434765
-0.0454904
-0.0474857
-0.0494618
-0.0514183
-0.053355
-0.0552718
-0.0571686
-0.0590414
-0.0608828
-0.0627463
-0.0297026
-0.0321682
-0.034616
-0.0370453
-0.0394556
-0.0418462
-0.0442167
-0.0465665
-0.0488952
-0.0512022
-0.0534873
-0.0557498
-0.0579896
-0.0602062
-0.0623992
-0.0645687
-0.0667148
-0.0688347
-0.0709193
-0.073005
-0.0361537
-0.0389963
-0.0418161
-0.0446129
-0.0473861
-0.0501353
-0.0528603
-0.0555606
-0.0582359
-0.0608857
-0.0635098
-0.0661077
-0.068679
-0.0712232
-0.0737398
-0.0762282
-0.0786886
-0.0811207
-0.0835165
-0.0858694
-0.0451088
-0.0484495
-0.0517582
-0.0550347
-0.0582785
-0.0614893
-0.0646666
-0.0678101
-0.0709191
-0.0739932
-0.0770318
-0.0800342
-0.083
-0.0859285
-0.0888193
-0.0916714
-0.094485
-0.0972668
-0.100018
-0.102646
-0.0562318
-0.0601898
-0.0641045
-0.0679761
-0.0718045
-0.07559
-0.0793328
-0.0830333
-0.0866918
-0.0903088
-0.0938851
-0.097421
-0.100917
-0.104374
-0.107792
-0.111169
-0.114505
-0.117821
-0.121154
-0.124233
-0.0730699
-0.0779032
-0.0826734
-0.0873822
-0.0920312
-0.0966218
-0.101155
-0.105631
-0.110051
-0.114414
-0.11872
-0.122969
-0.127159
-0.131293
-0.135372
-0.139396
-0.143365
-0.147338
-0.151461
-0.155123
-0.0931507
-0.0990891
-0.104929
-0.110671
-0.116316
-0.121866
-0.127324
-0.132695
-0.137987
-0.143209
-0.148377
-0.153507
-0.15862
-0.163743
-0.168901
-0.174118
-0.179404
-0.184899
-0.191022
-0.196426
-0.127544
-0.135004
-0.142323
-0.149522
-0.156624
-0.163652
-0.17063
-0.177584
-0.184537
-0.191508
-0.198515
-0.205567
-0.212671
-0.219828
-0.227039
-0.23429
-0.241554
-0.249098
-0.257857
-0.265258
-0.167375
-0.177241
-0.186832
-0.196143
-0.205163
-0.213882
-0.222288
-0.230374
-0.23814
-0.245601
-0.252796
-0.259794
-0.26671
-0.273717
-0.281053
-0.288992
-0.297832
-0.308589
-0.323816
-0.338057
-0.242938
-0.253563
-0.263493
-0.272831
-0.281706
-0.290275
-0.298726
-0.307275
-0.316172
-0.325686
-0.336111
-0.347745
-0.360889
-0.375835
-0.392851
-0.412096
-0.433589
-0.458413
-0.48969
-0.51567
-0.0359431
-0.0465646
-0.0529946
-0.0558026
-0.0556709
-0.0533109
-0.0494786
-0.0448277
-0.0398021
-0.0347244
-0.0297816
-0.025162
-0.0208817
-0.0170881
-0.0136063
-0.010667
-0.00783787
-0.00562395
-0.00317612
-0.0014474
-0.0365864
-0.0471741
-0.0535076
-0.0562245
-0.0559902
-0.0535267
-0.0496098
-0.0448967
-0.0398263
-0.0347177
-0.0297546
-0.0251236
-0.0208369
-0.0170428
-0.0135603
-0.0106275
-0.00779853
-0.00560124
-0.00315094
-0.00145598
-0.037895
-0.0484056
-0.0545427
-0.0570732
-0.0566301
-0.0539585
-0.0498719
-0.0450335
-0.0398737
-0.0347031
-0.0297003
-0.0250457
-0.020748
-0.0169503
-0.0134701
-0.0105444
-0.00772459
-0.0055483
-0.00311105
-0.00146257
-0.039916
-0.0502909
-0.0561176
-0.0583573
-0.0575921
-0.0546037
-0.0502607
-0.0452341
-0.0399407
-0.0346781
-0.0296168
-0.0249272
-0.0206133
-0.01681
-0.0133339
-0.0104179
-0.00761374
-0.00546646
-0.00305349
-0.00146759
-0.042721
-0.0528787
-0.0582593
-0.0600894
-0.0588784
-0.0554583
-0.0507704
-0.0454925
-0.0400222
-0.0346388
-0.0295012
-0.0247661
-0.0204313
-0.0166204
-0.0131502
-0.010247
-0.00746448
-0.0053552
-0.00297636
-0.00147123
-0.0464114
-0.0562351
-0.0610045
-0.0622863
-0.0604909
-0.0565169
-0.0513931
-0.0458009
-0.0401116
-0.0345804
-0.0293503
-0.0245601
-0.0202002
-0.0163797
-0.0129172
-0.0100295
-0.0072758
-0.00521268
-0.00287913
-0.00147227
-0.0511205
-0.060446
-0.0644008
-0.0649682
-0.0624304
-0.0577709
-0.0521181
-0.0461491
-0.0402004
-0.0344966
-0.0291599
-0.0243064
-0.0199176
-0.0160855
-0.0126332
-0.00976347
-0.00704673
-0.00503678
-0.00276149
-0.00146838
-0.0570202
-0.0656188
-0.0685073
-0.0681577
-0.0646953
-0.0592088
-0.0529318
-0.0465241
-0.0402783
-0.0343801
-0.0289254
-0.024002
-0.0195813
-0.0157357
-0.0122962
-0.0094467
-0.00677655
-0.00482533
-0.00262328
-0.00145606
-0.0643249
-0.0718843
-0.0733964
-0.071879
-0.0672799
-0.0608144
-0.0538167
-0.0469102
-0.0403328
-0.0342227
-0.0286418
-0.0236436
-0.019189
-0.0153279
-0.0119047
-0.00907753
-0.00646514
-0.00457619
-0.00246471
-0.00143034
-0.0732992
-0.0793984
-0.0791549
-0.0761546
-0.0701716
-0.0625652
-0.0547506
-0.0472882
-0.0403496
-0.0340149
-0.0283034
-0.0232281
-0.0187386
-0.0148606
-0.0114579
-0.00865505
-0.00611335
-0.00428743
-0.00228655
-0.00138448
-0.0842559
-0.0883424
-0.0858846
-0.0810016
-0.0733473
-0.0644307
-0.0557058
-0.0476349
-0.0403123
-0.0337465
-0.0279045
-0.0227524
-0.0182285
-0.0143329
-0.0109563
-0.0081797
-0.00572335
-0.00395754
-0.00209021
-0.00130972
-0.0975581
-0.098921
-0.0937028
-0.0864234
-0.076769
-0.0663697
-0.056647
-0.0479228
-0.0402022
-0.0334063
-0.0274391
-0.0222134
-0.0176575
-0.0137452
-0.010402
-0.00765353
-0.00529877
-0.00358547
-0.00187773
-0.0011952
-0.113575
-0.111354
-0.102737
-0.0923966
-0.0803764
-0.0683256
-0.0575302
-0.0481188
-0.0399986
-0.0329821
-0.0269001
-0.0216078
-0.017025
-0.0130992
-0.00979871
-0.00708038
-0.00484449
-0.00317056
-0.00165162
-0.00102823
-0.132632
-0.12585
-0.113112
-0.0988484
-0.0840778
-0.0702219
-0.0582998
-0.0481843
-0.0396785
-0.0324601
-0.0262798
-0.0209315
-0.0163305
-0.012398
-0.00915186
-0.00646537
-0.00436595
-0.00271228
-0.00141463
-0.000795
-0.154763
-0.142534
-0.12491
-0.105621
-0.0877406
-0.0719551
-0.0588886
-0.0480752
-0.0392172
-0.0318252
-0.0255688
-0.0201799
-0.0155741
-0.0116454
-0.00846755
-0.00581403
-0.00386816
-0.00220985
-0.00116968
-0.000481783
-0.179501
-0.161262
-0.138074
-0.112431
-0.0911864
-0.0733907
-0.0592201
-0.0477456
-0.038591
-0.0310615
-0.0247571
-0.0193476
-0.0147557
-0.0108456
-0.00775164
-0.00513105
-0.00335486
-0.0016621
-0.000920437
-7.6646e-05
-0.205136
-0.181241
-0.152173
-0.118825
-0.0942053
-0.0743746
-0.0592236
-0.0471578
-0.0377846
-0.0301574
-0.0238378
-0.0184314
-0.013877
-0.0100032
-0.00700916
-0.00442015
-0.00282834
-0.00106888
-0.000671162
0.000428387
-0.229244
-0.200487
-0.16608
-0.124224
-0.0966208
-0.0747835
-0.05887
-0.0463077
-0.0368085
-0.0291208
-0.0228194
-0.0174399
-0.0129476
-0.00912772
-0.00624607
-0.00368855
-0.00228918
-0.000439575
-0.000422715
0.00103531
-0.249284
-0.21582
-0.177797
-0.128045
-0.0983892
-0.0745908
-0.0582145
-0.0452448
-0.0357173
-0.0279954
-0.0217429
-0.016409
-0.0119961
-0.00824429
-0.0054763
-0.00295579
-0.00174
0.000196691
-0.000178571
0.00174711
-0.278877
-0.225054
-0.185605
-0.129533
-0.0995939
-0.0737398
-0.0573649
-0.0439999
-0.0345703
-0.0268133
-0.0206491
-0.015371
-0.0110595
-0.00737792
-0.00473422
-0.00223313
-0.00122366
0.000848694
-3.89404e-05
0.00262979
-0.324438
-0.229341
-0.187452
-0.127745
-0.0999334
-0.0725928
-0.056803
-0.0430901
-0.0338563
-0.02603
-0.0199628
-0.0147138
-0.0105124
-0.00685708
-0.00435596
-0.00177526
-0.00103816
0.00136413
-0.000250894
0.00340484
-0.334882
-0.22762
-0.186401
-0.126124
-0.0991755
-0.0716852
-0.0562325
-0.0425544
-0.0334572
-0.025673
-0.0196694
-0.0144586
-0.010303
-0.00667805
-0.0042174
-0.00164424
-0.000960455
0.00148224
-0.000266673
0.00358489
-0.338137
-0.224107
-0.184517
-0.124117
-0.0981033
-0.0706514
-0.0555847
-0.0419969
-0.0330518
-0.025325
-0.0193869
-0.0142164
-0.0101017
-0.00650923
-0.00407919
-0.0015255
-0.000873043
0.00157661
-0.000250288
0.00373185
-0.338527
-0.221199
-0.183081
-0.122505
-0.0972723
-0.0698085
-0.0550654
-0.0415352
-0.0327146
-0.0250289
-0.019144
-0.0140049
-0.00992384
-0.00635766
-0.00395357
-0.0014154
-0.000791265
0.00166629
-0.00023368
0.00387153
-0.338036
-0.218733
-0.181878
-0.121071
-0.0965541
-0.0690449
-0.054599
-0.0411091
-0.0324019
-0.0247503
-0.0189144
-0.013804
-0.00975499
-0.00621291
-0.00383427
-0.00130917
-0.000714219
0.00175443
-0.000220567
0.00400743
-0.336893
-0.21642
-0.180713
-0.119689
-0.0958617
-0.0683072
-0.0541499
-0.0406964
-0.0320987
-0.0244795
-0.0186914
-0.0136089
-0.00959147
-0.00607289
-0.00371925
-0.00120672
-0.000640364
0.00183931
-0.000208324
0.00413735
-0.335198
-0.214252
-0.179581
-0.118371
-0.0951981
-0.0676023
-0.0537216
-0.0403012
-0.0318083
-0.0242195
-0.0184773
-0.0134216
-0.00943469
-0.00593877
-0.00360915
-0.00110885
-0.000569731
0.00192003
-0.000196161
0.00426016
-0.333147
-0.21226
-0.178504
-0.117135
-0.0945749
-0.0669393
-0.0533198
-0.0399282
-0.0315337
-0.0239729
-0.0182741
-0.0132438
-0.00928591
-0.00581148
-0.00350471
-0.00101606
-0.000502732
0.00199633
-0.000184272
0.00437559
-0.330904
-0.210443
-0.177488
-0.115986
-0.0939949
-0.0663208
-0.0529456
-0.0395786
-0.0312761
-0.0237406
-0.0180826
-0.0130761
-0.00914575
-0.00569156
-0.00340638
-0.000928697
-0.000439675
0.00206799
-0.000172857
0.00448343
-0.328578
-0.208791
-0.176533
-0.114926
-0.0934578
-0.0657478
-0.0525994
-0.0392533
-0.031036
-0.0235236
-0.0179036
-0.0129193
-0.00901476
-0.00557949
-0.00331454
-0.000847116
-0.000380812
0.00213475
-0.000162013
0.0045834
-0.326248
-0.207295
-0.175642
-0.113955
-0.0929647
-0.0652218
-0.0522817
-0.0389534
-0.0308144
-0.0233227
-0.0177379
-0.0127741
-0.00889352
-0.00547576
-0.00322958
-0.000771667
-0.000326385
0.00219636
-0.000151817
0.00467523
-0.323978
-0.205947
-0.17482
-0.113076
-0.0925166
-0.0647441
-0.0519934
-0.03868
-0.0306121
-0.0231389
-0.0175862
-0.0126412
-0.0087826
-0.00538085
-0.00315189
-0.000702691
-0.000276635
0.00225256
-0.000142351
0.00475864
-0.321823
-0.204744
-0.174072
-0.112291
-0.0921148
-0.0643163
-0.051735
-0.0384341
-0.0304299
-0.022973
-0.0174493
-0.0125212
-0.00868254
-0.00529525
-0.00308185
-0.000640511
-0.000231791
0.00230312
-0.0001337
0.00483342
-0.319829
-0.203685
-0.173404
-0.111601
-0.0917603
-0.0639394
-0.0515073
-0.0382166
-0.0302687
-0.0228259
-0.0173279
-0.0124147
-0.00859384
-0.00521936
-0.00301978
-0.000585424
-0.000192064
0.00234784
-0.000125944
0.00489933
-0.318039
-0.202769
-0.17282
-0.111007
-0.0914543
-0.0636145
-0.0513108
-0.0380285
-0.030129
-0.0226984
-0.0172226
-0.0123224
-0.00851696
-0.00515359
-0.002966
-0.000537702
-0.000157649
0.00238652
-0.000119153
0.00495619
-0.316488
-0.202
-0.172325
-0.110511
-0.0911977
-0.0633424
-0.0511461
-0.0378704
-0.0300115
-0.022591
-0.017134
-0.0122448
-0.00845231
-0.00509828
-0.00292079
-0.000497584
-0.000128717
0.00241901
-0.000113395
0.00500383
-0.315207
-0.201378
-0.171925
-0.110114
-0.0909913
-0.0631237
-0.0510136
-0.037743
-0.0299167
-0.0225043
-0.0170626
-0.0121822
-0.00840024
-0.00505374
-0.00288439
-0.000465278
-0.000105416
0.00244516
-0.000108726
0.00504211
-0.314222
-0.200909
-0.171621
-0.109815
-0.0908359
-0.0629591
-0.0509137
-0.0376468
-0.0298452
-0.0224389
-0.0170087
-0.012135
-0.00836103
-0.00502021
-0.00285699
-0.000440959
-8.78713e-05
0.00246485
-0.000105189
0.00507092
-0.313554
-0.200595
-0.171417
-0.109616
-0.0907319
-0.062849
-0.0508467
-0.0375822
-0.0297971
-0.022395
-0.0169726
-0.0121035
-0.00833489
-0.00499786
-0.00283873
-0.000424732
-7.61628e-05
0.002478
-0.000102825
0.00509015
-0.313217
-0.200437
-0.171315
-0.109517
-0.0906798
-0.0627936
-0.0508128
-0.0375495
-0.0297728
-0.022373
-0.0169546
-0.0120879
-0.00832199
-0.00498685
-0.00282973
-0.000416717
-7.03675e-05
0.00248455
-0.000101637
0.00509979
)
;

boundaryField
{
    inlet
    {
        type            zeroGradient;
    }
    outlet
    {
        type            fixedValue;
        value           uniform 0;
    }
    cylinder
    {
        type            zeroGradient;
    }
    top
    {
        type            symmetryPlane;
    }
    bottom
    {
        type            symmetryPlane;
    }
    defaultFaces
    {
        type            empty;
    }
}


// ************************************************************************* //
