/*--------------------------------*- C++ -*----------------------------------*\
  =========                 |
  \\      /  F ield         | OpenFOAM: The Open Source CFD Toolbox
   \\    /   O peration     | Website:  https://openfoam.org
    \\  /    A nd           | Version:  6.0
     \\/     M anipulation  |
\*---------------------------------------------------------------------------*/
FoamFile
{
    version     2.0;
    format      ascii;
    class       volVectorField;
    location    "67";
    object      U;
}
// * * * * * * * * * * * * * * * * * * * * * * * * * * * * * * * * * * * * * //

dimensions      [0 1 -1 0 0 0 0];

internalField   nonuniform List<vector> 
2000
(
(-0.00199122 0.00173836 5.72896e-20)
(-0.00762155 0.00330258 6.80424e-20)
(-0.0153301 0.00366187 -6.48676e-20)
(-0.0223323 0.00333756 -1.32364e-19)
(-0.0276803 0.00263993 -9.24632e-20)
(-0.0312213 0.0017721 1.23181e-19)
(-0.0330527 0.000879477 7.1749e-20)
(-0.0334436 6.87527e-05 -2.90248e-20)
(-0.0328262 -0.000580944 -7.24565e-20)
(-0.0314952 -0.00100573 5.28304e-20)
(-0.00248969 0.00512131 -1.42005e-19)
(-0.00837065 0.00968546 1.96035e-19)
(-0.0157251 0.0106974 1.95483e-20)
(-0.022025 0.0096973 -1.13551e-19)
(-0.0264593 0.00759808 5.43354e-19)
(-0.0289517 0.00499661 -2.39137e-19)
(-0.0296475 0.00232123 -2.58715e-19)
(-0.0288423 -0.000109762 3.12043e-19)
(-0.0269847 -0.00205465 -3.07747e-19)
(-0.0244468 -0.00332098 1.55254e-19)
(-0.00343574 0.00822486 2.35846e-20)
(-0.00972806 0.0154095 8.38818e-21)
(-0.0163014 0.016886 5.87513e-19)
(-0.0211436 0.0151401 2.06094e-19)
(-0.0237175 0.0116332 4.08752e-20)
(-0.0240981 0.00731679 3.38019e-19)
(-0.0225237 0.00287685 -6.42023e-19)
(-0.0193385 -0.00116385 1.39244e-20)
(-0.0150202 -0.00438854 -3.79647e-19)
(-0.0101031 -0.00647363 4.18226e-19)
(-0.00472403 0.010868 -4.43649e-20)
(-0.0114033 0.0200602 2.55239e-19)
(-0.0166177 0.0217188 -7.43649e-19)
(-0.0191361 0.019149 -9.61236e-20)
(-0.018832 0.0142674 -5.47351e-19)
(-0.0160035 0.00831155 5.66871e-19)
(-0.0110228 0.00217624 -6.01273e-19)
(-0.00429657 -0.00342946 4.22265e-19)
(0.00366268 -0.00789579 1.77521e-19)
(0.012063 -0.0107636 -2.00595e-19)
(-0.00618705 0.0128748 -4.93784e-19)
(-0.0129399 0.0232572 4.45591e-21)
(-0.0159822 0.0247663 9.16068e-19)
(-0.0151343 0.0213426 2.74634e-19)
(-0.0108146 0.0152251 -8.73237e-19)
(-0.00361591 0.00783543 5.42997e-19)
(0.00591806 0.000196484 6.15477e-19)
(0.0173136 -0.0068383 -5.48746e-19)
(0.0300351 -0.0124516 3.91251e-19)
(0.042923 -0.0160458 9.60766e-20)
(-0.00758376 0.0140743 6.74969e-20)
(-0.0136957 0.0246648 1.25187e-20)
(-0.0134291 0.0257005 -1.17119e-18)
(-0.00792075 0.0215114 -6.55217e-19)
(0.00173551 0.0144921 7.81618e-19)
(0.0145785 0.00611562 -9.15308e-19)
(0.0298492 -0.00258942 1.04885e-18)
(0.0470083 -0.0107138 -9.05978e-20)
(0.0655389 -0.017248 -2.95074e-19)
(0.0837984 -0.0214692 -8.57614e-19)
(-0.00858781 0.014304 -1.4687e-19)
(-0.0128318 0.0240056 -2.68247e-19)
(-0.00771337 0.0243087 -3.29555e-19)
(0.00407923 0.0196269 7.0303e-19)
(0.0206594 0.012327 1.30412e-18)
(0.0406174 0.00378488 -2.69543e-19)
(0.0629137 -0.00513183 -6.56018e-19)
(0.0869286 -0.0136316 2.00087e-19)
(0.112249 -0.0206138 -1.26006e-18)
(0.136672 -0.0252818 1.38406e-18)
(-0.00878374 0.0134242 8.98268e-19)
(-0.00932806 0.0210859 -4.90318e-19)
(0.00264603 0.0205023 9.57247e-19)
(0.0227355 0.0158175 -1.56395e-18)
(0.0481731 0.00920573 -7.47278e-19)
(0.0770137 0.00182644 -1.03508e-18)
(0.107829 -0.00579374 3.00719e-19)
(0.139842 -0.013248 -8.37259e-19)
(0.172875 -0.0195723 1.82327e-18)
(0.204272 -0.0240788 5.10388e-19)
(-0.00768224 0.0113475 6.61292e-20)
(-0.0020447 0.015839 7.98688e-19)
(0.0192553 0.0143225 1.58717e-18)
(0.0500644 0.0103002 4.85006e-19)
(0.0867016 0.00565944 1.43554e-18)
(0.126594 0.00136025 7.86847e-20)
(0.167732 -0.00240691 -7.0917e-22)
(0.208919 -0.00569203 5.78751e-19)
(0.250232 -0.00783821 4.68104e-19)
(0.289113 -0.00926177 -1.51926e-18)
(-0.00477047 0.00808578 -5.32098e-19)
(0.0101468 0.00838455 -8.91186e-19)
(0.0436434 0.00593792 -1.29537e-18)
(0.0879958 0.0032092 3.06109e-20)
(0.138749 0.00175702 -6.60368e-19)
(0.192804 0.00254307 1.04081e-18)
(0.247586 0.00588965 -2.86548e-18)
(0.301159 0.0120156 1.28646e-18)
(0.352881 0.0215155 4.83547e-19)
(0.400027 0.0302483 1.51712e-18)
(0.000388664 0.00380853 2.66173e-19)
(0.0281179 -0.000874382 -1.01894e-18)
(0.0768093 -0.00427278 9.09814e-19)
(0.137563 -0.00546132 -3.52977e-19)
(0.205553 -0.00344228 3.83942e-19)
(0.277819 0.00270802 8.35866e-19)
(0.352527 0.0137261 -1.12225e-18)
(0.429273 0.0305534 1.45808e-19)
(0.509035 0.0524536 -5.37765e-19)
(0.594169 0.0694541 1.0911e-18)
(0.00806018 -0.00110792 3.81363e-19)
(0.05226 -0.011093 -9.23803e-19)
(0.118756 -0.0153294 1.25868e-18)
(0.197748 -0.0150186 -7.83864e-19)
(0.284047 -0.0102792 -2.87556e-19)
(0.374602 -0.000971681 1.70247e-19)
(0.467604 0.0128155 8.80209e-20)
(0.562486 0.0307705 1.19394e-18)
(0.658901 0.0501774 3.43709e-19)
(0.754557 0.0623406 1.46941e-18)
(0.0183519 -0.00610192 -3.40399e-19)
(0.0826125 -0.0209185 1.19443e-18)
(0.169007 -0.0252636 -9.96636e-19)
(0.267054 -0.0228309 -1.16884e-18)
(0.371087 -0.0151005 1.63535e-18)
(0.477614 -0.0028655 -1.24342e-18)
(0.584238 0.0129434 3.28445e-19)
(0.689404 0.0312142 -1.94708e-18)
(0.791331 0.0492645 1.45849e-18)
(0.886039 0.0617497 7.28721e-20)
(0.0312702 -0.0105458 -4.43621e-19)
(0.118976 -0.0287937 -4.2843e-19)
(0.226869 -0.0317842 -9.12308e-19)
(0.344062 -0.0258912 1.10583e-18)
(0.464445 -0.0140392 -5.58542e-20)
(0.584059 0.00207643 7.14917e-19)
(0.699966 0.0208544 1.30421e-18)
(0.809928 0.0407969 -4.00788e-19)
(0.911575 0.0598095 -1.4176e-18)
(1.0009 0.0748786 2.81448e-18)
(0.0467451 -0.0138316 -2.29305e-19)
(0.16091 -0.0332167 -2.73514e-19)
(0.291339 -0.0327799 4.92211e-19)
(0.427113 -0.0216645 -9.14889e-19)
(0.561882 -0.00426146 1.56304e-19)
(0.691439 0.0168806 1.39095e-19)
(0.812661 0.0396131 6.09999e-20)
(0.923198 0.0622304 -9.85865e-21)
(1.02086 0.0832296 -1.49426e-19)
(1.10226 0.100992 -2.37938e-18)
(0.0646183 -0.0153976 9.30814e-19)
(0.207682 -0.0328631 -6.49604e-19)
(0.360982 -0.0265371 8.30768e-21)
(0.514052 -0.00833828 -9.89341e-19)
(0.660652 0.0159069 -3.53958e-19)
(0.7967 0.0428758 3.30955e-19)
(0.919359 0.0699944 2.57015e-19)
(1.02673 0.0954719 -9.15862e-19)
(1.11735 0.118343 7.48587e-19)
(1.18885 0.137793 -9.81502e-19)
(0.0846109 -0.0147325 4.01744e-19)
(0.258228 -0.0266431 -3.57043e-19)
(0.433899 -0.0118353 1.483e-18)
(0.602223 0.015101 1.51203e-19)
(0.757548 0.0470194 3.47493e-19)
(0.89641 0.0799696 1.54879e-18)
(1.01678 0.111131 -2.36811e-19)
(1.11772 0.138798 2.15769e-19)
(1.19888 0.162564 8.93469e-20)
(1.25919 0.182097 -1.09969e-19)
(0.106293 -0.0113861 2.80676e-19)
(0.31114 -0.0137427 6.74809e-19)
(0.507779 0.0120121 -7.22882e-19)
(0.688607 0.0488896 -2.44721e-19)
(0.849157 0.0886662 -3.02307e-19)
(0.987141 0.127018 4.6841e-19)
(1.10185 0.161148 -2.43644e-19)
(1.19374 0.189675 6.55495e-19)
(1.26384 0.212847 2.20581e-19)
(1.31249 0.230667 -3.59616e-19)
(0.129071 -0.00499455 -3.02463e-19)
(0.3647 0.00632852 2.68841e-19)
(0.580014 0.0451371 -5.73655e-19)
(0.770037 0.092543 2.47446e-19)
(0.932157 0.139656 -2.56758e-19)
(1.06583 0.182158 -3.20443e-19)
(1.17213 0.217628 -2.57327e-19)
(1.25319 0.245301 2.8758e-19)
(1.3115 0.266204 -5.42199e-19)
(1.34885 0.280637 3.27669e-19)
(0.152191 0.00468204 -1.07814e-19)
(0.416945 0.0336823 -2.10896e-19)
(0.647852 0.0871018 1.00428e-19)
(0.84343 0.144924 6.1918e-21)
(1.0036 0.198186 8.33289e-20)
(1.13007 0.243068 1.14319e-19)
(1.22601 0.277938 1.05949e-19)
(1.29535 0.302935 -1.40493e-19)
(1.34201 0.31998 1.19605e-19)
(1.36911 0.329676 -1.87177e-19)
(0.174775 0.017719 -6.24089e-20)
(0.465772 0.0680015 -2.34114e-20)
(0.708577 0.1369 9.3161e-20)
(0.906006 0.204326 -4.28881e-20)
(1.0611 0.262007 1.14308e-19)
(1.17821 0.307193 -1.47592e-19)
(1.26274 0.339451 3.42079e-20)
(1.32037 0.360077 3.67045e-20)
(1.35627 0.371952 -1.53843e-20)
(1.37464 0.375987 5.82063e-20)
(0.195856 0.0339917 -6.73275e-20)
(0.509069 0.10851 -3.04675e-19)
(0.759689 0.192986 -2.11022e-20)
(0.955467 0.268575 6.27141e-21)
(1.10299 0.328579 -3.96269e-19)
(1.20943 0.371907 5.23872e-20)
(1.28239 0.399693 -4.46e-20)
(1.3291 0.414557 -1.07575e-19)
(1.35567 0.42033 2.24274e-19)
(1.36714 0.418232 -4.08919e-19)
(0.214444 0.0531504 -3.25168e-20)
(0.54485 0.15397 6.17055e-19)
(0.799063 0.253335 9.9424e-20)
(0.990133 0.335148 -5.43235e-19)
(1.12837 0.395217 -4.40511e-20)
(1.22372 0.434653 -5.20567e-19)
(1.28574 0.456425 3.81585e-19)
(1.32289 0.464539 -1.38444e-19)
(1.34191 0.463703 2.45593e-19)
(1.34841 0.455421 -1.79438e-19)
(0.229586 0.074612 -2.0505e-19)
(0.571392 0.202718 1.95836e-19)
(0.825092 0.315541 -1.41351e-19)
(1.00902 0.401307 1.06544e-18)
(1.13708 0.459223 5.25824e-19)
(1.22172 0.493028 -1.21913e-19)
(1.27409 0.507671 4.10712e-19)
(1.30345 0.508499 -2.7025e-19)
(1.31688 0.500957 -7.52862e-20)
(1.32028 0.486799 4.93964e-19)
(0.240435 0.0975683 -3.54914e-19)
(0.587355 0.252731 4.51646e-19)
(0.836772 0.376931 -8.88607e-19)
(1.01185 0.464233 1.24791e-19)
(1.12966 0.51799 2.7886e-19)
(1.20468 0.544843 -4.27647e-19)
(1.24914 0.551725 -4.97905e-19)
(1.27272 0.545172 2.18552e-19)
(1.28252 0.531184 -2.63161e-19)
(1.28453 0.511755 3.15935e-19)
(0.246311 0.121012 -8.96742e-20)
(0.591872 0.301725 -4.59564e-19)
(0.833754 0.434707 2.5425e-19)
(0.999029 0.521159 4.2636e-19)
(1.10725 0.569097 -2.564e-19)
(1.17428 0.588156 -1.91023e-19)
(1.21287 0.587119 -1.04298e-19)
(1.23273 0.573485 -5.15611e-20)
(1.24077 0.553598 1.0786e-20)
(1.24291 0.52972 1.07505e-19)
(0.246758 0.143785 6.58179e-20)
(0.584617 0.347278 -3.85616e-19)
(0.816339 0.486098 6.43161e-19)
(0.971581 0.569494 -3.81065e-19)
(1.07145 0.610386 1.06474e-19)
(1.13247 0.621291 -1.5105e-19)
(1.16741 0.612602 1.62612e-19)
(1.18559 0.592496 3.11445e-20)
(1.19356 0.567431 -7.80209e-20)
(1.19711 0.540022 1.51536e-19)
(0.241593 0.164635 -1.73024e-19)
(0.565832 0.386974 3.3803e-19)
(0.785448 0.528508 -1.52034e-20)
(0.931025 0.60695 -7.32214e-20)
(1.02419 0.640034 -2.01307e-19)
(1.08145 0.642882 2.48045e-20)
(1.11501 0.627184 6.15387e-20)
(1.1335 0.601458 -1.51527e-19)
(1.14302 0.571983 1.76975e-19)
(1.1492 0.541879 1.50331e-19)
(0.230935 0.18231 3.84247e-20)
(0.536325 0.418562 -8.09266e-20)
(0.742531 0.559669 2.42489e-20)
(0.879239 0.631621 1.24378e-20)
(0.967553 0.656554 7.79819e-20)
(1.02334 0.651785 -1.44071e-19)
(1.05788 0.629967 -3.01357e-19)
(1.07891 0.599657 -1.22932e-19)
(1.09213 0.566623 -1.57126e-19)
(1.10255 0.534701 1.33131e-19)
(0.21523 0.195653 1.1079e-19)
(0.49743 0.44013 -1.71726e-19)
(0.689467 0.577805 1.65751e-19)
(0.818263 0.64211 -3.14838e-19)
(0.903421 0.658818 7.63865e-20)
(0.959695 0.646834 5.16207e-19)
(0.997277 0.619363 -1.58296e-19)
(1.02316 0.584703 1.88174e-19)
(1.04271 0.548005 2.75482e-19)
(1.05903 0.515028 1.002e-18)
(0.195249 0.203726 6.80467e-19)
(0.450967 0.450295 -4.63023e-19)
(0.628513 0.581864 1.12683e-18)
(0.750268 0.637905 -1.92984e-19)
(0.833389 0.646759 9.66779e-19)
(0.891057 0.628052 6.06549e-19)
(0.93231 0.594737 -1.42499e-18)
(0.96357 0.553881 2.16353e-18)
(0.989456 0.507899 -4.57216e-19)
(1.00632 0.461007 8.99682e-19)
(0.17205 0.205874 -3.75362e-19)
(0.399204 0.448254 -2.67608e-19)
(0.562391 0.571529 2.58805e-19)
(0.677928 0.619481 -6.41015e-19)
(0.759661 0.622009 -2.00217e-18)
(0.818699 0.598991 -8.05202e-19)
(0.862692 0.563188 -7.25752e-19)
(0.897113 0.521741 3.51223e-19)
(0.925116 0.478159 2.92727e-18)
(0.942605 0.437392 -6.0891e-19)
(0.146894 0.201721 1.97538e-19)
(0.344727 0.433649 -7.99431e-19)
(0.494241 0.546774 1.75834e-19)
(0.604666 0.587133 -1.28048e-18)
(0.686058 0.585016 2.80349e-18)
(0.747292 0.559929 -3.24926e-19)
(0.794583 0.52408 1.52765e-18)
(0.832423 0.484257 -2.18836e-18)
(0.863341 0.443962 6.8654e-19)
(0.884648 0.407477 1.06207e-19)
(0.121118 0.191156 1.4562e-19)
(0.290163 0.40655 8.81731e-19)
(0.427119 0.507894 -2.58996e-18)
(0.533587 0.541229 1.26029e-18)
(0.615632 0.535983 -4.16097e-21)
(0.679887 0.510616 -4.25288e-19)
(0.731204 0.47643 5.35228e-19)
(0.773235 0.439624 -5.31935e-19)
(0.808165 0.403351 -1.82851e-18)
(0.834247 0.370865 -5.01007e-19)
(0.0960486 0.174334 4.76481e-19)
(0.238033 0.367474 5.34623e-19)
(0.363854 0.455615 2.20822e-18)
(0.467419 0.482513 -1.22845e-18)
(0.550831 0.4755 2.53214e-18)
(0.618565 0.451352 -5.45427e-19)
(0.674213 0.420139 -5.76535e-19)
(0.720699 0.387299 6.81308e-19)
(0.759931 0.355515 4.4421e-19)
(0.790869 0.327125 1.6106e-18)
(0.0729448 0.15167 -4.83561e-19)
(0.190664 0.317377 1.57842e-19)
(0.306988 0.391111 4.26869e-20)
(0.408535 0.412151 1.25235e-18)
(0.493702 0.404589 -3.12608e-18)
(0.56499 0.382954 5.31054e-19)
(0.624864 0.355821 1.17263e-18)
(0.675617 0.327751 -1.41765e-18)
(0.718933 0.300911 4.99431e-19)
(0.754394 0.276898 -2.31789e-18)
(0.0529469 0.123826 1.0305e-19)
(0.150114 0.257626 5.55921e-19)
(0.258722 0.315974 2.16217e-19)
(0.358945 0.331692 2.93022e-19)
(0.445941 0.324635 5.61475e-19)
(0.520504 0.306609 1.67169e-18)
(0.584154 0.284488 -2.04677e-18)
(0.638655 0.261882 -1.1528e-18)
(0.685522 0.240441 1.9104e-19)
(0.724903 0.221195 1.50299e-18)
(0.0370318 0.0916908 -6.23152e-19)
(0.118111 0.189953 -7.41314e-20)
(0.220874 0.23216 -6.20981e-19)
(0.320288 0.243022 8.8437e-20)
(0.408909 0.237333 -5.31594e-19)
(0.486184 0.2238 -6.0691e-19)
(0.55289 0.207442 -9.04451e-19)
(0.610384 0.190868 2.43725e-18)
(0.660066 0.175233 4.20486e-19)
(0.702561 0.161149 -6.40957e-19)
(0.0259729 0.0563424 3.35847e-19)
(0.0960029 0.116392 4.43912e-19)
(0.194847 0.141927 1.74894e-19)
(0.293812 0.148292 -9.43904e-19)
(0.38364 0.144614 -4.3943e-19)
(0.462844 0.136227 -9.46241e-20)
(0.531693 0.126185 1.84898e-19)
(0.591264 0.116066 1.48465e-19)
(0.642892 0.106552 -1.14804e-18)
(0.687548 0.0979587 6.58768e-19)
(0.0203063 0.0190052 -1.74895e-19)
(0.084714 0.0392056 -1.98972e-19)
(0.181592 0.0477521 1.58584e-19)
(0.280361 0.0498478 1.40795e-19)
(0.37083 0.0485768 1.44295e-19)
(0.451036 0.0457361 2.20676e-19)
(0.520987 0.0423509 -1.16023e-20)
(0.581621 0.0389484 -2.89467e-19)
(0.634242 0.0357543 2.74962e-19)
(0.680003 0.0328653 -4.13693e-19)
(0.0203063 -0.0190052 -1.76045e-19)
(0.084714 -0.0392055 -1.89616e-19)
(0.181592 -0.047752 1.74745e-19)
(0.280361 -0.0498476 3.42135e-19)
(0.37083 -0.0485767 2.27968e-19)
(0.451036 -0.045736 -3.00378e-19)
(0.520987 -0.0423507 -1.63223e-19)
(0.581621 -0.0389483 7.11807e-20)
(0.634242 -0.0357542 1.60033e-19)
(0.680003 -0.0328652 -9.52973e-20)
(0.0259729 -0.0563424 4.20122e-19)
(0.0960029 -0.116392 -5.3393e-19)
(0.194847 -0.141927 -4.44096e-20)
(0.293812 -0.148292 2.95834e-19)
(0.38364 -0.144613 -1.33752e-18)
(0.462844 -0.136226 5.71509e-19)
(0.531693 -0.126185 5.8996e-19)
(0.591264 -0.116066 -6.96475e-19)
(0.642892 -0.106552 6.653e-19)
(0.687548 -0.0979586 -2.92006e-19)
(0.0370318 -0.0916908 -7.2636e-20)
(0.118111 -0.189953 -9.26707e-21)
(0.220874 -0.23216 -1.44219e-18)
(0.320288 -0.243022 -4.58788e-19)
(0.408909 -0.237333 -4.83723e-20)
(0.486184 -0.2238 -7.54748e-19)
(0.55289 -0.207442 1.40629e-18)
(0.610384 -0.190868 -4.9421e-20)
(0.660066 -0.175233 8.03024e-19)
(0.702561 -0.161149 -7.06085e-19)
(0.0529468 -0.123826 1.22673e-19)
(0.150114 -0.257626 -5.67947e-19)
(0.258722 -0.315974 1.74758e-18)
(0.358945 -0.331692 2.47299e-19)
(0.445941 -0.324635 1.21578e-18)
(0.520504 -0.306609 -1.18859e-18)
(0.584154 -0.284488 1.24778e-18)
(0.638655 -0.261882 -8.99615e-19)
(0.685522 -0.240441 -3.95066e-19)
(0.724903 -0.221195 3.35616e-19)
(0.0729448 -0.15167 1.09541e-18)
(0.190664 -0.317376 2.80494e-21)
(0.306988 -0.391111 -1.84179e-18)
(0.408535 -0.412151 -5.3436e-19)
(0.493702 -0.404588 1.77429e-18)
(0.56499 -0.382953 -1.03984e-18)
(0.624864 -0.35582 -1.2038e-18)
(0.675617 -0.327751 1.08312e-18)
(0.718933 -0.30091 -7.37383e-19)
(0.754394 -0.276898 -1.58975e-19)
(0.0960486 -0.174334 -1.63517e-19)
(0.238033 -0.367474 -7.75594e-21)
(0.363854 -0.455615 1.99879e-18)
(0.467419 -0.482513 1.14608e-18)
(0.550831 -0.4755 -1.35151e-18)
(0.618565 -0.451352 1.63639e-18)
(0.674213 -0.420139 -1.77566e-18)
(0.720699 -0.387299 1.76701e-19)
(0.759931 -0.355514 5.28881e-19)
(0.790869 -0.327125 1.22378e-18)
(0.121118 -0.191156 1.8744e-19)
(0.290163 -0.40655 3.01847e-19)
(0.427119 -0.507894 3.28341e-19)
(0.533587 -0.541229 -1.05559e-18)
(0.615632 -0.535982 -1.8803e-18)
(0.679887 -0.510616 3.95966e-19)
(0.731204 -0.476429 1.14585e-18)
(0.773235 -0.439624 -3.27996e-19)
(0.808164 -0.403351 1.97471e-18)
(0.834247 -0.370865 -1.92479e-18)
(0.146894 -0.201721 -1.06107e-18)
(0.344727 -0.433649 4.07729e-19)
(0.494241 -0.546774 -1.10094e-18)
(0.604666 -0.587133 1.77982e-18)
(0.686058 -0.585016 8.89985e-19)
(0.747292 -0.559929 1.25656e-18)
(0.794583 -0.52408 -2.90795e-19)
(0.832423 -0.484257 1.14574e-18)
(0.863341 -0.443962 -2.42576e-18)
(0.884648 -0.407477 -6.32412e-19)
(0.17205 -0.205874 6.24626e-20)
(0.399204 -0.448254 -7.12844e-19)
(0.562391 -0.571529 -1.14141e-18)
(0.677928 -0.619481 -4.83608e-19)
(0.759661 -0.622009 -1.3666e-18)
(0.818699 -0.598991 -1.38992e-19)
(0.862692 -0.563188 1.18832e-19)
(0.897113 -0.521741 -5.34021e-19)
(0.925116 -0.478159 -5.96801e-19)
(0.942605 -0.437392 1.57391e-18)
(0.195249 -0.203726 3.35421e-19)
(0.450967 -0.450295 4.68419e-19)
(0.628513 -0.581864 8.39159e-19)
(0.750268 -0.637905 3.72161e-20)
(0.833389 -0.646758 5.59895e-19)
(0.891057 -0.628052 -7.66695e-19)
(0.93231 -0.594737 2.3408e-18)
(0.96357 -0.55388 -1.03351e-18)
(0.989456 -0.507899 -5.07574e-19)
(1.00632 -0.461007 -1.53054e-18)
(0.21523 -0.195653 -1.32116e-19)
(0.497429 -0.44013 2.33407e-19)
(0.689467 -0.577805 -2.39183e-19)
(0.818262 -0.64211 1.28948e-19)
(0.903421 -0.658818 -1.5238e-19)
(0.959695 -0.646834 -3.90807e-19)
(0.997277 -0.619363 5.14086e-19)
(1.02316 -0.584703 -1.68155e-19)
(1.04271 -0.548005 2.60875e-19)
(1.05903 -0.515028 -5.69263e-19)
(0.230935 -0.18231 -7.39352e-21)
(0.536325 -0.418561 -1.06458e-19)
(0.742531 -0.559669 2.11669e-20)
(0.879238 -0.631621 1.44577e-19)
(0.967553 -0.656554 -6.53302e-20)
(1.02334 -0.651785 1.75389e-20)
(1.05788 -0.629967 -1.719e-20)
(1.07891 -0.599657 -3.83372e-19)
(1.09213 -0.566623 -1.77961e-19)
(1.10255 -0.534701 -5.59997e-19)
(0.241593 -0.164635 -9.61275e-20)
(0.565832 -0.386974 3.3923e-19)
(0.785448 -0.528508 -2.1075e-19)
(0.931025 -0.60695 -7.5949e-20)
(1.02419 -0.640034 3.39053e-20)
(1.08145 -0.642882 7.15274e-20)
(1.11501 -0.627183 -7.0245e-21)
(1.1335 -0.601458 2.92472e-19)
(1.14302 -0.571983 -2.52731e-19)
(1.1492 -0.541879 -3.58099e-21)
(0.246758 -0.143785 -2.36703e-19)
(0.584617 -0.347278 -1.48236e-19)
(0.816339 -0.486098 -3.68092e-19)
(0.971581 -0.569494 4.18717e-19)
(1.07145 -0.610386 -3.07019e-20)
(1.13247 -0.621291 1.36098e-19)
(1.16741 -0.612602 1.53584e-19)
(1.18559 -0.592496 -5.58703e-20)
(1.19356 -0.567431 5.05062e-20)
(1.19711 -0.540022 -1.59906e-19)
(0.246311 -0.121012 -1.61016e-19)
(0.591872 -0.301725 -2.06831e-19)
(0.833754 -0.434707 3.11654e-19)
(0.999029 -0.521159 -4.68251e-19)
(1.10725 -0.569097 8.22568e-20)
(1.17428 -0.588156 4.1573e-20)
(1.21287 -0.587119 9.19864e-20)
(1.23273 -0.573484 -6.04727e-20)
(1.24077 -0.553598 -7.242e-20)
(1.24291 -0.52972 -2.35859e-19)
(0.240435 -0.0975683 6.71294e-19)
(0.587355 -0.252731 -5.25368e-19)
(0.836772 -0.376931 2.45462e-20)
(1.01185 -0.464233 -6.73192e-19)
(1.12966 -0.51799 -1.95425e-19)
(1.20468 -0.544843 1.56342e-19)
(1.24914 -0.551725 1.14542e-19)
(1.27272 -0.545172 -3.82058e-19)
(1.28252 -0.531184 1.67681e-19)
(1.28453 -0.511755 -3.02422e-19)
(0.229586 -0.074612 3.33146e-19)
(0.571392 -0.202718 -3.29717e-19)
(0.825092 -0.315541 1.18316e-18)
(1.00902 -0.401307 9.43455e-20)
(1.13708 -0.459222 2.68321e-19)
(1.22172 -0.493027 9.57145e-19)
(1.27409 -0.507671 -1.98961e-19)
(1.30345 -0.508499 4.83132e-20)
(1.31688 -0.500956 -2.84392e-20)
(1.32028 -0.486799 -4.95281e-20)
(0.214444 -0.0531504 2.56804e-19)
(0.54485 -0.15397 5.83526e-19)
(0.799063 -0.253335 -5.94774e-19)
(0.990133 -0.335148 -1.8066e-19)
(1.12837 -0.395217 -1.91266e-19)
(1.22372 -0.434653 3.76542e-19)
(1.28574 -0.456425 -1.77681e-19)
(1.32289 -0.464539 4.1893e-19)
(1.34191 -0.463703 1.00803e-19)
(1.34841 -0.455421 -1.77283e-19)
(0.195856 -0.0339917 -2.77401e-19)
(0.509069 -0.10851 2.57422e-19)
(0.759688 -0.192985 -5.2849e-19)
(0.955467 -0.268575 2.21265e-19)
(1.10299 -0.328579 -2.21761e-19)
(1.20943 -0.371907 -2.63695e-19)
(1.28239 -0.399693 -2.04601e-19)
(1.3291 -0.414557 2.25737e-19)
(1.35567 -0.42033 -3.92355e-19)
(1.36714 -0.418232 2.48385e-19)
(0.174775 -0.017719 -1.03925e-19)
(0.465772 -0.0680015 -2.03935e-19)
(0.708577 -0.1369 9.59351e-20)
(0.906006 -0.204326 7.08307e-21)
(1.0611 -0.262007 7.63527e-20)
(1.17821 -0.307192 1.09396e-19)
(1.26274 -0.339451 9.31487e-20)
(1.32037 -0.360077 -1.26029e-19)
(1.35627 -0.371952 1.02735e-19)
(1.37464 -0.375987 -1.62284e-19)
(0.152191 -0.00468204 -6.54857e-20)
(0.416945 -0.0336823 -2.63952e-20)
(0.647852 -0.0871018 9.83491e-20)
(0.84343 -0.144924 -4.43695e-20)
(1.0036 -0.198186 1.2417e-19)
(1.13007 -0.243068 -1.5695e-19)
(1.22601 -0.277938 4.03215e-20)
(1.29535 -0.302935 3.46031e-20)
(1.34201 -0.31998 -1.23614e-20)
(1.36911 -0.329676 5.67345e-20)
(0.129071 0.00499455 -7.85607e-20)
(0.3647 -0.00632852 -3.33061e-19)
(0.580014 -0.0451371 -2.68241e-20)
(0.770037 -0.092543 1.07068e-20)
(0.932157 -0.139656 -4.61988e-19)
(1.06583 -0.182158 4.87855e-20)
(1.17213 -0.217628 -5.16873e-20)
(1.25319 -0.245301 -1.40585e-19)
(1.3115 -0.266204 3.11068e-19)
(1.34885 -0.280637 -5.65929e-19)
(0.106293 0.0113861 -4.45383e-20)
(0.31114 0.0137427 7.14362e-19)
(0.507779 -0.0120121 9.52788e-20)
(0.688607 -0.0488896 -6.45309e-19)
(0.849157 -0.0886662 -7.72717e-20)
(0.987141 -0.127018 -7.27701e-19)
(1.10185 -0.161148 5.65834e-19)
(1.19374 -0.189675 -2.29656e-19)
(1.26384 -0.212847 4.35297e-19)
(1.31249 -0.230667 -3.84018e-19)
(0.0846109 0.0147325 -2.51895e-19)
(0.258228 0.0266431 2.93296e-19)
(0.433899 0.0118353 -2.04868e-19)
(0.602223 -0.015101 1.41611e-18)
(0.757548 -0.0470194 7.49592e-19)
(0.89641 -0.0799696 -1.96286e-19)
(1.01678 -0.111131 7.63239e-19)
(1.11772 -0.138798 -4.99033e-19)
(1.19888 -0.162564 -1.60482e-19)
(1.25919 -0.182097 1.1595e-18)
(0.0646184 0.0153976 -4.65666e-19)
(0.207682 0.0328631 6.95265e-19)
(0.360982 0.0265371 -1.31852e-18)
(0.514052 0.00833829 2.28231e-19)
(0.660652 -0.0159069 5.69047e-19)
(0.7967 -0.0428758 -7.15097e-19)
(0.919359 -0.0699944 -1.26652e-18)
(1.02673 -0.0954718 6.7896e-19)
(1.11735 -0.118343 -8.83e-19)
(1.18884 -0.137793 1.41308e-18)
(0.0467451 0.0138316 -1.15116e-19)
(0.16091 0.0332167 -6.99804e-19)
(0.291339 0.03278 3.45452e-19)
(0.427113 0.0216645 8.64151e-19)
(0.561882 0.00426148 -4.6418e-19)
(0.691439 -0.0168806 -4.58076e-19)
(0.812661 -0.0396131 -7.76646e-19)
(0.923198 -0.0622304 -3.55877e-19)
(1.02086 -0.0832296 -8.54663e-20)
(1.10226 -0.100992 1.4122e-18)
(0.0312702 0.0105458 1.93283e-19)
(0.118976 0.0287937 -9.50651e-19)
(0.226869 0.0317842 1.62604e-18)
(0.344062 0.0258912 -9.05438e-19)
(0.464445 0.0140392 5.86631e-19)
(0.584059 -0.0020764 -7.29946e-19)
(0.699966 -0.0208544 8.12984e-19)
(0.809928 -0.0407969 7.10026e-19)
(0.911575 -0.0598094 1.55132e-18)
(1.0009 -0.0748786 -2.56469e-18)
(0.018352 0.00610193 -6.00579e-19)
(0.0826125 0.0209185 1.20597e-18)
(0.169007 0.0252636 1.60936e-20)
(0.267054 0.0228309 -4.34377e-19)
(0.371087 0.0151006 -2.30674e-19)
(0.477614 0.00286554 1.84367e-19)
(0.584238 -0.0129434 -1.30891e-18)
(0.689404 -0.0312142 1.01126e-18)
(0.791331 -0.0492644 -1.30332e-18)
(0.886039 -0.0617497 -5.94913e-19)
(0.00806019 0.00110793 1.03348e-18)
(0.05226 0.011093 -3.22396e-19)
(0.118756 0.0153294 -6.04767e-19)
(0.197748 0.0150187 1.64252e-18)
(0.284048 0.0102792 -1.61347e-18)
(0.374602 0.000971723 9.01466e-19)
(0.467604 -0.0128154 9.601e-19)
(0.562486 -0.0307704 2.62725e-19)
(0.658901 -0.0501774 2.7325e-19)
(0.754557 -0.0623405 -3.87624e-19)
(0.000388677 -0.00380852 -9.88385e-19)
(0.0281179 0.000874407 9.39445e-19)
(0.0768093 0.00427281 -8.31374e-19)
(0.137563 0.00546137 1.04308e-18)
(0.205553 0.00344233 -3.11632e-19)
(0.277819 -0.00270796 -1.0823e-18)
(0.352527 -0.013726 3.10374e-19)
(0.429273 -0.0305534 -5.12089e-19)
(0.509035 -0.0524536 -6.06525e-19)
(0.594169 -0.069454 -1.8922e-18)
(-0.00477046 -0.00808577 -1.23468e-18)
(0.0101469 -0.00838452 9.81589e-19)
(0.0436435 -0.00593788 -1.92323e-18)
(0.0879959 -0.00320914 3.43906e-19)
(0.138749 -0.00175695 -1.33239e-18)
(0.192804 -0.002543 -7.99098e-19)
(0.247586 -0.00588957 1.91233e-18)
(0.301159 -0.0120155 -2.61443e-18)
(0.352881 -0.0215155 5.03223e-19)
(0.400027 -0.0302482 -8.28661e-19)
(-0.00768223 -0.0113475 6.08183e-19)
(-0.00204467 -0.015839 2.57329e-19)
(0.0192553 -0.0143225 -7.65389e-20)
(0.0500644 -0.0103001 7.30846e-19)
(0.0867017 -0.00565935 2.14607e-18)
(0.126594 -0.00136016 7.40701e-19)
(0.167732 0.00240701 7.65346e-19)
(0.208919 0.00569213 -2.64639e-19)
(0.250232 0.00783833 -2.46851e-18)
(0.289113 0.00926191 6.2604e-19)
(-0.00878373 -0.0134241 -1.71696e-19)
(-0.00932803 -0.0210859 5.46474e-19)
(0.00264607 -0.0205022 -1.43157e-19)
(0.0227355 -0.0158174 1.0108e-18)
(0.0481732 -0.00920563 -2.33705e-18)
(0.0770137 -0.00182633 1.98369e-19)
(0.107829 0.00579387 -1.11226e-18)
(0.139842 0.0132482 1.63666e-18)
(0.172875 0.0195725 -4.78384e-19)
(0.204272 0.024079 -6.83585e-20)
(-0.0085878 -0.014304 -1.16884e-19)
(-0.0128317 -0.0240055 -6.57198e-19)
(-0.00771334 -0.0243086 1.6528e-18)
(0.00407927 -0.0196268 -8.71447e-19)
(0.0206595 -0.0123268 6.12483e-20)
(0.0406175 -0.00378474 2.79662e-19)
(0.0629138 0.00513198 -2.55578e-19)
(0.0869286 0.0136318 3.32159e-19)
(0.112249 0.0206139 1.15097e-18)
(0.136672 0.025282 3.01186e-19)
(-0.00758375 -0.0140743 -2.62164e-19)
(-0.0136957 -0.0246648 -2.91599e-19)
(-0.0134291 -0.0257004 -1.29432e-18)
(-0.00792072 -0.0215113 6.89177e-19)
(0.00173554 -0.014492 -1.4215e-18)
(0.0145785 -0.00611546 3.22934e-19)
(0.0298492 0.00258959 3.63117e-19)
(0.0470083 0.010714 -3.8374e-19)
(0.0655389 0.0172482 -2.48272e-19)
(0.0837984 0.0214695 -1.1158e-18)
(-0.00618704 -0.0128747 2.04798e-19)
(-0.0129399 -0.0232572 -4.81726e-20)
(-0.0159822 -0.0247662 9.78717e-22)
(-0.0151343 -0.0213425 -6.21997e-19)
(-0.0108146 -0.0152249 1.57456e-18)
(-0.00361589 -0.00783525 -2.45593e-19)
(0.00591807 -0.000196285 -6.12885e-19)
(0.0173136 0.00683851 7.50144e-19)
(0.0300351 0.0124518 -2.63614e-19)
(0.042923 0.0160461 1.45709e-18)
(-0.00472402 -0.0108679 -3.84394e-20)
(-0.0114033 -0.0200601 -2.25368e-19)
(-0.0166177 -0.0217187 -8.89465e-20)
(-0.0191361 -0.0191489 -1.13633e-19)
(-0.018832 -0.0142672 -2.44308e-19)
(-0.0160035 -0.00831135 -7.67215e-19)
(-0.0110228 -0.00217603 9.59691e-19)
(-0.00429657 0.00342969 5.60606e-19)
(0.00366267 0.00789604 -1.00427e-19)
(0.012063 0.0107639 -8.93743e-19)
(-0.00343574 -0.00822483 2.18285e-19)
(-0.00972805 -0.0154094 3.81455e-20)
(-0.0163014 -0.0168859 2.582e-19)
(-0.0211435 -0.0151399 -2.9552e-20)
(-0.0237175 -0.011633 2.3511e-19)
(-0.0240981 -0.00731657 2.65259e-19)
(-0.0225237 -0.00287662 3.97675e-19)
(-0.0193385 0.0011641 -1.12655e-18)
(-0.0150202 0.00438881 -2.07925e-19)
(-0.0101031 0.00647391 3.72645e-19)
(-0.00248969 -0.00512127 -1.10222e-19)
(-0.00837064 -0.00968536 -1.56659e-19)
(-0.0157251 -0.0106973 -7.53631e-20)
(-0.022025 -0.00969712 3.6861e-19)
(-0.0264593 -0.00759787 1.78924e-19)
(-0.0289517 -0.00499639 3.66934e-20)
(-0.0296475 -0.00232099 -7.95541e-20)
(-0.0288423 0.000110022 -6.1712e-20)
(-0.0269847 0.00205493 5.29711e-19)
(-0.0244468 0.00332127 -3.60773e-19)
(-0.00199122 -0.00173833 5.61898e-20)
(-0.00762155 -0.00330249 6.99161e-20)
(-0.01533 -0.00366173 -5.96168e-20)
(-0.0223323 -0.00333738 -5.45288e-20)
(-0.0276803 -0.00263972 -5.65381e-20)
(-0.0312213 -0.00177187 -9.02154e-20)
(-0.0330527 -0.000879228 2.89767e-21)
(-0.0334436 -6.84874e-05 1.25173e-19)
(-0.0328262 0.000581224 -1.25683e-19)
(-0.0314952 0.00100602 2.2867e-19)
(-0.00813528 -0.00258533 1.65342e-20)
(0.0621198 -0.00662736 9.88733e-21)
(0.277546 -0.0067112 1.33751e-21)
(0.376952 -0.00438947 -9.02382e-22)
(0.479665 -0.00368196 -6.35421e-23)
(0.553542 -0.00263724 1.48035e-22)
(0.606039 -0.00218243 1.66295e-22)
(0.66033 -0.00157794 -3.39864e-23)
(0.683565 -0.00146242 -2.49109e-24)
(0.733787 -0.00101033 2.43897e-22)
(0.00866425 -0.00806004 2.62203e-20)
(0.077374 -0.0197194 1.25331e-21)
(0.289036 -0.0199773 -1.74797e-20)
(0.385708 -0.0130647 1.4044e-20)
(0.486373 -0.0109685 8.87106e-22)
(0.558777 -0.00786155 -5.93999e-22)
(0.61031 -0.00651065 6.88588e-22)
(0.66369 -0.00471065 6.96535e-23)
(0.686498 -0.00436555 1.39997e-22)
(0.73601 -0.00301603 -2.23508e-22)
(0.0419687 -0.0144151 2.68567e-20)
(0.107408 -0.0323305 -3.61023e-20)
(0.31159 -0.0327844 1.78688e-20)
(0.402909 -0.0214392 -1.16341e-20)
(0.499555 -0.0180278 8.28177e-22)
(0.56908 -0.0129344 -6.45384e-22)
(0.618727 -0.0107239 -2.56744e-22)
(0.670322 -0.00776369 8.20352e-25)
(0.692295 -0.00720285 -1.07213e-22)
(0.740416 -0.00498218 -3.26307e-22)
(0.0911763 -0.0221286 -4.16264e-20)
(0.151301 -0.0441613 -5.01134e-20)
(0.344376 -0.0448474 -2.31228e-20)
(0.427948 -0.0293294 1.21274e-20)
(0.518761 -0.0247201 -1.45353e-20)
(0.584127 -0.0177623 3.84395e-21)
(0.631046 -0.0147505 -2.08809e-22)
(0.680056 -0.0106873 1.20741e-22)
(0.700825 -0.00993275 -1.28865e-22)
(0.746922 -0.00688344 1.21105e-22)
(0.155356 -0.0314736 1.15127e-19)
(0.207725 -0.0549243 7.22383e-20)
(0.386207 -0.0559028 2.59796e-20)
(0.459957 -0.0365732 -2.35669e-20)
(0.543344 -0.0309213 1.19313e-20)
(0.603453 -0.0222625 3.15991e-21)
(0.646917 -0.0185264 2.20877e-21)
(0.692646 -0.0134364 2.39112e-22)
(0.711895 -0.012517 2.8629e-22)
(0.755409 -0.00869607 -6.42614e-22)
(0.233227 -0.0423773 -5.08261e-20)
(0.275004 -0.0643043 3.90004e-20)
(0.435603 -0.0656971 4.82048e-21)
(0.497856 -0.0430272 2.62826e-20)
(0.572502 -0.0365246 -5.946e-21)
(0.626476 -0.0263646 -3.6825e-21)
(0.6659 -0.0219962 -2.28159e-21)
(0.70778 -0.0159724 -1.47331e-22)
(0.725263 -0.0149218 -1.55432e-22)
(0.765725 -0.0103984 6.89439e-22)
(0.32316 -0.0545597 -3.86774e-20)
(0.351168 -0.072037 -1.00778e-19)
(0.490867 -0.0740274 -1.70463e-20)
(0.540408 -0.0485756 -1.4638e-20)
(0.60532 -0.0414475 6.97145e-21)
(0.652532 -0.030013 -1.94169e-21)
(0.687489 -0.0251159 2.45466e-21)
(0.725097 -0.0182634 4.49311e-22)
(0.740641 -0.0171188 -4.65448e-23)
(0.777685 -0.011971 2.65472e-22)
(0.423221 -0.0682913 1.12702e-19)
(0.434016 -0.0784147 2.52652e-20)
(0.550173 -0.0809701 6.89995e-20)
(0.586291 -0.0532209 -4.01291e-20)
(0.640819 -0.0456694 1.19561e-20)
(0.680901 -0.0331823 -8.14444e-21)
(0.711131 -0.027859 -3.53174e-21)
(0.744198 -0.0202865 -4.76494e-22)
(0.757712 -0.0190879 -4.47683e-22)
(0.791083 -0.0133953 3.81347e-22)
(0.531156 -0.0834146 -1.42358e-19)
(0.521206 -0.084381 -2.21954e-20)
(0.611684 -0.0869389 -5.72939e-20)
(0.634174 -0.0571884 4.79456e-20)
(0.678009 -0.0492597 -1.49712e-20)
(0.710848 -0.035896 6.39712e-21)
(0.736256 -0.0302233 3.99331e-21)
(0.764664 -0.0220325 -7.74036e-23)
(0.776139 -0.0208151 3.01891e-22)
(0.80569 -0.0146572 -8.05238e-22)
(0.644402 -0.0912975 -1.00105e-19)
(0.610253 -0.0876772 -1.11941e-19)
(0.673647 -0.0910345 1.54188e-20)
(0.682793 -0.0603634 -2.57617e-20)
(0.715943 -0.0521219 -2.25578e-20)
(0.741658 -0.0381432 -4.88919e-21)
(0.762299 -0.032193 1.02703e-21)
(0.786074 -0.0235054 -7.46221e-22)
(0.795576 -0.0222792 2.21133e-22)
(0.821268 -0.0157652 3.67827e-22)
(1.02788 -0.0577081 0)
(0.905511 -0.0718407 0)
(0.883014 -0.0906613 0)
(0.852299 -0.0655403 0)
(0.851366 -0.0582968 0)
(0.854003 -0.0440748 0)
(0.85862 -0.037693 0)
(0.866014 -0.0278829 0)
(0.868266 -0.0265157 0)
(0.879414 -0.0192777 0)
(1.30372 0.0030259 0)
(1.20182 -0.0230603 0)
(1.13726 -0.0495322 0)
(1.08335 -0.0481717 0)
(1.053 -0.045641 0)
(1.03018 -0.037411 0)
(1.01633 -0.0329573 0)
(1.00243 -0.025832 0)
(0.995506 -0.0242135 0)
(0.985617 -0.01926 0)
(1.30368 0.0553803 0)
(1.25701 0.00742694 0)
(1.2094 -0.0227702 0)
(1.1684 -0.030293 0)
(1.14224 -0.0305861 0)
(1.11865 -0.0262763 0)
(1.10397 -0.0235664 0)
(1.08501 -0.0192071 0)
(1.07719 -0.0177899 0)
(1.0595 -0.0152872 0)
(1.24303 0.0496248 0)
(1.22609 0.00601333 0)
(1.19765 -0.0161782 0)
(1.1711 -0.0219118 0)
(1.15446 -0.0216101 0)
(1.1373 -0.0185805 0)
(1.12771 -0.0163324 0)
(1.11228 -0.0134797 0)
(1.10732 -0.0120315 0)
(1.09155 -0.0109566 0)
(1.17793 0.043437 0)
(1.17676 0.00606752 0)
(1.16171 -0.0107898 0)
(1.1448 -0.0152421 0)
(1.13457 -0.0151891 0)
(1.12293 -0.0133576 0)
(1.11743 -0.0115666 0)
(1.10683 -0.00963356 0)
(1.10437 -0.0082255 0)
(1.09337 -0.00772972 0)
(1.12945 0.0340671 0)
(1.13513 0.00586996 0)
(1.12763 -0.00700741 0)
(1.11595 -0.0106783 0)
(1.10864 -0.0109723 0)
(1.10012 -0.00998584 0)
(1.09652 -0.00861568 0)
(1.08922 -0.00722467 0)
(1.08789 -0.00598074 0)
(1.08065 -0.00561908 0)
(1.09586 0.0259738 0)
(1.10466 0.00562127 0)
(1.10165 -0.0044198 0)
(1.09294 -0.00755523 0)
(1.08679 -0.00802177 0)
(1.07971 -0.00751905 0)
(1.07663 -0.00652413 0)
(1.07095 -0.00549789 0)
(1.06984 -0.00450806 0)
(1.06451 -0.00416187 0)
(1.07431 0.0179369 0)
(1.08426 0.00445055 0)
(1.08394 -0.00279994 0)
(1.07704 -0.00518299 0)
(1.07133 -0.00558698 0)
(1.06479 -0.00533001 0)
(1.06171 -0.00467032 0)
(1.05657 -0.00395666 0)
(1.05535 -0.00325704 0)
(1.05062 -0.00295735 0)
(1.06144 0.0105709 0)
(1.07179 0.00284164 0)
(1.07309 -0.00156962 0)
(1.06731 -0.00304354 0)
(1.06181 -0.00329196 0)
(1.05542 -0.00317906 0)
(1.05223 -0.00281664 0)
(1.04717 -0.00240444 0)
(1.0458 -0.00199233 0)
(1.04108 -0.00179429 0)
(1.05547 0.00347372 0)
(1.06591 0.000962982 0)
(1.06798 -0.000513388 0)
(1.06274 -0.00100441 0)
(1.05733 -0.00108255 0)
(1.05096 -0.00105324 0)
(1.0477 -0.00094025 0)
(1.0426 -0.000808122 0)
(1.04115 -0.000671843 0)
(1.03633 -0.000604104 0)
(1.41026 0.307508 1.65019e-20)
(1.42207 0.286961 5.88591e-20)
(1.42728 0.263797 -1.25141e-19)
(1.42481 0.238264 -3.88645e-20)
(1.41367 0.210907 2.63689e-19)
(1.39311 0.182635 2.37972e-19)
(1.36271 0.15476 -4.6972e-19)
(1.32243 0.128947 3.47676e-20)
(1.27243 0.107034 -1.33499e-19)
(1.19466 0.0882632 -6.10144e-19)
(1.2764 0.200209 -1.28783e-21)
(1.28889 0.190567 4.85312e-20)
(1.30027 0.180008 -4.49487e-20)
(1.31018 0.16844 9.19095e-20)
(1.31818 0.155763 -1.34888e-19)
(1.3238 0.141908 -3.9176e-20)
(1.32655 0.126875 2.06747e-19)
(1.32596 0.110775 -1.67006e-19)
(1.32211 0.093891 -1.32165e-19)
(1.30817 0.0752137 3.23327e-20)
(1.19559 0.151876 -7.94374e-21)
(1.20612 0.149354 1.5583e-20)
(1.21678 0.146709 -2.1323e-20)
(1.22747 0.143861 -8.8942e-20)
(1.23802 0.140702 1.40968e-19)
(1.24822 0.137093 9.72939e-21)
(1.2578 0.13287 -8.81979e-20)
(1.26642 0.127862 1.48678e-19)
(1.27377 0.121892 1.81314e-20)
(1.27914 0.113974 3.31326e-20)
(1.13262 0.104202 -1.12205e-21)
(1.13968 0.102818 -4.81428e-21)
(1.14698 0.101413 -4.92729e-21)
(1.15453 0.0999983 4.30947e-20)
(1.16232 0.0985781 -5.1211e-20)
(1.17035 0.0971488 2.2742e-20)
(1.17857 0.0956936 -6.68058e-21)
(1.18692 0.094178 -1.93751e-20)
(1.19528 0.0925125 1.11732e-19)
(1.20398 0.0900451 -2.30869e-20)
(1.09409 0.0765685 2.0723e-23)
(1.09913 0.0761872 3.93088e-21)
(1.10433 0.07579 2.84759e-21)
(1.10968 0.075382 1.02291e-20)
(1.1152 0.0749666 2.63578e-20)
(1.12089 0.0745456 -2.63313e-20)
(1.12675 0.0741174 -1.29736e-20)
(1.13275 0.0736731 3.39957e-20)
(1.13891 0.0731573 -3.15671e-20)
(1.14552 0.0721038 -2.62036e-21)
(1.06748 0.0538557 -1.43004e-21)
(1.07113 0.0537098 2.31008e-23)
(1.07488 0.0535516 -1.60838e-21)
(1.07873 0.0533873 6.15853e-21)
(1.08268 0.0532235 -2.5093e-20)
(1.08674 0.0530661 6.68102e-21)
(1.09091 0.0529199 -1.16994e-20)
(1.09519 0.0527842 -1.60771e-20)
(1.09958 0.0526218 1.49743e-21)
(1.10422 0.0521245 8.51348e-21)
(1.05064 0.0378086 -8.37547e-22)
(1.05339 0.0378263 5.43695e-21)
(1.0562 0.0378258 -3.19232e-21)
(1.05904 0.0378098 -4.58122e-22)
(1.06194 0.0377811 1.16905e-20)
(1.06488 0.0377421 3.19299e-21)
(1.06786 0.0376948 1.40262e-20)
(1.07088 0.0376375 -8.44793e-21)
(1.07396 0.0375446 1.83193e-20)
(1.07712 0.0372297 1.49202e-20)
(1.03967 0.0247079 -2.46915e-22)
(1.04184 0.0247464 -2.95004e-22)
(1.04404 0.0247703 2.05575e-21)
(1.04626 0.0247813 -3.52515e-21)
(1.04849 0.0247807 -4.02821e-21)
(1.05073 0.0247698 1.14542e-20)
(1.05299 0.0247492 -7.36305e-21)
(1.05525 0.0247171 5.92373e-21)
(1.05752 0.0246575 -1.8957e-21)
(1.0598 0.0244662 -2.07684e-21)
(1.03325 0.0140693 3.75066e-22)
(1.03508 0.0141092 -3.41323e-21)
(1.03691 0.0141386 1.81282e-21)
(1.03874 0.0141581 7.07051e-21)
(1.04057 0.0141681 -7.46373e-21)
(1.0424 0.0141686 2.46096e-21)
(1.04422 0.0141595 4.35384e-21)
(1.04602 0.0141393 -8.62576e-21)
(1.04781 0.0140998 8.64578e-21)
(1.04957 0.0139896 -2.47853e-21)
(1.03022 0.00452667 -1.02451e-21)
(1.03188 0.00454425 1.93819e-21)
(1.03353 0.00455877 -2.15107e-22)
(1.03518 0.00457001 5.96036e-21)
(1.03682 0.00457768 -1.23688e-21)
(1.03845 0.00458133 1.03796e-21)
(1.04007 0.00458045 -8.3034e-21)
(1.04167 0.00457412 2.38198e-21)
(1.04325 0.0045595 1.48207e-21)
(1.0448 0.00452185 1.02001e-21)
(1.11923 0.39899 -3.37071e-19)
(1.15316 0.395152 -6.91477e-20)
(1.18779 0.391308 -3.47631e-20)
(1.22126 0.386673 -2.96536e-20)
(1.25422 0.380813 -1.60463e-20)
(1.28641 0.373517 -1.37473e-20)
(1.31708 0.364571 2.03111e-20)
(1.34552 0.35373 -4.31422e-20)
(1.37105 0.340749 7.94438e-20)
(1.39292 0.325403 5.71327e-21)
(1.1217 0.249575 1.62827e-20)
(1.13999 0.248411 -8.52451e-20)
(1.15785 0.246537 -5.44031e-20)
(1.17394 0.243866 5.09826e-20)
(1.18938 0.24032 -2.34846e-20)
(1.20473 0.235843 5.75412e-21)
(1.21991 0.230436 -1.32205e-20)
(1.23474 0.224133 1.78833e-20)
(1.24916 0.216978 -1.3767e-20)
(1.26309 0.209002 -1.01812e-20)
(1.10055 0.170162 -6.02898e-21)
(1.11032 0.169568 3.8365e-20)
(1.11964 0.168465 3.61332e-20)
(1.12837 0.167002 1.49172e-20)
(1.13715 0.165285 2.25642e-21)
(1.14626 0.163356 -1.88142e-21)
(1.15566 0.161254 7.49556e-21)
(1.1653 0.159022 -1.06066e-20)
(1.17516 0.156702 5.7468e-21)
(1.18526 0.154319 1.97139e-21)
(1.072 0.114231 3.48822e-21)
(1.07778 0.113752 5.34698e-20)
(1.08342 0.113066 1.79909e-20)
(1.08889 0.112253 -2.86911e-20)
(1.09451 0.111348 5.98133e-21)
(1.10037 0.110352 -3.76737e-21)
(1.10645 0.109266 -4.90929e-21)
(1.11271 0.108096 -1.4283e-21)
(1.11915 0.106854 3.19176e-21)
(1.12578 0.105551 -3.17367e-21)
(1.05121 0.0781245 1.66297e-21)
(1.05516 0.0782504 -2.22089e-20)
(1.05906 0.0782787 1.50996e-20)
(1.06293 0.0782425 8.29873e-21)
(1.06692 0.0781521 -9.66366e-21)
(1.07109 0.0780059 5.37563e-21)
(1.07541 0.0778045 -3.27324e-21)
(1.07987 0.077553 -6.00323e-22)
(1.08447 0.0772582 1.45797e-22)
(1.08921 0.0769277 8.77185e-22)
(1.03605 0.05332 8.82498e-21)
(1.03888 0.0536207 -1.13081e-21)
(1.04173 0.0538428 -1.94928e-20)
(1.0446 0.0540058 4.46006e-21)
(1.04756 0.0541165 -7.30016e-22)
(1.05063 0.054176 1.65555e-21)
(1.05381 0.054187 -4.85632e-21)
(1.05708 0.0541544 -3.26497e-22)
(1.06045 0.0540843 4.97156e-22)
(1.06392 0.0539826 -4.55748e-22)
(1.02627 0.0359481 1.41671e-20)
(1.02845 0.0363244 4.16008e-21)
(1.03068 0.0366432 9.94043e-21)
(1.03295 0.0369159 3.83455e-21)
(1.03527 0.0371476 3.42224e-21)
(1.03767 0.0373399 -4.02786e-22)
(1.04015 0.0374951 6.8953e-23)
(1.04269 0.0376163 -1.01928e-22)
(1.04528 0.0377067 4.52048e-22)
(1.04793 0.0377698 -6.99846e-22)
(1.01995 0.0230161 -1.31405e-21)
(1.02172 0.0233339 -1.40254e-21)
(1.02353 0.0236076 5.92585e-21)
(1.02539 0.0238444 3.25024e-21)
(1.02729 0.0240483 -5.8818e-21)
(1.02925 0.0242214 8.99079e-22)
(1.03126 0.0243658 9.27851e-22)
(1.03331 0.0244841 2.26998e-23)
(1.0354 0.0245789 -9.79722e-23)
(1.03752 0.0246527 1.29399e-23)
(1.01629 0.0128513 -7.30558e-22)
(1.01782 0.0130651 3.66205e-23)
(1.0194 0.0132517 -1.48599e-21)
(1.02102 0.013415 -3.3288e-22)
(1.02267 0.0135579 -2.49509e-22)
(1.02437 0.0136819 2.01251e-21)
(1.02609 0.0137884 -8.0613e-22)
(1.02785 0.0138791 4.86664e-22)
(1.02963 0.0139553 -5.43516e-22)
(1.03144 0.0140183 2.29135e-22)
(1.0146 0.00412318 7.49182e-22)
(1.01603 0.00419308 2.52203e-22)
(1.0175 0.00425313 -3.48757e-23)
(1.019 0.00430516 2.40084e-21)
(1.02054 0.00435052 -8.01001e-22)
(1.0221 0.0043902 -1.63827e-22)
(1.02369 0.00442498 -7.58841e-22)
(1.02531 0.00445555 -2.07303e-22)
(1.02693 0.00448246 7.38757e-22)
(1.02858 0.00450609 -5.44485e-22)
(1.00013 0.0147522 0)
(1.0009 0.0447635 0)
(1.00228 0.0761216 0)
(1.00455 0.109646 0)
(1.00824 0.14621 0)
(1.01419 0.186688 0)
(1.0236 0.231815 0)
(1.03773 0.282245 0)
(1.05917 0.335906 0)
(1.08484 0.40332 0)
(1.00021 0.0120931 0)
(1.00186 0.0363624 0)
(1.0051 0.0608995 0)
(1.01024 0.0859099 0)
(1.01752 0.111556 0)
(1.02731 0.137919 0)
(1.04007 0.164919 0)
(1.05638 0.192517 0)
(1.07663 0.218987 0)
(1.10289 0.25085 0)
(1.00021 0.00922261 0)
(1.0019 0.0276845 0)
(1.00523 0.0461586 0)
(1.01039 0.0646252 0)
(1.01745 0.0830336 0)
(1.02654 0.101287 0)
(1.03779 0.119207 0)
(1.05158 0.136657 0)
(1.0675 0.152682 0)
(1.0892 0.170458 0)
(1.00016 0.00663221 0)
(1.00151 0.0198938 0)
(1.00417 0.0330815 0)
(1.00829 0.0461067 0)
(1.01386 0.0588684 0)
(1.02088 0.0712485 0)
(1.02933 0.0830918 0)
(1.03933 0.0942679 0)
(1.05042 0.104235 0)
(1.06494 0.1146 0)
(1.00012 0.00464144 0)
(1.0011 0.0139178 0)
(1.00306 0.0231154 0)
(1.0061 0.0321443 0)
(1.0102 0.0409105 0)
(1.0153 0.0493178 0)
(1.02138 0.0572588 0)
(1.02848 0.064647 0)
(1.03627 0.0712055 0)
(1.04617 0.0777748 0)
(1.00009 0.00319455 0)
(1.00079 0.0095773 0)
(1.00221 0.0158973 0)
(1.0044 0.0220838 0)
(1.00735 0.0280647 0)
(1.011 0.0337705 0)
(1.01531 0.039129 0)
(1.02029 0.0440817 0)
(1.02573 0.0484767 0)
(1.03238 0.0527474 0)
(1.00006 0.00214612 0)
(1.00058 0.0064333 0)
(1.00162 0.0106759 0)
(1.00322 0.0148245 0)
(1.00537 0.0188295 0)
(1.00802 0.0226444 0)
(1.01116 0.0262234 0)
(1.01475 0.0295297 0)
(1.01871 0.032481 0)
(1.02337 0.0353063 0)
(1.00005 0.00136759 0)
(1.00044 0.00409924 0)
(1.00123 0.00680201 0)
(1.00244 0.00944417 0)
(1.00407 0.0119943 0)
(1.00608 0.014423 0)
(1.00845 0.0167023 0)
(1.01116 0.0188093 0)
(1.01415 0.0206983 0)
(1.01757 0.0224868 0)
(1.00004 0.000758894 0)
(1.00036 0.00227476 0)
(1.00099 0.00377471 0)
(1.00198 0.00524125 0)
(1.0033 0.00665715 0)
(1.00493 0.00800652 0)
(1.00685 0.00927434 0)
(1.00905 0.0104483 0)
(1.01149 0.0115058 0)
(1.01421 0.012503 0)
(1.00003 0.000243028 0)
(1.00032 0.000728526 0)
(1.00089 0.00120899 0)
(1.00177 0.00167881 0)
(1.00294 0.00213252 0)
(1.0044 0.00256507 0)
(1.00611 0.00297169 0)
(1.00807 0.00334845 0)
(1.01025 0.00368826 0)
(1.01265 0.00400841 0)
(0.999543 0.000802212 2.64588e-20)
(0.995424 0.00244368 -1.36607e-20)
(0.986527 0.00419421 3.50135e-20)
(0.972685 0.00613434 -2.3181e-20)
(0.953597 0.00835507 -2.50502e-20)
(0.928529 0.0109762 9.80773e-20)
(0.896403 0.0141605 -1.87855e-20)
(0.855719 0.0181283 1.35276e-19)
(0.80441 0.0231442 7.86252e-20)
(0.739414 0.0291979 -7.93461e-20)
(0.999532 0.0024018 3.21426e-20)
(0.995436 0.00731507 7.21963e-20)
(0.986626 0.0125507 1.09144e-19)
(0.972952 0.0183489 -1.52092e-19)
(0.954134 0.0249811 2.06828e-20)
(0.929478 0.032804 6.04056e-20)
(0.897966 0.0423012 -1.02876e-19)
(0.858188 0.0541276 1.75447e-19)
(0.808183 0.0690694 -4.69012e-19)
(0.745063 0.0870794 6.42117e-19)
(0.999512 0.0039875 -1.13675e-19)
(0.995461 0.01214 5.08802e-20)
(0.986824 0.0208136 -2.50109e-21)
(0.973481 0.0304044 -2.54577e-19)
(0.9552 0.0413591 6.46885e-20)
(0.931362 0.0542633 -1.47587e-19)
(0.901071 0.0699079 1.99898e-19)
(0.863096 0.0893621 -5.21508e-19)
(0.815691 0.113911 8.92821e-19)
(0.75634 0.143418 -6.83873e-19)
(0.999486 0.00555199 7.39856e-20)
(0.995502 0.0168918 -2.81896e-20)
(0.987117 0.0289268 1.77859e-19)
(0.974265 0.0422032 -3.25444e-19)
(0.956779 0.0573364 2.05161e-19)
(0.934157 0.0751261 -4.10106e-19)
(0.905677 0.0966468 -6.1816e-20)
(0.870387 0.123345 1.29338e-18)
(0.826862 0.156965 -3.72487e-19)
(0.773211 0.197179 -8.74921e-19)
(0.99946 0.00709012 -3.04649e-19)
(0.995559 0.0215468 2.71255e-19)
(0.987503 0.0368374 -1.33334e-19)
(0.9753 0.0536538 -5.77684e-19)
(0.958863 0.0727706 5.53249e-19)
(0.937839 0.095183 -7.14417e-19)
(0.911743 0.122211 9.31611e-19)
(0.879991 0.155622 2.59526e-19)
(0.8416 0.197545 6.34362e-19)
(0.79565 0.247318 5.94918e-20)
(0.999438 0.00859955 2.4423e-19)
(0.995633 0.0260802 -6.64818e-20)
(0.987985 0.0444849 3.76583e-19)
(0.976591 0.0646522 -4.20017e-19)
(0.961459 0.0875072 4.03105e-19)
(0.942409 0.114215 -1.12704e-19)
(0.919242 0.146291 2.32417e-19)
(0.891843 0.185742 -7.16795e-19)
(0.859808 0.234963 -1.20795e-18)
(0.823662 0.292767 7.23557e-19)
(0.999419 0.0100887 -1.20473e-19)
(0.995716 0.0304787 -1.12544e-19)
(0.988569 0.0518174 5.56154e-20)
(0.978168 0.0751049 -3.72162e-19)
(0.96461 0.101405 1.30692e-18)
(0.947905 0.132016 -1.06495e-18)
(0.928196 0.168582 5.36377e-19)
(0.905913 0.213246 -8.98186e-19)
(0.881415 0.268499 -2.40143e-19)
(0.85732 0.332472 1.81728e-18)
(0.999398 0.0115977 1.4732e-19)
(0.995811 0.0348008 -1.91393e-20)
(0.9893 0.058909 -1.6669e-19)
(0.980111 0.0851178 2.03201e-19)
(0.968414 0.114613 5.73377e-19)
(0.954429 0.14876 -1.2491e-18)
(0.938683 0.189213 1.00225e-18)
(0.922222 0.238064 -2.23292e-18)
(0.906421 0.297593 1.82091e-18)
(0.896721 0.365492 -4.56161e-19)
(0.999393 0.0131592 -1.64714e-19)
(0.996021 0.0390993 2.15408e-19)
(0.990368 0.0658929 -3.80454e-19)
(0.982677 0.0949499 -2.26926e-19)
(0.973162 0.127559 5.33451e-21)
(0.96226 0.16507 3.19865e-19)
(0.950907 0.208947 -1.61869e-18)
(0.940773 0.260844 1.78687e-18)
(0.93465 0.321943 -1.55913e-18)
(0.94149 0.389905 6.72301e-19)
(0.999479 0.0144433 -1.15709e-19)
(0.99665 0.0425517 1.20101e-20)
(0.992211 0.0715479 -4.47326e-20)
(0.98639 0.102936 -3.29112e-19)
(0.979455 0.138057 -2.46785e-19)
(0.972031 0.17819 1.4194e-18)
(0.965373 0.224508 1.12339e-18)
(0.961564 0.277986 -5.00285e-19)
(0.964868 0.337909 -1.02437e-19)
(0.988587 0.400166 -2.2055e-18)
(0.999479 -0.0144433 -1.15583e-19)
(0.99665 -0.0425516 8.85566e-20)
(0.992211 -0.0715479 -3.58986e-20)
(0.98639 -0.102936 5.4232e-19)
(0.979455 -0.138057 3.01421e-19)
(0.972031 -0.17819 -1.19734e-18)
(0.965373 -0.224508 -9.77017e-19)
(0.961564 -0.277986 6.47592e-19)
(0.964868 -0.337909 6.19195e-20)
(0.988587 -0.400166 2.26267e-18)
(0.999393 -0.0131592 7.13736e-20)
(0.996021 -0.0390993 -4.51055e-19)
(0.990368 -0.0658928 2.65827e-19)
(0.982677 -0.0949498 -1.53368e-19)
(0.973162 -0.127559 -2.40815e-19)
(0.96226 -0.16507 -1.31479e-19)
(0.950907 -0.208947 1.36361e-18)
(0.940773 -0.260844 -1.51412e-18)
(0.93465 -0.321943 1.75453e-18)
(0.941489 -0.389905 -9.35999e-19)
(0.999398 -0.0115977 -4.1104e-20)
(0.995811 -0.0348008 1.75535e-19)
(0.9893 -0.058909 2.9012e-19)
(0.980111 -0.0851178 -5.69634e-20)
(0.968414 -0.114613 -7.82665e-19)
(0.954429 -0.14876 9.3996e-19)
(0.938683 -0.189213 -9.20007e-19)
(0.922222 -0.238064 2.06577e-18)
(0.906421 -0.297593 -2.0293e-18)
(0.896721 -0.365492 6.16588e-19)
(0.999419 -0.0100887 -1.08289e-20)
(0.995716 -0.0304787 2.29931e-19)
(0.988569 -0.0518174 -2.10604e-19)
(0.978168 -0.0751049 8.00622e-19)
(0.96461 -0.101405 -1.00605e-19)
(0.947905 -0.132016 -1.12356e-19)
(0.928196 -0.168582 -5.55912e-19)
(0.905913 -0.213246 3.99273e-19)
(0.881415 -0.268499 1.95649e-19)
(0.85732 -0.332472 -1.88946e-18)
(0.999438 -0.00859954 2.15559e-19)
(0.995633 -0.0260802 -7.60104e-20)
(0.987985 -0.0444849 2.12377e-19)
(0.976591 -0.0646522 3.50921e-19)
(0.961459 -0.0875072 -4.93963e-19)
(0.942409 -0.114215 -7.53179e-20)
(0.919242 -0.146291 6.9012e-20)
(0.891843 -0.185742 5.7836e-19)
(0.859808 -0.234963 1.03871e-18)
(0.823662 -0.292767 -6.01827e-19)
(0.99946 -0.00709011 -1.54001e-19)
(0.995559 -0.0215468 -9.33974e-21)
(0.987503 -0.0368373 -4.57125e-19)
(0.9753 -0.0536537 7.14892e-19)
(0.958863 -0.0727706 -6.22445e-19)
(0.937839 -0.0951829 1.20709e-18)
(0.911743 -0.122211 -1.41188e-18)
(0.879991 -0.155622 6.62729e-19)
(0.8416 -0.197545 -8.1964e-20)
(0.79565 -0.247318 8.50245e-20)
(0.999486 -0.00555199 1.49716e-19)
(0.995502 -0.0168918 -1.1451e-19)
(0.987117 -0.0289268 1.22503e-19)
(0.974265 -0.0422032 -1.65624e-19)
(0.956779 -0.0573363 4.13684e-20)
(0.934157 -0.0751261 3.04404e-19)
(0.905677 -0.0966468 2.8497e-19)
(0.870387 -0.123345 -1.79995e-18)
(0.826862 -0.156965 2.69845e-20)
(0.773211 -0.197179 8.47922e-19)
(0.999512 -0.0039875 -6.36013e-20)
(0.995461 -0.01214 1.2733e-20)
(0.986824 -0.0208136 -1.65639e-19)
(0.973481 -0.0304043 1.91917e-19)
(0.9552 -0.0413591 -7.60288e-20)
(0.931362 -0.0542632 8.03536e-20)
(0.901071 -0.0699078 -9.17459e-20)
(0.863096 -0.089362 4.72355e-19)
(0.815691 -0.113911 -9.50774e-19)
(0.75634 -0.143418 5.76625e-19)
(0.999532 -0.00240179 4.48865e-20)
(0.995436 -0.00731505 -2.49288e-20)
(0.986626 -0.0125507 -1.96706e-20)
(0.972952 -0.0183489 2.28829e-19)
(0.954134 -0.0249811 -3.95675e-20)
(0.929478 -0.032804 -2.84923e-20)
(0.897966 -0.0423011 -5.26012e-20)
(0.858188 -0.0541276 -1.04297e-19)
(0.808183 -0.0690693 4.97501e-19)
(0.745063 -0.0870793 -6.87626e-19)
(0.999543 -0.000802208 2.53839e-20)
(0.995424 -0.00244367 -6.87832e-21)
(0.986527 -0.00419418 -3.62148e-20)
(0.972685 -0.0061343 5.38425e-20)
(0.953597 -0.00835502 4.08443e-20)
(0.928529 -0.0109762 -1.49399e-20)
(0.896403 -0.0141604 9.42464e-20)
(0.855719 -0.0181282 -1.73732e-19)
(0.80441 -0.0231441 6.0631e-21)
(0.739414 -0.0291978 1.20064e-19)
(1.00003 -0.000243028 0)
(1.00032 -0.000728527 0)
(1.00089 -0.00120899 0)
(1.00177 -0.00167882 0)
(1.00294 -0.00213252 0)
(1.0044 -0.00256507 0)
(1.00611 -0.00297169 0)
(1.00807 -0.00334845 0)
(1.01025 -0.00368826 0)
(1.01265 -0.00400841 0)
(1.00004 -0.000758894 0)
(1.00036 -0.00227476 0)
(1.00099 -0.00377471 0)
(1.00198 -0.00524125 0)
(1.0033 -0.00665715 0)
(1.00493 -0.00800652 0)
(1.00685 -0.00927434 0)
(1.00905 -0.0104483 0)
(1.01149 -0.0115058 0)
(1.01421 -0.012503 0)
(1.00005 -0.00136759 0)
(1.00044 -0.00409924 0)
(1.00123 -0.00680201 0)
(1.00244 -0.00944417 0)
(1.00407 -0.0119943 0)
(1.00608 -0.014423 0)
(1.00845 -0.0167023 0)
(1.01116 -0.0188093 0)
(1.01415 -0.0206983 0)
(1.01757 -0.0224868 0)
(1.00006 -0.00214612 0)
(1.00058 -0.0064333 0)
(1.00162 -0.0106759 0)
(1.00322 -0.0148245 0)
(1.00537 -0.0188295 0)
(1.00802 -0.0226444 0)
(1.01116 -0.0262234 0)
(1.01475 -0.0295297 0)
(1.01871 -0.032481 0)
(1.02337 -0.0353063 0)
(1.00009 -0.00319455 0)
(1.00079 -0.0095773 0)
(1.00221 -0.0158973 0)
(1.0044 -0.0220838 0)
(1.00735 -0.0280647 0)
(1.011 -0.0337705 0)
(1.01531 -0.039129 0)
(1.02029 -0.0440817 0)
(1.02573 -0.0484767 0)
(1.03238 -0.0527474 0)
(1.00012 -0.00464144 0)
(1.0011 -0.0139178 0)
(1.00306 -0.0231154 0)
(1.0061 -0.0321443 0)
(1.0102 -0.0409104 0)
(1.0153 -0.0493178 0)
(1.02138 -0.0572588 0)
(1.02848 -0.064647 0)
(1.03627 -0.0712055 0)
(1.04617 -0.0777748 0)
(1.00016 -0.00663221 0)
(1.00151 -0.0198938 0)
(1.00417 -0.0330815 0)
(1.00829 -0.0461067 0)
(1.01386 -0.0588684 0)
(1.02088 -0.0712485 0)
(1.02933 -0.0830918 0)
(1.03933 -0.0942679 0)
(1.05042 -0.104235 0)
(1.06494 -0.1146 0)
(1.00021 -0.00922261 0)
(1.0019 -0.0276845 0)
(1.00523 -0.0461586 0)
(1.01039 -0.0646252 0)
(1.01745 -0.0830336 0)
(1.02654 -0.101287 0)
(1.03779 -0.119207 0)
(1.05158 -0.136657 0)
(1.0675 -0.152682 0)
(1.0892 -0.170458 0)
(1.00021 -0.0120931 0)
(1.00186 -0.0363623 0)
(1.0051 -0.0608995 0)
(1.01024 -0.0859099 0)
(1.01752 -0.111556 0)
(1.02731 -0.137919 0)
(1.04007 -0.164919 0)
(1.05638 -0.192517 0)
(1.07663 -0.218987 0)
(1.10289 -0.25085 0)
(1.00013 -0.0147522 0)
(1.0009 -0.0447635 0)
(1.00228 -0.0761215 0)
(1.00455 -0.109646 0)
(1.00824 -0.14621 0)
(1.01419 -0.186688 0)
(1.0236 -0.231815 0)
(1.03773 -0.282245 0)
(1.05917 -0.335905 0)
(1.08484 -0.40332 0)
(1.0146 -0.00412318 5.74714e-22)
(1.01603 -0.00419308 6.67978e-22)
(1.0175 -0.00425313 9.02203e-22)
(1.019 -0.00430516 8.22777e-23)
(1.02054 -0.00435052 -1.70988e-21)
(1.0221 -0.0043902 3.92687e-22)
(1.02369 -0.00442498 7.50452e-22)
(1.02531 -0.00445555 1.70665e-22)
(1.02693 -0.00448246 -7.36909e-22)
(1.02858 -0.00450609 5.27729e-22)
(1.01629 -0.0128513 -1.43376e-21)
(1.01782 -0.0130651 4.3574e-21)
(1.0194 -0.0132517 -4.10349e-21)
(1.02102 -0.013415 -4.90756e-22)
(1.02267 -0.0135579 2.65428e-22)
(1.02437 -0.0136819 -1.37358e-21)
(1.02609 -0.0137884 1.05992e-21)
(1.02785 -0.0138791 -4.4769e-22)
(1.02963 -0.0139553 7.71739e-22)
(1.03144 -0.0140183 -1.72089e-22)
(1.01995 -0.0230161 -1.58168e-21)
(1.02172 -0.0233339 -7.65129e-22)
(1.02353 -0.0236076 3.09759e-21)
(1.02539 -0.0238444 3.85374e-21)
(1.02729 -0.0240483 -3.29308e-23)
(1.02925 -0.0242214 -1.5937e-21)
(1.03126 -0.0243658 -7.39884e-22)
(1.03331 -0.0244841 9.5589e-23)
(1.0354 -0.0245789 -1.64944e-22)
(1.03752 -0.0246528 1.26368e-22)
(1.02627 -0.0359481 1.2392e-20)
(1.02845 -0.0363244 1.24837e-20)
(1.03069 -0.0366432 -4.54227e-21)
(1.03295 -0.0369159 8.31518e-21)
(1.03527 -0.0371476 1.94802e-21)
(1.03767 -0.0373399 4.75656e-21)
(1.04015 -0.0374951 -1.66589e-22)
(1.04269 -0.0376163 -1.41306e-22)
(1.04528 -0.0377067 -6.54687e-22)
(1.04793 -0.0377698 2.08446e-22)
(1.03605 -0.05332 8.3101e-21)
(1.03888 -0.0536207 1.43091e-21)
(1.04173 -0.0538428 -1.04401e-20)
(1.0446 -0.0540058 -7.24334e-21)
(1.04756 -0.0541165 3.23305e-21)
(1.05063 -0.054176 -1.00642e-20)
(1.05381 -0.054187 2.89872e-21)
(1.05708 -0.0541545 1.29773e-22)
(1.06045 -0.0540843 -4.62233e-22)
(1.06392 -0.0539827 4.47448e-22)
(1.05121 -0.0781245 -1.78838e-21)
(1.05516 -0.0782504 -2.24321e-20)
(1.05906 -0.0782787 2.16198e-20)
(1.06293 -0.0782425 -6.9829e-21)
(1.06692 -0.0781521 -1.08161e-20)
(1.07109 -0.0780059 1.09511e-20)
(1.07541 -0.0778045 3.5946e-21)
(1.07987 -0.077553 9.87804e-22)
(1.08447 -0.0772583 -1.38979e-23)
(1.08921 -0.0769277 1.92852e-22)
(1.072 -0.114231 -2.28436e-20)
(1.07778 -0.113752 7.13733e-20)
(1.08342 -0.113066 -1.36928e-20)
(1.08889 -0.112253 9.55414e-22)
(1.09451 -0.111348 1.00493e-20)
(1.10037 -0.110352 -1.31695e-20)
(1.10645 -0.109266 6.78703e-21)
(1.11271 -0.108096 -2.53423e-21)
(1.11915 -0.106854 9.35443e-22)
(1.12578 -0.105551 -1.42818e-22)
(1.10055 -0.170162 2.55096e-20)
(1.11032 -0.169568 1.04912e-20)
(1.11964 -0.168465 6.44005e-20)
(1.12837 -0.167002 -2.71707e-20)
(1.13715 -0.165285 5.7477e-21)
(1.14626 -0.163356 1.15907e-20)
(1.15566 -0.161254 3.02597e-21)
(1.1653 -0.159022 7.71157e-22)
(1.17516 -0.156702 -5.87388e-21)
(1.18526 -0.154319 5.75698e-21)
(1.1217 -0.249575 1.15591e-20)
(1.13999 -0.248411 -7.57903e-20)
(1.15785 -0.246537 -7.44975e-20)
(1.17394 -0.243866 4.03352e-20)
(1.18938 -0.24032 6.57987e-21)
(1.20473 -0.235843 8.96634e-22)
(1.21991 -0.230436 -1.56441e-20)
(1.23474 -0.224133 2.52873e-20)
(1.24916 -0.216978 -2.89758e-20)
(1.26309 -0.209002 -4.99507e-24)
(1.11923 -0.39899 2.64706e-19)
(1.15316 -0.395152 7.69589e-20)
(1.18779 -0.391308 4.04106e-20)
(1.22126 -0.386673 -3.41844e-20)
(1.25422 -0.380813 2.26168e-20)
(1.28641 -0.373517 1.85211e-21)
(1.31708 -0.364571 -2.73403e-21)
(1.34552 -0.35373 1.41166e-20)
(1.37105 -0.340749 2.78241e-20)
(1.39292 -0.325403 -7.8656e-22)
(1.03022 -0.00452667 1.04796e-21)
(1.03188 -0.00454425 -1.94368e-21)
(1.03353 -0.00455877 6.15327e-22)
(1.03518 -0.00457002 -6.07328e-21)
(1.03682 -0.00457768 2.4084e-21)
(1.03845 -0.00458134 6.55164e-21)
(1.04007 -0.00458045 -1.2761e-21)
(1.04167 -0.00457412 -2.91474e-22)
(1.04325 -0.00455951 5.11177e-22)
(1.0448 -0.00452185 1.36417e-21)
(1.03325 -0.0140693 -4.57785e-22)
(1.03508 -0.0141092 2.57513e-21)
(1.03691 -0.0141386 -2.31029e-21)
(1.03874 -0.0141581 -5.24385e-21)
(1.04057 -0.0141681 9.58407e-21)
(1.0424 -0.0141686 -3.5153e-22)
(1.04422 -0.0141595 4.28685e-21)
(1.04602 -0.0141393 -3.27252e-21)
(1.04781 -0.0140998 -6.07992e-22)
(1.04957 -0.0139896 -1.22749e-21)
(1.03967 -0.0247079 2.58406e-23)
(1.04184 -0.0247464 -8.04166e-23)
(1.04404 -0.0247703 4.72771e-22)
(1.04626 -0.0247813 3.78983e-21)
(1.04849 -0.0247807 1.23922e-21)
(1.05073 -0.0247698 -4.20281e-21)
(1.05299 -0.0247492 -8.04165e-21)
(1.05525 -0.0247171 1.15727e-20)
(1.05752 -0.0246575 -3.03313e-21)
(1.0598 -0.0244663 -1.67251e-21)
(1.05064 -0.0378086 1.63238e-21)
(1.05339 -0.0378263 -2.63253e-21)
(1.0562 -0.0378258 3.79325e-21)
(1.05904 -0.0378099 -3.39905e-22)
(1.06194 -0.0377811 -1.02365e-21)
(1.06488 -0.0377421 7.96187e-21)
(1.06786 -0.0376948 6.84188e-21)
(1.07088 -0.0376375 1.60524e-20)
(1.07396 -0.0375446 5.11513e-21)
(1.07712 -0.0372297 1.72524e-20)
(1.06748 -0.0538557 1.42291e-21)
(1.07113 -0.0537099 -5.29211e-22)
(1.07488 -0.0535516 -5.603e-21)
(1.07873 -0.0533873 -1.37137e-20)
(1.08268 -0.0532235 3.84062e-21)
(1.08674 -0.0530661 -1.39974e-21)
(1.09091 -0.0529199 6.77908e-21)
(1.09519 -0.0527842 -3.06402e-20)
(1.09958 -0.0526218 -2.13224e-21)
(1.10422 -0.0521245 9.10933e-21)
(1.09409 -0.0765685 -1.64509e-21)
(1.09913 -0.0761872 -4.73724e-21)
(1.10433 -0.07579 7.58461e-21)
(1.10968 -0.075382 -1.04688e-20)
(1.1152 -0.0749666 2.04704e-20)
(1.12089 -0.0745456 -1.78948e-20)
(1.12675 -0.0741174 1.62139e-20)
(1.13275 -0.0736731 2.35729e-20)
(1.13891 -0.0731573 -3.07922e-20)
(1.14552 -0.0721038 1.34772e-21)
(1.13262 -0.104202 5.63072e-21)
(1.13968 -0.102818 -5.39204e-21)
(1.14698 -0.101413 -7.58242e-21)
(1.15453 -0.0999983 -3.93598e-21)
(1.16232 -0.0985781 -1.26638e-20)
(1.17035 -0.0971488 1.56277e-20)
(1.17857 -0.0956937 -5.49153e-20)
(1.18692 -0.094178 3.51658e-20)
(1.19528 -0.0925126 8.90731e-20)
(1.20398 -0.0900451 5.6642e-21)
(1.19559 -0.151876 -1.787e-21)
(1.20612 -0.149354 -1.31411e-20)
(1.21678 -0.146709 2.54539e-20)
(1.22747 -0.143861 -4.37827e-20)
(1.23802 -0.140702 -1.40026e-20)
(1.24822 -0.137093 3.42064e-20)
(1.2578 -0.13287 4.37188e-20)
(1.26642 -0.127862 7.32344e-20)
(1.27377 -0.121892 6.61847e-20)
(1.27914 -0.113974 -1.04393e-20)
(1.2764 -0.200209 1.35124e-20)
(1.28889 -0.190567 2.23377e-20)
(1.30027 -0.180008 -2.36139e-20)
(1.31018 -0.16844 8.07689e-20)
(1.31818 -0.155763 -9.12699e-20)
(1.3238 -0.141908 -1.74123e-19)
(1.32655 -0.126875 2.65e-19)
(1.32596 -0.110775 -1.22599e-19)
(1.32211 -0.093891 -1.47653e-19)
(1.30817 -0.0752137 3.78075e-20)
(1.41026 -0.307508 -2.22609e-20)
(1.42207 -0.286961 -2.12726e-20)
(1.42728 -0.263797 1.94304e-19)
(1.42481 -0.238264 -3.16272e-20)
(1.41367 -0.210907 -1.40759e-19)
(1.39311 -0.182635 -7.98841e-20)
(1.36271 -0.15476 8.83857e-20)
(1.32243 -0.128947 -1.49773e-20)
(1.27243 -0.107034 1.53085e-19)
(1.19466 -0.0882632 4.88391e-19)
(1.05547 -0.00347372 0)
(1.06591 -0.000962992 0)
(1.06798 0.000513385 0)
(1.06274 0.00100441 0)
(1.05733 0.00108255 0)
(1.05096 0.00105329 0)
(1.0477 0.000940276 0)
(1.0426 0.000808164 0)
(1.04115 0.000671841 0)
(1.03633 0.00060404 0)
(1.06144 -0.0105709 0)
(1.07179 -0.00284167 0)
(1.07309 0.0015696 0)
(1.06731 0.00304353 0)
(1.06181 0.00329198 0)
(1.05542 0.00317921 0)
(1.05223 0.00281673 0)
(1.04717 0.00240458 0)
(1.0458 0.00199232 0)
(1.04108 0.00179409 0)
(1.07431 -0.0179369 0)
(1.08426 -0.00445061 0)
(1.08394 0.00279992 0)
(1.07704 0.00518298 0)
(1.07133 0.00558701 0)
(1.06479 0.00533029 0)
(1.06171 0.00467046 0)
(1.05657 0.0039569 0)
(1.05535 0.00325703 0)
(1.05062 0.002957 0)
(1.09586 -0.0259737 0)
(1.10466 -0.00562136 0)
(1.10165 0.00441976 0)
(1.09294 0.00755519 0)
(1.08679 0.00802182 0)
(1.07971 0.00751946 0)
(1.07663 0.00652436 0)
(1.07095 0.00549828 0)
(1.06984 0.00450804 0)
(1.06451 0.00416136 0)
(1.12945 -0.0340671 0)
(1.13513 -0.00587008 0)
(1.12763 0.00700734 0)
(1.11595 0.0106782 0)
(1.10864 0.0109724 0)
(1.10013 0.00998639 0)
(1.09652 0.00861602 0)
(1.08922 0.00722525 0)
(1.08789 0.00598071 0)
(1.08065 0.00561837 0)
(1.17793 -0.043437 0)
(1.17676 -0.00606768 0)
(1.16171 0.0107897 0)
(1.14481 0.015242 0)
(1.13457 0.0151892 0)
(1.12293 0.0133583 0)
(1.11743 0.0115671 0)
(1.10683 0.00963438 0)
(1.10436 0.00822545 0)
(1.09337 0.00772881 0)
(1.24303 -0.0496248 0)
(1.22609 -0.00601353 0)
(1.19765 0.016178 0)
(1.1711 0.0219116 0)
(1.15447 0.0216103 0)
(1.1373 0.0185814 0)
(1.12771 0.0163331 0)
(1.11227 0.0134808 0)
(1.10732 0.0120315 0)
(1.09155 0.0109555 0)
(1.30368 -0.0553802 0)
(1.25701 -0.00742717 0)
(1.2094 0.0227698 0)
(1.1684 0.0302925 0)
(1.14224 0.0305862 0)
(1.11865 0.0262773 0)
(1.10397 0.0235674 0)
(1.08501 0.0192086 0)
(1.07719 0.0177899 0)
(1.0595 0.0152859 0)
(1.30372 -0.00302579 0)
(1.20182 0.0230601 0)
(1.13726 0.0495317 0)
(1.08335 0.048171 0)
(1.053 0.045641 0)
(1.03018 0.037412 0)
(1.01633 0.0329585 0)
(1.00243 0.025834 0)
(0.995504 0.0242138 0)
(0.985616 0.0192588 0)
(1.02788 0.0577083 0)
(0.90551 0.0718406 0)
(0.883014 0.0906607 0)
(0.852299 0.0655394 0)
(0.851367 0.0582966 0)
(0.854005 0.0440754 0)
(0.858622 0.0376945 0)
(0.866014 0.0278856 0)
(0.868264 0.0265164 0)
(0.879413 0.0192765 0)
(0.644402 0.0912978 2.72929e-19)
(0.610252 0.0876771 -3.9863e-20)
(0.673646 0.0910338 -1.64273e-20)
(0.682793 0.0603622 1.49718e-20)
(0.715945 0.0521217 1.88519e-20)
(0.741659 0.0381439 -4.81155e-22)
(0.7623 0.0321948 -1.93256e-21)
(0.786074 0.0235084 -1.34992e-22)
(0.795574 0.0222798 -2.39923e-23)
(0.821267 0.0157639 4.21441e-22)
(0.531156 0.0834149 -2.04474e-20)
(0.521205 0.0843809 -4.20655e-20)
(0.611684 0.086938 3.00467e-20)
(0.634174 0.0571871 -2.03372e-20)
(0.67801 0.0492594 -1.51534e-21)
(0.71085 0.0358968 3.74374e-21)
(0.736257 0.0302252 5.44299e-22)
(0.764664 0.0220356 1.69598e-21)
(0.776138 0.0208158 6.04212e-23)
(0.80569 0.0146558 -7.49819e-22)
(0.423221 0.0682917 1.76627e-19)
(0.434015 0.0784147 2.49505e-20)
(0.550172 0.0809693 2.04585e-20)
(0.586291 0.0532196 2.80145e-20)
(0.64082 0.0456691 -6.30146e-21)
(0.680902 0.0331832 -1.94094e-21)
(0.711132 0.0278609 -3.00644e-21)
(0.744198 0.0202898 -1.20182e-21)
(0.757711 0.0190885 -2.20712e-22)
(0.791082 0.0133938 4.09655e-22)
(0.32316 0.0545601 -3.60007e-19)
(0.351167 0.072037 3.9224e-20)
(0.490866 0.0740265 -7.07065e-20)
(0.540409 0.0485741 3.25285e-21)
(0.605322 0.0414472 -1.44386e-21)
(0.652533 0.0300139 6.65278e-21)
(0.68749 0.0251179 -4.79236e-22)
(0.725097 0.0182667 2.71473e-23)
(0.740639 0.0171194 1.2284e-23)
(0.777685 0.0119695 2.69565e-22)
(0.233227 0.0423777 2.95134e-19)
(0.275003 0.0643043 -1.2218e-19)
(0.435603 0.0656961 -1.79306e-20)
(0.497856 0.0430257 1.37017e-20)
(0.572503 0.0365243 4.16927e-21)
(0.626477 0.0263655 -5.13316e-21)
(0.665901 0.0219984 -1.1961e-21)
(0.70778 0.0159758 -5.35399e-22)
(0.725261 0.0149223 -1.40108e-22)
(0.765724 0.0103969 6.58294e-22)
(0.155356 0.031474 -2.80472e-20)
(0.207724 0.0549242 1.31075e-19)
(0.386207 0.0559018 1.34896e-20)
(0.459957 0.0365716 -1.59053e-20)
(0.543345 0.030921 1.85788e-20)
(0.603453 0.0222635 6.64523e-22)
(0.646917 0.0185286 2.18306e-21)
(0.692645 0.0134399 1.65061e-22)
(0.711894 0.0125176 4.07337e-22)
(0.755409 0.00869448 -6.90561e-22)
(0.0911763 0.0221291 -1.25511e-19)
(0.1513 0.0441613 -1.89979e-20)
(0.344375 0.0448464 5.01819e-20)
(0.427948 0.0293278 -7.28683e-21)
(0.518762 0.0247197 -8.07581e-21)
(0.584128 0.0177633 1.26327e-21)
(0.631046 0.0147528 -4.65413e-22)
(0.680056 0.0106908 1.15095e-22)
(0.700824 0.00993331 -7.88066e-23)
(0.746921 0.00688183 1.17508e-22)
(0.0419687 0.0144155 2.93939e-20)
(0.107408 0.0323305 6.15557e-23)
(0.311589 0.0327833 1.57795e-20)
(0.402909 0.0214376 -7.10745e-21)
(0.499556 0.0180275 -1.71552e-21)
(0.569081 0.0129354 1.10762e-21)
(0.618727 0.0107262 -6.90284e-22)
(0.670322 0.00776731 1.61434e-22)
(0.692294 0.00720339 -1.4102e-22)
(0.740416 0.00498054 -3.39316e-22)
(0.00866424 0.00806051 2.01932e-20)
(0.0773737 0.0197194 -2.39824e-20)
(0.289036 0.0199762 -1.93324e-20)
(0.385708 0.013063 4.42781e-21)
(0.486373 0.0109682 1.1319e-21)
(0.558778 0.0078626 -7.95215e-22)
(0.61031 0.00651295 5.20415e-22)
(0.66369 0.00471432 7.92144e-23)
(0.686497 0.00436607 1.09489e-22)
(0.73601 0.00301438 -2.23784e-22)
(-0.00813528 0.0025858 -1.9937e-21)
(0.0621197 0.00662736 1.52155e-20)
(0.277545 0.00671007 5.8772e-21)
(0.376952 0.00438777 -3.47622e-22)
(0.479665 0.0036816 1.01665e-21)
(0.553543 0.00263833 -1.86845e-22)
(0.606039 0.0021847 1.565e-22)
(0.66033 0.00158164 1.86256e-23)
(0.683565 0.00146291 2.25177e-24)
(0.733787 0.00100866 2.37796e-22)
)
;

boundaryField
{
    inlet
    {
        type            uniformFixedValue;
        uniformValue    constant (1 0 0);
        value           uniform (1 0 0);
    }
    outlet
    {
        type            pressureInletOutletVelocity;
        value           nonuniform List<vector> 
40
(
(0.879414 -0.0192777 0)
(0.985617 -0.01926 0)
(1.0595 -0.0152872 0)
(1.09155 -0.0109566 0)
(1.09337 -0.00772972 0)
(1.08065 -0.00561908 0)
(1.06451 -0.00416187 0)
(1.05062 -0.00295735 0)
(1.04108 -0.00179429 0)
(1.03633 -0.000604104 0)
(0.733787 -0.00101033 2.43897e-22)
(0.73601 -0.00301603 -2.23508e-22)
(0.740416 -0.00498218 -3.26307e-22)
(0.746922 -0.00688344 1.21105e-22)
(0.755409 -0.00869607 -6.42614e-22)
(0.765725 -0.0103984 6.89439e-22)
(0.777685 -0.011971 2.65472e-22)
(0.791083 -0.0133953 3.81347e-22)
(0.80569 -0.0146572 -8.05238e-22)
(0.821268 -0.0157652 3.67827e-22)
(0.821267 0.0157639 4.21441e-22)
(0.80569 0.0146558 -7.49819e-22)
(0.791082 0.0133938 4.09655e-22)
(0.777685 0.0119695 2.69565e-22)
(0.765724 0.0103969 6.58294e-22)
(0.755409 0.00869448 -6.90561e-22)
(0.746921 0.00688183 1.17508e-22)
(0.740416 0.00498054 -3.39316e-22)
(0.73601 0.00301438 -2.23784e-22)
(0.733787 0.00100866 2.37796e-22)
(1.03633 0.00060404 0)
(1.04108 0.00179409 0)
(1.05062 0.002957 0)
(1.06451 0.00416136 0)
(1.08065 0.00561837 0)
(1.09337 0.00772881 0)
(1.09155 0.0109555 0)
(1.0595 0.0152859 0)
(0.985616 0.0192588 0)
(0.879413 0.0192765 0)
)
;
    }
    cylinder
    {
        type            fixedValue;
        value           uniform (0 0 0);
    }
    top
    {
        type            symmetryPlane;
    }
    bottom
    {
        type            symmetryPlane;
    }
    defaultFaces
    {
        type            empty;
    }
}


// ************************************************************************* //
