/*--------------------------------*- C++ -*----------------------------------*\
  =========                 |
  \\      /  F ield         | OpenFOAM: The Open Source CFD Toolbox
   \\    /   O peration     | Website:  https://openfoam.org
    \\  /    A nd           | Version:  6.0
     \\/     M anipulation  |
\*---------------------------------------------------------------------------*/
FoamFile
{
    version     2.0;
    format      ascii;
    class       volVectorField;
    location    "57";
    object      U;
}
// * * * * * * * * * * * * * * * * * * * * * * * * * * * * * * * * * * * * * //

dimensions      [0 1 -1 0 0 0 0];

internalField   nonuniform List<vector> 
2000
(
(-0.00199122 0.00173833 5.72897e-20)
(-0.00762156 0.00330251 6.80426e-20)
(-0.0153301 0.00366178 -6.48678e-20)
(-0.0223323 0.00333747 -1.32364e-19)
(-0.0276804 0.00263984 -9.24635e-20)
(-0.0312213 0.00177202 1.23181e-19)
(-0.0330527 0.000879412 7.17492e-20)
(-0.0334436 6.87022e-05 -2.90248e-20)
(-0.0328262 -0.000580978 -7.24567e-20)
(-0.0314952 -0.00100574 5.28306e-20)
(-0.00248969 0.00512128 -1.42006e-19)
(-0.00837065 0.00968539 1.96036e-19)
(-0.0157252 0.0106973 1.95484e-20)
(-0.022025 0.00969721 -1.13551e-19)
(-0.0264593 0.00759799 5.43355e-19)
(-0.0289517 0.00499653 -2.39137e-19)
(-0.0296475 0.00232116 -2.58715e-19)
(-0.0288424 -0.000109826 3.12043e-19)
(-0.0269847 -0.00205471 -3.07748e-19)
(-0.0244468 -0.00332103 1.55254e-19)
(-0.00343574 0.00822483 2.35846e-20)
(-0.00972806 0.0154094 8.3882e-21)
(-0.0163015 0.0168859 5.87514e-19)
(-0.0211436 0.01514 2.06095e-19)
(-0.0237176 0.0116331 4.08752e-20)
(-0.0240981 0.00731671 3.3802e-19)
(-0.0225237 0.00287677 -6.42024e-19)
(-0.0193385 -0.00116393 1.39244e-20)
(-0.0150202 -0.00438862 -3.79648e-19)
(-0.010103 -0.0064737 4.18227e-19)
(-0.00472403 0.0108679 -4.4365e-20)
(-0.0114033 0.0200602 2.55239e-19)
(-0.0166177 0.0217188 -7.43651e-19)
(-0.0191361 0.019149 -9.61238e-20)
(-0.018832 0.0142673 -5.47352e-19)
(-0.0160035 0.00831147 5.66872e-19)
(-0.0110228 0.00217616 -6.01274e-19)
(-0.00429655 -0.00342954 4.22266e-19)
(0.00366272 -0.00789588 1.77522e-19)
(0.012063 -0.0107637 -2.00596e-19)
(-0.00618705 0.0128747 -4.93785e-19)
(-0.0129399 0.0232572 4.45591e-21)
(-0.0159822 0.0247663 9.16071e-19)
(-0.0151343 0.0213426 2.74635e-19)
(-0.0108146 0.015225 -8.7324e-19)
(-0.00361589 0.00783535 5.42999e-19)
(0.00591809 0.000196398 6.15479e-19)
(0.0173136 -0.00683839 -5.48747e-19)
(0.0300352 -0.0124517 3.91252e-19)
(0.0429231 -0.0160459 9.60768e-20)
(-0.00758375 0.0140743 6.74971e-20)
(-0.0136957 0.0246648 1.25187e-20)
(-0.0134291 0.0257005 -1.17119e-18)
(-0.00792073 0.0215114 -6.55219e-19)
(0.00173555 0.0144921 7.8162e-19)
(0.0145785 0.00611554 -9.1531e-19)
(0.0298492 -0.00258951 1.04885e-18)
(0.0470084 -0.0107139 -9.0598e-20)
(0.065539 -0.0172481 -2.95075e-19)
(0.0837986 -0.0214694 -8.57617e-19)
(-0.00858781 0.014304 -1.46871e-19)
(-0.0128318 0.0240055 -2.68247e-19)
(-0.00771334 0.0243087 -3.29556e-19)
(0.00407927 0.0196268 7.03031e-19)
(0.0206595 0.0123269 1.30412e-18)
(0.0406175 0.0037848 -2.69543e-19)
(0.0629138 -0.00513192 -6.5602e-19)
(0.0869287 -0.0136317 2.00087e-19)
(0.112249 -0.0206139 -1.26006e-18)
(0.136672 -0.0252819 1.38407e-18)
(-0.00878373 0.0134241 8.9827e-19)
(-0.00932804 0.0210859 -4.90319e-19)
(0.00264607 0.0205022 9.57249e-19)
(0.0227355 0.0158175 -1.56395e-18)
(0.0481732 0.00920566 -7.4728e-19)
(0.0770138 0.00182635 -1.03508e-18)
(0.107829 -0.00579385 3.00719e-19)
(0.139842 -0.0132481 -8.37262e-19)
(0.172876 -0.0195724 1.82327e-18)
(0.204272 -0.024079 5.1039e-19)
(-0.00768224 0.0113475 6.61293e-20)
(-0.00204467 0.015839 7.9869e-19)
(0.0192553 0.0143225 1.58718e-18)
(0.0500645 0.0103002 4.85008e-19)
(0.0867017 0.00565936 1.43555e-18)
(0.126594 0.00136015 7.86849e-20)
(0.167732 -0.00240702 -7.09214e-22)
(0.208919 -0.00569215 5.78753e-19)
(0.250232 -0.00783835 4.68105e-19)
(0.289113 -0.00926193 -1.51927e-18)
(-0.00477046 0.00808577 -5.32099e-19)
(0.0101469 0.00838452 -8.91188e-19)
(0.0436435 0.00593787 -1.29538e-18)
(0.0879959 0.00320913 3.0611e-20)
(0.138749 0.00175693 -6.60369e-19)
(0.192804 0.00254297 1.04082e-18)
(0.247586 0.00588953 -2.86548e-18)
(0.30116 0.0120154 1.28647e-18)
(0.352881 0.0215154 4.83549e-19)
(0.400028 0.0302482 1.51713e-18)
(0.000388677 0.00380852 2.66173e-19)
(0.0281179 -0.000874413 -1.01894e-18)
(0.0768093 -0.00427283 9.09816e-19)
(0.137563 -0.00546139 -3.52978e-19)
(0.205553 -0.00344237 3.83943e-19)
(0.277819 0.00270791 8.35868e-19)
(0.352527 0.0137259 -1.12225e-18)
(0.429273 0.0305533 1.45809e-19)
(0.509035 0.0524535 -5.37767e-19)
(0.594169 0.0694539 1.0911e-18)
(0.00806019 -0.00110794 3.81364e-19)
(0.0522601 -0.0110931 -9.23805e-19)
(0.118756 -0.0153294 1.25868e-18)
(0.197748 -0.0150187 -7.83866e-19)
(0.284048 -0.0102793 -2.87556e-19)
(0.374603 -0.000971788 1.70247e-19)
(0.467605 0.0128154 8.80211e-20)
(0.562487 0.0307703 1.19394e-18)
(0.658901 0.0501773 3.4371e-19)
(0.754557 0.0623404 1.46941e-18)
(0.018352 -0.00610193 -3.40399e-19)
(0.0826125 -0.0209185 1.19443e-18)
(0.169007 -0.0252636 -9.96638e-19)
(0.267054 -0.022831 -1.16885e-18)
(0.371087 -0.0151006 1.63535e-18)
(0.477614 -0.00286561 -1.24343e-18)
(0.584238 0.0129433 3.28446e-19)
(0.689404 0.0312141 -1.94708e-18)
(0.791332 0.0492643 1.4585e-18)
(0.886039 0.0617496 7.28723e-20)
(0.0312702 -0.0105458 -4.43622e-19)
(0.118976 -0.0287937 -4.28431e-19)
(0.226869 -0.0317842 -9.1231e-19)
(0.344062 -0.0258912 1.10583e-18)
(0.464446 -0.0140393 -5.58543e-20)
(0.584059 0.00207634 7.14919e-19)
(0.699967 0.0208543 1.30421e-18)
(0.809928 0.0407968 -4.00789e-19)
(0.911576 0.0598093 -1.41761e-18)
(1.0009 0.0748785 2.81449e-18)
(0.0467452 -0.0138316 -2.29305e-19)
(0.16091 -0.0332167 -2.73515e-19)
(0.291339 -0.03278 4.92212e-19)
(0.427113 -0.0216645 -9.1489e-19)
(0.561883 -0.00426153 1.56304e-19)
(0.691439 0.0168805 1.39095e-19)
(0.812662 0.039613 6.1e-20)
(0.923199 0.0622303 -9.85866e-21)
(1.02086 0.0832295 -1.49426e-19)
(1.10226 0.100992 -2.37938e-18)
(0.0646184 -0.0153976 9.30815e-19)
(0.207682 -0.0328631 -6.49605e-19)
(0.360982 -0.0265371 8.30769e-21)
(0.514052 -0.00833833 -9.89343e-19)
(0.660652 0.0159069 -3.53959e-19)
(0.7967 0.0428758 3.30956e-19)
(0.919359 0.0699943 2.57015e-19)
(1.02673 0.0954718 -9.15863e-19)
(1.11735 0.118343 7.48588e-19)
(1.18885 0.137793 -9.81504e-19)
(0.0846109 -0.0147325 4.01744e-19)
(0.258228 -0.0266431 -3.57044e-19)
(0.433899 -0.0118354 1.48301e-18)
(0.602223 0.015101 1.51203e-19)
(0.757549 0.0470193 3.47494e-19)
(0.896411 0.0799696 1.54879e-18)
(1.01678 0.111131 -2.36812e-19)
(1.11772 0.138798 2.1577e-19)
(1.19888 0.162564 8.93471e-20)
(1.25919 0.182097 -1.09969e-19)
(0.106293 -0.0113861 2.80676e-19)
(0.31114 -0.0137427 6.7481e-19)
(0.507779 0.0120121 -7.22883e-19)
(0.688607 0.0488896 -2.44722e-19)
(0.849157 0.0886661 -3.02308e-19)
(0.987142 0.127018 4.68411e-19)
(1.10185 0.161148 -2.43644e-19)
(1.19374 0.189675 6.55496e-19)
(1.26384 0.212847 2.20581e-19)
(1.31249 0.230667 -3.59616e-19)
(0.129071 -0.00499455 -3.02463e-19)
(0.364701 0.00632851 2.68842e-19)
(0.580014 0.0451371 -5.73656e-19)
(0.770037 0.092543 2.47447e-19)
(0.932157 0.139656 -2.56758e-19)
(1.06583 0.182158 -3.20444e-19)
(1.17213 0.217628 -2.57328e-19)
(1.25319 0.245301 2.87581e-19)
(1.3115 0.266204 -5.422e-19)
(1.34885 0.280637 3.27669e-19)
(0.152191 0.00468204 -1.07814e-19)
(0.416945 0.0336823 -2.10896e-19)
(0.647852 0.0871018 1.00428e-19)
(0.843431 0.144924 6.1918e-21)
(1.0036 0.198186 8.3329e-20)
(1.13007 0.243068 1.1432e-19)
(1.22601 0.277938 1.05949e-19)
(1.29535 0.302935 -1.40493e-19)
(1.34201 0.31998 1.19606e-19)
(1.36911 0.329676 -1.87177e-19)
(0.174775 0.017719 -6.2409e-20)
(0.465772 0.0680015 -2.34115e-20)
(0.708578 0.1369 9.31612e-20)
(0.906006 0.204326 -4.28882e-20)
(1.0611 0.262007 1.14309e-19)
(1.17821 0.307192 -1.47593e-19)
(1.26274 0.339451 3.42079e-20)
(1.32037 0.360077 3.67045e-20)
(1.35627 0.371952 -1.53844e-20)
(1.37464 0.375987 5.82065e-20)
(0.195856 0.0339917 -6.73276e-20)
(0.509069 0.10851 -3.04676e-19)
(0.759689 0.192986 -2.11022e-20)
(0.955467 0.268575 6.27143e-21)
(1.10299 0.328579 -3.9627e-19)
(1.20943 0.371907 5.23873e-20)
(1.28239 0.399693 -4.46e-20)
(1.3291 0.414557 -1.07575e-19)
(1.35567 0.42033 2.24275e-19)
(1.36714 0.418232 -4.0892e-19)
(0.214444 0.0531504 -3.25169e-20)
(0.54485 0.15397 6.17056e-19)
(0.799063 0.253335 9.94242e-20)
(0.990133 0.335148 -5.43236e-19)
(1.12837 0.395217 -4.40512e-20)
(1.22372 0.434653 -5.20569e-19)
(1.28574 0.456425 3.81586e-19)
(1.32289 0.464539 -1.38445e-19)
(1.34191 0.463703 2.45594e-19)
(1.34841 0.45542 -1.79439e-19)
(0.229586 0.0746121 -2.05051e-19)
(0.571392 0.202718 1.95837e-19)
(0.825092 0.315541 -1.41352e-19)
(1.00902 0.401307 1.06544e-18)
(1.13708 0.459223 5.25825e-19)
(1.22172 0.493028 -1.21913e-19)
(1.27409 0.507671 4.10713e-19)
(1.30345 0.508499 -2.70251e-19)
(1.31688 0.500956 -7.52866e-20)
(1.32028 0.486799 4.93967e-19)
(0.240435 0.0975683 -3.54915e-19)
(0.587355 0.252731 4.51647e-19)
(0.836772 0.376931 -8.88609e-19)
(1.01185 0.464233 1.24791e-19)
(1.12966 0.51799 2.78861e-19)
(1.20468 0.544843 -4.27648e-19)
(1.24914 0.551725 -4.97908e-19)
(1.27272 0.545172 2.18554e-19)
(1.28252 0.531184 -2.63163e-19)
(1.28453 0.511755 3.15938e-19)
(0.246311 0.121013 -8.96744e-20)
(0.591872 0.301725 -4.59565e-19)
(0.833754 0.434707 2.54251e-19)
(0.999029 0.521159 4.26361e-19)
(1.10725 0.569097 -2.56401e-19)
(1.17428 0.588156 -1.91024e-19)
(1.21287 0.587119 -1.04299e-19)
(1.23273 0.573484 -5.15618e-20)
(1.24077 0.553598 1.07858e-20)
(1.24291 0.52972 1.07508e-19)
(0.246759 0.143785 6.58182e-20)
(0.584617 0.347278 -3.85617e-19)
(0.816339 0.486098 6.43163e-19)
(0.971581 0.569494 -3.81067e-19)
(1.07145 0.610386 1.06476e-19)
(1.13247 0.621291 -1.51052e-19)
(1.16741 0.612602 1.62614e-19)
(1.18559 0.592496 3.11458e-20)
(1.19356 0.567431 -7.80179e-20)
(1.19711 0.540022 1.5153e-19)
(0.241593 0.164635 -1.73025e-19)
(0.565832 0.386974 3.38032e-19)
(0.785448 0.528508 -1.52033e-20)
(0.931025 0.60695 -7.32221e-20)
(1.02419 0.640034 -2.01308e-19)
(1.08145 0.642882 2.48048e-20)
(1.11501 0.627183 6.15362e-20)
(1.1335 0.601458 -1.51525e-19)
(1.14302 0.571983 1.76973e-19)
(1.1492 0.541879 1.50329e-19)
(0.230935 0.18231 3.84264e-20)
(0.536325 0.418562 -8.09272e-20)
(0.742531 0.559669 2.42478e-20)
(0.879239 0.631621 1.24407e-20)
(0.967553 0.656554 7.79789e-20)
(1.02334 0.651785 -1.4407e-19)
(1.05788 0.629967 -3.01355e-19)
(1.07891 0.599657 -1.22931e-19)
(1.09213 0.566623 -1.57126e-19)
(1.10255 0.534701 1.3313e-19)
(0.21523 0.195653 1.10789e-19)
(0.49743 0.44013 -1.71724e-19)
(0.689467 0.577805 1.65749e-19)
(0.818263 0.64211 -3.14836e-19)
(0.903421 0.658818 7.6386e-20)
(0.959695 0.646834 5.16205e-19)
(0.997278 0.619363 -1.58295e-19)
(1.02316 0.584703 1.88173e-19)
(1.04271 0.548005 2.75481e-19)
(1.05903 0.515028 1.002e-18)
(0.195249 0.203726 6.80464e-19)
(0.450967 0.450295 -4.63021e-19)
(0.628513 0.581864 1.12683e-18)
(0.750268 0.637905 -1.92984e-19)
(0.833389 0.646759 9.66776e-19)
(0.891057 0.628052 6.06548e-19)
(0.93231 0.594737 -1.42499e-18)
(0.96357 0.55388 2.16352e-18)
(0.989456 0.507899 -4.57215e-19)
(1.00632 0.461007 8.9968e-19)
(0.17205 0.205874 -3.75361e-19)
(0.399204 0.448254 -2.67607e-19)
(0.562391 0.571529 2.58804e-19)
(0.677928 0.619481 -6.41014e-19)
(0.759661 0.622009 -2.00217e-18)
(0.818699 0.598991 -8.05201e-19)
(0.862692 0.563188 -7.25751e-19)
(0.897113 0.521741 3.51223e-19)
(0.925116 0.478159 2.92727e-18)
(0.942605 0.437392 -6.08909e-19)
(0.146894 0.201721 1.97538e-19)
(0.344727 0.433649 -7.9943e-19)
(0.494241 0.546774 1.75834e-19)
(0.604666 0.587133 -1.28048e-18)
(0.686058 0.585016 2.80349e-18)
(0.747292 0.559929 -3.24925e-19)
(0.794583 0.52408 1.52765e-18)
(0.832423 0.484257 -2.18835e-18)
(0.863341 0.443962 6.86539e-19)
(0.884648 0.407477 1.06207e-19)
(0.121118 0.191156 1.4562e-19)
(0.290163 0.40655 8.81729e-19)
(0.427119 0.507894 -2.58996e-18)
(0.533587 0.541229 1.26029e-18)
(0.615632 0.535982 -4.16087e-21)
(0.679887 0.510616 -4.25288e-19)
(0.731204 0.47643 5.35227e-19)
(0.773236 0.439624 -5.31934e-19)
(0.808165 0.403351 -1.82851e-18)
(0.834247 0.370865 -5.01006e-19)
(0.0960486 0.174334 4.7648e-19)
(0.238033 0.367474 5.34623e-19)
(0.363854 0.455615 2.20822e-18)
(0.467419 0.482513 -1.22844e-18)
(0.550831 0.4755 2.53214e-18)
(0.618565 0.451352 -5.45426e-19)
(0.674213 0.420139 -5.76535e-19)
(0.720699 0.387299 6.81307e-19)
(0.759931 0.355515 4.44209e-19)
(0.790869 0.327125 1.6106e-18)
(0.0729448 0.15167 -4.8356e-19)
(0.190664 0.317377 1.57842e-19)
(0.306988 0.391111 4.26869e-20)
(0.408535 0.412151 1.25235e-18)
(0.493702 0.404589 -3.12607e-18)
(0.56499 0.382954 5.31053e-19)
(0.624864 0.355821 1.17263e-18)
(0.675617 0.327751 -1.41765e-18)
(0.718933 0.300911 4.9943e-19)
(0.754394 0.276898 -2.31789e-18)
(0.0529469 0.123826 1.03049e-19)
(0.150114 0.257626 5.55921e-19)
(0.258722 0.315974 2.16216e-19)
(0.358945 0.331692 2.93022e-19)
(0.445941 0.324635 5.61474e-19)
(0.520504 0.306609 1.67169e-18)
(0.584154 0.284488 -2.04677e-18)
(0.638655 0.261882 -1.1528e-18)
(0.685522 0.240441 1.9104e-19)
(0.724903 0.221195 1.50298e-18)
(0.0370318 0.0916908 -6.23151e-19)
(0.118111 0.189953 -7.41313e-20)
(0.220874 0.23216 -6.2098e-19)
(0.320288 0.243022 8.84369e-20)
(0.408909 0.237333 -5.31594e-19)
(0.486184 0.2238 -6.0691e-19)
(0.55289 0.207442 -9.0445e-19)
(0.610384 0.190868 2.43724e-18)
(0.660066 0.175233 4.20486e-19)
(0.702561 0.161149 -6.40956e-19)
(0.0259729 0.0563424 3.35846e-19)
(0.0960029 0.116392 4.43912e-19)
(0.194847 0.141927 1.74894e-19)
(0.293812 0.148292 -9.43903e-19)
(0.38364 0.144614 -4.39429e-19)
(0.462844 0.136226 -9.4624e-20)
(0.531693 0.126185 1.84898e-19)
(0.591264 0.116066 1.48464e-19)
(0.642892 0.106552 -1.14804e-18)
(0.687548 0.0979587 6.58767e-19)
(0.0203063 0.0190052 -1.74895e-19)
(0.084714 0.0392056 -1.98972e-19)
(0.181592 0.0477521 1.58584e-19)
(0.280362 0.0498477 1.40795e-19)
(0.370831 0.0485768 1.44295e-19)
(0.451036 0.0457361 2.20675e-19)
(0.520987 0.0423508 -1.16023e-20)
(0.581621 0.0389484 -2.89467e-19)
(0.634242 0.0357542 2.74962e-19)
(0.680003 0.0328652 -4.13692e-19)
(0.0203063 -0.0190052 -1.76045e-19)
(0.084714 -0.0392056 -1.89616e-19)
(0.181592 -0.047752 1.74745e-19)
(0.280362 -0.0498476 3.42134e-19)
(0.370831 -0.0485767 2.27968e-19)
(0.451036 -0.045736 -3.00378e-19)
(0.520987 -0.0423508 -1.63223e-19)
(0.581621 -0.0389483 7.11806e-20)
(0.634242 -0.0357542 1.60033e-19)
(0.680003 -0.0328652 -9.52971e-20)
(0.0259729 -0.0563424 4.20122e-19)
(0.0960029 -0.116392 -5.3393e-19)
(0.194847 -0.141927 -4.44096e-20)
(0.293812 -0.148292 2.95834e-19)
(0.38364 -0.144613 -1.33752e-18)
(0.462844 -0.136226 5.71508e-19)
(0.531693 -0.126185 5.89959e-19)
(0.591264 -0.116066 -6.96474e-19)
(0.642892 -0.106552 6.65299e-19)
(0.687548 -0.0979586 -2.92006e-19)
(0.0370318 -0.0916908 -7.26359e-20)
(0.118111 -0.189953 -9.26705e-21)
(0.220874 -0.23216 -1.44218e-18)
(0.320288 -0.243022 -4.58787e-19)
(0.408909 -0.237333 -4.83721e-20)
(0.486184 -0.2238 -7.54747e-19)
(0.55289 -0.207442 1.40629e-18)
(0.610384 -0.190868 -4.94209e-20)
(0.660066 -0.175233 8.03023e-19)
(0.702561 -0.161149 -7.06084e-19)
(0.0529468 -0.123826 1.22673e-19)
(0.150114 -0.257626 -5.67947e-19)
(0.258722 -0.315974 1.74758e-18)
(0.358945 -0.331692 2.47299e-19)
(0.445941 -0.324635 1.21578e-18)
(0.520504 -0.306609 -1.18859e-18)
(0.584154 -0.284488 1.24778e-18)
(0.638655 -0.261882 -8.99614e-19)
(0.685522 -0.240441 -3.95066e-19)
(0.724903 -0.221195 3.35615e-19)
(0.0729448 -0.15167 1.09541e-18)
(0.190664 -0.317377 2.80495e-21)
(0.306988 -0.391111 -1.84178e-18)
(0.408535 -0.412151 -5.34359e-19)
(0.493702 -0.404588 1.77429e-18)
(0.56499 -0.382953 -1.03984e-18)
(0.624864 -0.35582 -1.2038e-18)
(0.675617 -0.327751 1.08311e-18)
(0.718933 -0.300911 -7.37382e-19)
(0.754394 -0.276898 -1.58974e-19)
(0.0960486 -0.174334 -1.63517e-19)
(0.238033 -0.367474 -7.7559e-21)
(0.363854 -0.455615 1.99878e-18)
(0.467419 -0.482513 1.14608e-18)
(0.550831 -0.4755 -1.3515e-18)
(0.618565 -0.451352 1.63638e-18)
(0.674213 -0.420139 -1.77566e-18)
(0.720699 -0.387299 1.76701e-19)
(0.759931 -0.355515 5.2888e-19)
(0.790869 -0.327125 1.22377e-18)
(0.121118 -0.191156 1.87439e-19)
(0.290163 -0.40655 3.01847e-19)
(0.427119 -0.507894 3.2834e-19)
(0.533587 -0.541229 -1.05558e-18)
(0.615632 -0.535982 -1.8803e-18)
(0.679887 -0.510616 3.95966e-19)
(0.731204 -0.476429 1.14585e-18)
(0.773235 -0.439624 -3.27996e-19)
(0.808165 -0.403351 1.9747e-18)
(0.834247 -0.370865 -1.92479e-18)
(0.146894 -0.201721 -1.06107e-18)
(0.344727 -0.433649 4.07728e-19)
(0.494241 -0.546774 -1.10093e-18)
(0.604666 -0.587133 1.77982e-18)
(0.686058 -0.585016 8.89982e-19)
(0.747292 -0.559929 1.25656e-18)
(0.794583 -0.52408 -2.90795e-19)
(0.832423 -0.484257 1.14574e-18)
(0.863341 -0.443962 -2.42575e-18)
(0.884648 -0.407477 -6.32411e-19)
(0.17205 -0.205874 6.24627e-20)
(0.399204 -0.448254 -7.12842e-19)
(0.562391 -0.571529 -1.14141e-18)
(0.677928 -0.619481 -4.83606e-19)
(0.759661 -0.622009 -1.36659e-18)
(0.818699 -0.598991 -1.38992e-19)
(0.862692 -0.563188 1.18832e-19)
(0.897113 -0.521741 -5.34019e-19)
(0.925116 -0.478159 -5.968e-19)
(0.942605 -0.437392 1.57391e-18)
(0.195249 -0.203726 3.35419e-19)
(0.450967 -0.450295 4.68417e-19)
(0.628513 -0.581864 8.39155e-19)
(0.750268 -0.637905 3.72161e-20)
(0.833389 -0.646758 5.59893e-19)
(0.891057 -0.628052 -7.66692e-19)
(0.93231 -0.594737 2.34079e-18)
(0.96357 -0.55388 -1.0335e-18)
(0.989456 -0.507899 -5.07572e-19)
(1.00632 -0.461007 -1.53054e-18)
(0.21523 -0.195653 -1.32115e-19)
(0.49743 -0.44013 2.33404e-19)
(0.689467 -0.577805 -2.39181e-19)
(0.818263 -0.64211 1.28947e-19)
(0.903421 -0.658818 -1.52379e-19)
(0.959695 -0.646834 -3.90805e-19)
(0.997277 -0.619363 5.14083e-19)
(1.02316 -0.584703 -1.68154e-19)
(1.04271 -0.548005 2.60873e-19)
(1.05903 -0.515028 -5.69259e-19)
(0.230935 -0.18231 -7.39264e-21)
(0.536325 -0.418562 -1.0646e-19)
(0.742531 -0.559669 2.11701e-20)
(0.879239 -0.631621 1.44575e-19)
(0.967553 -0.656554 -6.53309e-20)
(1.02334 -0.651785 1.75394e-20)
(1.05788 -0.629967 -1.71897e-20)
(1.07891 -0.599657 -3.83369e-19)
(1.09213 -0.566623 -1.7796e-19)
(1.10255 -0.534701 -5.59992e-19)
(0.241593 -0.164635 -9.61282e-20)
(0.565832 -0.386974 3.39233e-19)
(0.785448 -0.528508 -2.10753e-19)
(0.931025 -0.60695 -7.59521e-20)
(1.02419 -0.640034 3.39096e-20)
(1.08145 -0.642882 7.1524e-20)
(1.11501 -0.627183 -7.02362e-21)
(1.1335 -0.601458 2.92466e-19)
(1.14302 -0.571983 -2.52727e-19)
(1.1492 -0.541879 -3.58076e-21)
(0.246759 -0.143785 -2.36704e-19)
(0.584617 -0.347278 -1.48237e-19)
(0.816339 -0.486098 -3.68095e-19)
(0.971581 -0.569494 4.1872e-19)
(1.07145 -0.610386 -3.07021e-20)
(1.13247 -0.621291 1.361e-19)
(1.16741 -0.612602 1.53588e-19)
(1.18559 -0.592496 -5.58714e-20)
(1.19356 -0.567431 5.05022e-20)
(1.19711 -0.540022 -1.59897e-19)
(0.246311 -0.121013 -1.61017e-19)
(0.591872 -0.301725 -2.06832e-19)
(0.833754 -0.434707 3.11655e-19)
(0.999029 -0.521159 -4.68254e-19)
(1.10725 -0.569097 8.22572e-20)
(1.17428 -0.588156 4.15733e-20)
(1.21287 -0.587119 9.19866e-20)
(1.23273 -0.573484 -6.04728e-20)
(1.24077 -0.553598 -7.24204e-20)
(1.24291 -0.52972 -2.35867e-19)
(0.240435 -0.0975684 6.71296e-19)
(0.587355 -0.252731 -5.25369e-19)
(0.836772 -0.376931 2.45462e-20)
(1.01185 -0.464233 -6.73195e-19)
(1.12966 -0.51799 -1.95426e-19)
(1.20468 -0.544843 1.56343e-19)
(1.24914 -0.551725 1.14543e-19)
(1.27272 -0.545172 -3.82061e-19)
(1.28252 -0.531184 1.67683e-19)
(1.28453 -0.511755 -3.02426e-19)
(0.229586 -0.0746121 3.33147e-19)
(0.571392 -0.202718 -3.29718e-19)
(0.825092 -0.315541 1.18316e-18)
(1.00902 -0.401307 9.43459e-20)
(1.13708 -0.459222 2.68322e-19)
(1.22172 -0.493027 9.57149e-19)
(1.27409 -0.507671 -1.98961e-19)
(1.30345 -0.508499 4.83139e-20)
(1.31688 -0.500956 -2.84389e-20)
(1.32028 -0.486799 -4.95284e-20)
(0.214444 -0.0531504 2.56805e-19)
(0.54485 -0.15397 5.83527e-19)
(0.799063 -0.253335 -5.94776e-19)
(0.990133 -0.335148 -1.80661e-19)
(1.12837 -0.395217 -1.91267e-19)
(1.22372 -0.434653 3.76543e-19)
(1.28574 -0.456425 -1.77682e-19)
(1.32289 -0.464538 4.18932e-19)
(1.34191 -0.463703 1.00804e-19)
(1.34841 -0.45542 -1.77284e-19)
(0.195856 -0.0339917 -2.77402e-19)
(0.509069 -0.10851 2.57423e-19)
(0.759689 -0.192986 -5.28491e-19)
(0.955467 -0.268575 2.21265e-19)
(1.10299 -0.328579 -2.21762e-19)
(1.20943 -0.371907 -2.63696e-19)
(1.28239 -0.399693 -2.04602e-19)
(1.3291 -0.414557 2.25738e-19)
(1.35567 -0.42033 -3.92357e-19)
(1.36714 -0.418232 2.48386e-19)
(0.174775 -0.017719 -1.03925e-19)
(0.465772 -0.0680015 -2.03935e-19)
(0.708578 -0.1369 9.59354e-20)
(0.906006 -0.204326 7.08307e-21)
(1.0611 -0.262007 7.6353e-20)
(1.17821 -0.307192 1.09396e-19)
(1.26274 -0.33945 9.3149e-20)
(1.32037 -0.360077 -1.2603e-19)
(1.35627 -0.371952 1.02736e-19)
(1.37464 -0.375986 -1.62285e-19)
(0.152191 -0.00468204 -6.54858e-20)
(0.416945 -0.0336823 -2.63952e-20)
(0.647853 -0.0871017 9.83493e-20)
(0.843431 -0.144924 -4.43696e-20)
(1.0036 -0.198186 1.2417e-19)
(1.13007 -0.243068 -1.56951e-19)
(1.22601 -0.277938 4.03216e-20)
(1.29535 -0.302934 3.46032e-20)
(1.34201 -0.31998 -1.23615e-20)
(1.36911 -0.329676 5.67347e-20)
(0.129071 0.00499455 -7.85609e-20)
(0.364701 -0.0063285 -3.33061e-19)
(0.580014 -0.0451371 -2.68242e-20)
(0.770037 -0.0925429 1.07068e-20)
(0.932158 -0.139656 -4.61989e-19)
(1.06583 -0.182158 4.87856e-20)
(1.17213 -0.217628 -5.16875e-20)
(1.25319 -0.245301 -1.40585e-19)
(1.3115 -0.266204 3.1107e-19)
(1.34885 -0.280637 -5.65931e-19)
(0.106293 0.0113861 -4.45384e-20)
(0.31114 0.0137428 7.14364e-19)
(0.507779 -0.0120121 9.52791e-20)
(0.688607 -0.0488895 -6.4531e-19)
(0.849158 -0.0886661 -7.72719e-20)
(0.987142 -0.127018 -7.27703e-19)
(1.10185 -0.161148 5.65836e-19)
(1.19374 -0.189675 -2.29657e-19)
(1.26384 -0.212846 4.35299e-19)
(1.31249 -0.230667 -3.84019e-19)
(0.0846109 0.0147325 -2.51896e-19)
(0.258228 0.0266432 2.93297e-19)
(0.433899 0.0118354 -2.04869e-19)
(0.602223 -0.0151009 1.41611e-18)
(0.757549 -0.0470193 7.49595e-19)
(0.896411 -0.0799695 -1.96286e-19)
(1.01678 -0.111131 7.63241e-19)
(1.11772 -0.138798 -4.99034e-19)
(1.19888 -0.162564 -1.60482e-19)
(1.25919 -0.182097 1.15951e-18)
(0.0646184 0.0153976 -4.65667e-19)
(0.207682 0.0328632 6.95267e-19)
(0.360982 0.0265372 -1.31852e-18)
(0.514052 0.00833837 2.28232e-19)
(0.660652 -0.0159068 5.69048e-19)
(0.7967 -0.0428757 -7.15099e-19)
(0.919359 -0.0699942 -1.26652e-18)
(1.02673 -0.0954717 6.78962e-19)
(1.11735 -0.118343 -8.83003e-19)
(1.18885 -0.137793 1.41309e-18)
(0.0467452 0.0138316 -1.15116e-19)
(0.16091 0.0332168 -6.99806e-19)
(0.291339 0.03278 3.45453e-19)
(0.427113 0.0216646 8.64153e-19)
(0.561883 0.00426159 -4.64181e-19)
(0.69144 -0.0168805 -4.58078e-19)
(0.812662 -0.0396129 -7.76649e-19)
(0.923199 -0.0622302 -3.55878e-19)
(1.02086 -0.0832294 -8.54666e-20)
(1.10226 -0.100992 1.41221e-18)
(0.0312702 0.0105458 1.93283e-19)
(0.118976 0.0287937 -9.50653e-19)
(0.226869 0.0317842 1.62604e-18)
(0.344063 0.0258913 -9.0544e-19)
(0.464446 0.0140393 5.86633e-19)
(0.58406 -0.00207626 -7.29948e-19)
(0.699967 -0.0208542 8.12986e-19)
(0.809928 -0.0407967 7.10028e-19)
(0.911576 -0.0598092 1.55132e-18)
(1.0009 -0.0748783 -2.56469e-18)
(0.018352 0.00610195 -6.0058e-19)
(0.0826126 0.0209186 1.20597e-18)
(0.169007 0.0252637 1.60937e-20)
(0.267054 0.022831 -4.34378e-19)
(0.371087 0.0151007 -2.30674e-19)
(0.477614 0.00286568 1.84367e-19)
(0.584238 -0.0129432 -1.30891e-18)
(0.689404 -0.031214 1.01127e-18)
(0.791332 -0.0492642 -1.30333e-18)
(0.88604 -0.0617494 -5.94915e-19)
(0.00806021 0.00110795 1.03348e-18)
(0.0522601 0.0110931 -3.22397e-19)
(0.118756 0.0153295 -6.04769e-19)
(0.197748 0.0150187 1.64253e-18)
(0.284048 0.0102794 -1.61348e-18)
(0.374603 0.000971867 9.01468e-19)
(0.467605 -0.0128153 9.60104e-19)
(0.562487 -0.0307702 2.62726e-19)
(0.658901 -0.0501771 2.73251e-19)
(0.754557 -0.0623403 -3.87625e-19)
(0.00038869 -0.00380852 -9.88388e-19)
(0.028118 0.000874431 9.39448e-19)
(0.0768094 0.00427286 -8.31376e-19)
(0.137563 0.00546143 1.04308e-18)
(0.205553 0.00344242 -3.11633e-19)
(0.27782 -0.00270784 -1.0823e-18)
(0.352527 -0.0137258 3.10375e-19)
(0.429273 -0.0305532 -5.12091e-19)
(0.509035 -0.0524533 -6.06527e-19)
(0.594169 -0.0694537 -1.8922e-18)
(-0.00477046 -0.00808577 -1.23468e-18)
(0.0101469 -0.00838451 9.81592e-19)
(0.0436436 -0.00593786 -1.92324e-18)
(0.087996 -0.0032091 3.43908e-19)
(0.138749 -0.00175689 -1.33239e-18)
(0.192804 -0.0025429 -7.99101e-19)
(0.247586 -0.00588944 1.91234e-18)
(0.30116 -0.0120153 -2.61444e-18)
(0.352881 -0.0215152 5.03225e-19)
(0.400028 -0.030248 -8.28665e-19)
(-0.00768224 -0.0113475 6.08185e-19)
(-0.00204465 -0.015839 2.5733e-19)
(0.0192554 -0.0143225 -7.65392e-20)
(0.0500646 -0.0103001 7.30848e-19)
(0.0867019 -0.00565932 2.14608e-18)
(0.126594 -0.00136009 7.40703e-19)
(0.167733 0.00240711 7.65349e-19)
(0.20892 0.00569227 -2.6464e-19)
(0.250232 0.00783851 -2.46852e-18)
(0.289114 0.00926214 6.26042e-19)
(-0.00878374 -0.0134242 -1.71697e-19)
(-0.00932803 -0.0210859 5.46475e-19)
(0.00264611 -0.0205022 -1.43158e-19)
(0.0227356 -0.0158175 1.0108e-18)
(0.0481733 -0.00920563 -2.33706e-18)
(0.077014 -0.00182629 1.98369e-19)
(0.107829 0.00579394 -1.11226e-18)
(0.139842 0.0132483 1.63666e-18)
(0.172876 0.0195726 -4.78385e-19)
(0.204272 0.0240792 -6.83588e-20)
(-0.00858781 -0.014304 -1.16885e-19)
(-0.0128317 -0.0240056 -6.572e-19)
(-0.00771332 -0.0243087 1.65281e-18)
(0.00407933 -0.0196268 -8.7145e-19)
(0.0206596 -0.0123269 6.12485e-20)
(0.0406176 -0.00378474 2.79663e-19)
(0.062914 0.00513202 -2.55579e-19)
(0.0869289 0.0136318 3.3216e-19)
(0.112249 0.0206141 1.15098e-18)
(0.136673 0.0252822 3.01187e-19)
(-0.00758376 -0.0140743 -2.62165e-19)
(-0.0136957 -0.0246648 -2.916e-19)
(-0.0134291 -0.0257005 -1.29432e-18)
(-0.00792068 -0.0215114 6.8918e-19)
(0.00173562 -0.014492 -1.4215e-18)
(0.0145786 -0.00611547 3.22935e-19)
(0.0298494 0.00258961 3.63118e-19)
(0.0470086 0.010714 -3.83741e-19)
(0.0655392 0.0172484 -2.48273e-19)
(0.0837988 0.0214696 -1.1158e-18)
(-0.00618706 -0.0128748 2.04799e-19)
(-0.0129399 -0.0232572 -4.81728e-20)
(-0.0159822 -0.0247663 9.78718e-22)
(-0.0151343 -0.0213426 -6.21999e-19)
(-0.0108146 -0.015225 1.57456e-18)
(-0.00361582 -0.00783528 -2.45593e-19)
(0.00591819 -0.000196286 -6.12887e-19)
(0.0173137 0.00683855 7.50146e-19)
(0.0300353 0.0124519 -2.63615e-19)
(0.0429232 0.0160462 1.45709e-18)
(-0.00472404 -0.010868 -3.84395e-20)
(-0.0114033 -0.0200602 -2.25369e-19)
(-0.0166177 -0.0217188 -8.89467e-20)
(-0.0191361 -0.019149 -1.13633e-19)
(-0.018832 -0.0142673 -2.44308e-19)
(-0.0160035 -0.0083114 -7.67217e-19)
(-0.0110227 -0.00217604 9.59694e-19)
(-0.00429647 0.00342971 5.60608e-19)
(0.00366281 0.00789611 -1.00427e-19)
(0.0120632 0.010764 -8.93746e-19)
(-0.00343575 -0.00822488 2.18286e-19)
(-0.00972807 -0.0154095 3.81456e-20)
(-0.0163015 -0.016886 2.58201e-19)
(-0.0211436 -0.0151401 -2.95521e-20)
(-0.0237175 -0.011633 2.3511e-19)
(-0.0240981 -0.00731664 2.65259e-19)
(-0.0225237 -0.00287665 3.97676e-19)
(-0.0193384 0.0011641 -1.12655e-18)
(-0.0150201 0.00438885 -2.07926e-19)
(-0.010103 0.00647399 3.72646e-19)
(-0.00248969 -0.00512132 -1.10222e-19)
(-0.00837066 -0.00968546 -1.5666e-19)
(-0.0157252 -0.0106974 -7.53634e-20)
(-0.022025 -0.00969723 3.68611e-19)
(-0.0264593 -0.00759796 1.78925e-19)
(-0.0289517 -0.00499646 3.66935e-20)
(-0.0296475 -0.00232104 -7.95544e-20)
(-0.0288423 0.000110004 -6.17122e-20)
(-0.0269846 0.00205494 5.29713e-19)
(-0.0244467 0.00332132 -3.60774e-19)
(-0.00199122 -0.00173837 5.619e-20)
(-0.00762156 -0.00330257 6.99163e-20)
(-0.0153301 -0.00366183 -5.9617e-20)
(-0.0223323 -0.00333748 -5.4529e-20)
(-0.0276804 -0.00263981 -5.65383e-20)
(-0.0312213 -0.00177195 -9.02157e-20)
(-0.0330527 -0.000879285 2.89768e-21)
(-0.0334436 -6.8523e-05 1.25174e-19)
(-0.0328262 0.000581213 -1.25683e-19)
(-0.0314952 0.00100604 2.28671e-19)
(-0.00813515 -0.00258512 1.65342e-20)
(0.0621221 -0.00662648 9.88734e-21)
(0.277545 -0.00671086 1.33754e-21)
(0.376955 -0.00439058 -9.02393e-22)
(0.479666 -0.00368377 -6.35426e-23)
(0.553547 -0.00263872 1.48039e-22)
(0.606041 -0.00218295 1.66308e-22)
(0.660336 -0.00157578 -3.39914e-23)
(0.68357 -0.0014594 -2.49042e-24)
(0.733794 -0.00100969 2.43887e-22)
(0.00866434 -0.00805994 2.62204e-20)
(0.0773763 -0.0197185 1.25332e-21)
(0.289036 -0.019977 -1.74799e-20)
(0.385712 -0.0130659 1.40442e-20)
(0.486374 -0.0109704 8.87128e-22)
(0.558781 -0.00786309 -5.94025e-22)
(0.610312 -0.00651125 6.8863e-22)
(0.663695 -0.00470859 6.96617e-23)
(0.686502 -0.0043626 1.40045e-22)
(0.736017 -0.00301548 -2.235e-22)
(0.0419688 -0.0144151 2.68568e-20)
(0.107411 -0.0323296 -3.61024e-20)
(0.31159 -0.0327842 1.7869e-20)
(0.402913 -0.0214404 -1.16343e-20)
(0.499557 -0.0180297 8.28199e-22)
(0.569084 -0.0129359 -6.454e-22)
(0.618729 -0.0107245 -2.56768e-22)
(0.670327 -0.00776173 8.08726e-25)
(0.6923 -0.00719998 -1.07252e-22)
(0.740423 -0.00498172 -3.26284e-22)
(0.0911765 -0.0221288 -4.16266e-20)
(0.151303 -0.0441605 -5.01134e-20)
(0.344376 -0.0448472 -2.31229e-20)
(0.427952 -0.0293306 1.21276e-20)
(0.518762 -0.0247219 -1.45357e-20)
(0.584131 -0.0177639 3.84406e-21)
(0.631048 -0.0147513 -2.08819e-22)
(0.680061 -0.0106854 1.20723e-22)
(0.70083 -0.00992998 -1.28898e-22)
(0.746929 -0.00688308 1.211e-22)
(0.155356 -0.0314738 1.15128e-19)
(0.207727 -0.0549234 7.22383e-20)
(0.386208 -0.0559026 2.59799e-20)
(0.459961 -0.0365744 -2.35674e-20)
(0.543345 -0.0309231 1.19316e-20)
(0.603456 -0.0222641 3.15998e-21)
(0.646918 -0.0185272 2.20879e-21)
(0.69265 -0.0134347 2.39069e-22)
(0.7119 -0.0125143 2.86391e-22)
(0.755416 -0.00869579 -6.42534e-22)
(0.233227 -0.0423776 -5.08262e-20)
(0.275006 -0.0643035 3.90005e-20)
(0.435604 -0.065697 4.82045e-21)
(0.49786 -0.0430284 2.62832e-20)
(0.572503 -0.0365265 -5.94615e-21)
(0.62648 -0.0263662 -3.68259e-21)
(0.665902 -0.021997 -2.28161e-21)
(0.707784 -0.0159708 -1.47301e-22)
(0.725267 -0.0149192 -1.5547e-22)
(0.765732 -0.0103983 6.89357e-22)
(0.32316 -0.0545601 -3.86776e-20)
(0.351169 -0.0720363 -1.00778e-19)
(0.490868 -0.0740273 -1.70466e-20)
(0.540412 -0.0485767 -1.46383e-20)
(0.605322 -0.0414493 6.97162e-21)
(0.652535 -0.0300147 -1.94172e-21)
(0.68749 -0.0251167 2.45466e-21)
(0.725101 -0.0182619 4.49241e-22)
(0.740645 -0.0171164 -4.65499e-23)
(0.777692 -0.0119709 2.6543e-22)
(0.423221 -0.0682917 1.12702e-19)
(0.434017 -0.078414 2.52652e-20)
(0.550174 -0.0809701 6.90005e-20)
(0.586295 -0.0532221 -4.01298e-20)
(0.64082 -0.0456712 1.19564e-20)
(0.680904 -0.033184 -8.1446e-21)
(0.711132 -0.0278599 -3.53163e-21)
(0.744201 -0.0202852 -4.76322e-22)
(0.757717 -0.0190855 -4.47741e-22)
(0.791089 -0.0133952 3.81265e-22)
(0.531157 -0.0834151 -1.42359e-19)
(0.521207 -0.0843803 -2.21954e-20)
(0.611686 -0.0869389 -5.72946e-20)
(0.634177 -0.0571895 4.79466e-20)
(0.67801 -0.0492614 -1.49715e-20)
(0.710851 -0.0358976 6.39726e-21)
(0.736257 -0.0302242 3.99315e-21)
(0.764667 -0.0220313 -7.75288e-23)
(0.776143 -0.0208129 3.01898e-22)
(0.805696 -0.0146573 -8.05041e-22)
(0.644403 -0.0912981 -1.00105e-19)
(0.610254 -0.0876765 -1.11941e-19)
(0.673648 -0.0910346 1.54193e-20)
(0.682797 -0.0603646 -2.5762e-20)
(0.715945 -0.0521236 -2.25584e-20)
(0.74166 -0.0381448 -4.88924e-21)
(0.7623 -0.032194 1.02702e-21)
(0.786077 -0.0235043 -7.46072e-22)
(0.795579 -0.022277 2.21114e-22)
(0.821273 -0.0157653 3.67748e-22)
(1.02788 -0.0577087 0)
(0.905512 -0.0718402 0)
(0.883015 -0.0906615 0)
(0.852302 -0.0655413 0)
(0.851368 -0.0582983 0)
(0.854005 -0.0440764 0)
(0.858621 -0.0376941 0)
(0.866015 -0.0278823 0)
(0.868268 -0.0265139 0)
(0.879418 -0.0192779 0)
(1.30372 0.00302543 0)
(1.20182 -0.0230603 0)
(1.13726 -0.0495325 0)
(1.08335 -0.0481729 0)
(1.053 -0.0456424 0)
(1.03018 -0.0374123 0)
(1.01633 -0.0329581 0)
(1.00242 -0.0258316 0)
(0.995507 -0.0242122 0)
(0.985619 -0.0192607 0)
(1.30368 0.0553799 0)
(1.25701 0.00742659 0)
(1.2094 -0.0227707 0)
(1.1684 -0.0302941 0)
(1.14224 -0.0305874 0)
(1.11864 -0.0262773 0)
(1.10397 -0.0235669 0)
(1.085 -0.0192069 0)
(1.07719 -0.017789 0)
(1.0595 -0.015288 0)
(1.24303 0.0496246 0)
(1.22609 0.00601287 0)
(1.19765 -0.0161787 0)
(1.1711 -0.0219127 0)
(1.15446 -0.0216112 0)
(1.13729 -0.0185813 0)
(1.12771 -0.0163328 0)
(1.11227 -0.0134797 0)
(1.10732 -0.012031 0)
(1.09155 -0.0109575 0)
(1.17793 0.0434368 0)
(1.17676 0.0060671 0)
(1.16171 -0.0107902 0)
(1.1448 -0.0152428 0)
(1.13457 -0.01519 0)
(1.12292 -0.0133582 0)
(1.11743 -0.011567 0)
(1.10682 -0.00963369 0)
(1.10436 -0.00822518 0)
(1.09337 -0.00773059 0)
(1.12945 0.0340669 0)
(1.13513 0.00586961 0)
(1.12763 -0.00700773 0)
(1.11595 -0.0106788 0)
(1.10864 -0.010973 0)
(1.10012 -0.00998638 0)
(1.09652 -0.00861599 0)
(1.08922 -0.00722485 0)
(1.08789 -0.00598057 0)
(1.08065 -0.00561983 0)
(1.09586 0.0259737 0)
(1.10466 0.005621 0)
(1.10165 -0.00442005 0)
(1.09294 -0.00755562 0)
(1.08679 -0.00802228 0)
(1.07971 -0.00751947 0)
(1.07663 -0.00652436 0)
(1.07094 -0.00549807 0)
(1.06984 -0.00450798 0)
(1.06451 -0.00416247 0)
(1.07431 0.0179368 0)
(1.08426 0.00445036 0)
(1.08394 -0.00280012 0)
(1.07704 -0.00518326 0)
(1.07133 -0.00558733 0)
(1.06479 -0.00533031 0)
(1.06171 -0.00467047 0)
(1.05657 -0.0039568 0)
(1.05535 -0.003257 0)
(1.05062 -0.00295777 0)
(1.06144 0.0105708 0)
(1.07179 0.00284152 0)
(1.07309 -0.00156972 0)
(1.06731 -0.00304369 0)
(1.06181 -0.00329216 0)
(1.05542 -0.00317923 0)
(1.05223 -0.00281673 0)
(1.04717 -0.00240454 0)
(1.0458 -0.00199232 0)
(1.04108 -0.00179455 0)
(1.05547 0.0034737 0)
(1.0659 0.000962943 0)
(1.06797 -0.000513423 0)
(1.06274 -0.00100446 0)
(1.05733 -0.00108261 0)
(1.05096 -0.00105329 0)
(1.0477 -0.000940279 0)
(1.0426 -0.000808154 0)
(1.04115 -0.00067184 0)
(1.03633 -0.00060419 0)
(1.41026 0.307508 1.65019e-20)
(1.42207 0.286961 5.88593e-20)
(1.42728 0.263797 -1.25141e-19)
(1.42481 0.238264 -3.88646e-20)
(1.41367 0.210906 2.63689e-19)
(1.39311 0.182635 2.37972e-19)
(1.36271 0.15476 -4.69721e-19)
(1.32243 0.128947 3.47677e-20)
(1.27243 0.107034 -1.33499e-19)
(1.19466 0.088263 -6.10145e-19)
(1.2764 0.200208 -1.28784e-21)
(1.28889 0.190566 4.85315e-20)
(1.30027 0.180008 -4.4949e-20)
(1.31018 0.16844 9.19101e-20)
(1.31818 0.155763 -1.34888e-19)
(1.3238 0.141908 -3.9176e-20)
(1.32655 0.126875 2.06747e-19)
(1.32596 0.110775 -1.67007e-19)
(1.32211 0.0938908 -1.32166e-19)
(1.30817 0.0752134 3.23327e-20)
(1.19559 0.151875 -7.94386e-21)
(1.20612 0.149354 1.55832e-20)
(1.21678 0.146708 -2.13232e-20)
(1.22747 0.143861 -8.89428e-20)
(1.23802 0.140702 1.40969e-19)
(1.24822 0.137093 9.72941e-21)
(1.2578 0.13287 -8.81985e-20)
(1.26642 0.127862 1.48679e-19)
(1.27377 0.121892 1.81313e-20)
(1.27914 0.113974 3.31328e-20)
(1.13262 0.104201 -1.1221e-21)
(1.13968 0.102818 -4.81435e-21)
(1.14698 0.101413 -4.92738e-21)
(1.15453 0.0999981 4.30954e-20)
(1.16232 0.0985779 -5.12119e-20)
(1.17035 0.0971486 2.27424e-20)
(1.17857 0.0956935 -6.68064e-21)
(1.18692 0.0941778 -1.93754e-20)
(1.19528 0.0925123 1.11733e-19)
(1.20398 0.0900449 -2.30872e-20)
(1.09409 0.0765683 2.07198e-23)
(1.09913 0.0761871 3.931e-21)
(1.10433 0.0757899 2.84765e-21)
(1.10968 0.0753818 1.02294e-20)
(1.1152 0.0749665 2.63583e-20)
(1.12089 0.0745454 -2.63319e-20)
(1.12675 0.0741172 -1.29739e-20)
(1.13275 0.0736729 3.39963e-20)
(1.13891 0.0731571 -3.15676e-20)
(1.14552 0.0721036 -2.62049e-21)
(1.06748 0.0538556 -1.43015e-21)
(1.07113 0.0537097 2.31143e-23)
(1.07488 0.0535514 -1.60844e-21)
(1.07873 0.0533872 6.15875e-21)
(1.08268 0.0532234 -2.50938e-20)
(1.08674 0.0530659 6.68118e-21)
(1.09091 0.0529197 -1.16997e-20)
(1.09519 0.052784 -1.60774e-20)
(1.09958 0.0526216 1.49739e-21)
(1.10422 0.0521243 8.51356e-21)
(1.05064 0.0378085 -8.3761e-22)
(1.05339 0.0378262 5.43732e-21)
(1.0562 0.0378257 -3.19252e-21)
(1.05904 0.0378097 -4.58144e-22)
(1.06194 0.037781 1.16909e-20)
(1.06488 0.037742 3.19307e-21)
(1.06786 0.0376947 1.40266e-20)
(1.07088 0.0376374 -8.4482e-21)
(1.07396 0.0375445 1.83197e-20)
(1.07712 0.0372296 1.49205e-20)
(1.03967 0.0247078 -2.46939e-22)
(1.04184 0.0247464 -2.9502e-22)
(1.04404 0.0247703 2.05587e-21)
(1.04626 0.0247812 -3.52534e-21)
(1.04849 0.0247806 -4.02837e-21)
(1.05073 0.0247697 1.14546e-20)
(1.05299 0.0247491 -7.36334e-21)
(1.05525 0.024717 5.92392e-21)
(1.05752 0.0246574 -1.89577e-21)
(1.0598 0.0244662 -2.07689e-21)
(1.03325 0.0140693 3.75101e-22)
(1.03508 0.0141092 -3.4135e-21)
(1.03691 0.0141386 1.81296e-21)
(1.03874 0.0141581 7.07089e-21)
(1.04057 0.014168 -7.46412e-21)
(1.0424 0.0141685 2.46108e-21)
(1.04422 0.0141594 4.35401e-21)
(1.04602 0.0141393 -8.62606e-21)
(1.04781 0.0140997 8.64607e-21)
(1.04957 0.0139896 -2.4786e-21)
(1.03022 0.00452666 -1.0246e-21)
(1.03188 0.00454424 1.93836e-21)
(1.03353 0.00455876 -2.15131e-22)
(1.03518 0.00457 5.96069e-21)
(1.03682 0.00457766 -1.23698e-21)
(1.03845 0.00458132 1.03798e-21)
(1.04007 0.00458043 -8.30375e-21)
(1.04167 0.0045741 2.38207e-21)
(1.04325 0.00455949 1.48212e-21)
(1.0448 0.00452183 1.02004e-21)
(1.11923 0.39899 -3.3707e-19)
(1.15316 0.395152 -6.91473e-20)
(1.18779 0.391308 -3.47627e-20)
(1.22126 0.386673 -2.96526e-20)
(1.25422 0.380813 -1.60475e-20)
(1.28641 0.373517 -1.37475e-20)
(1.31708 0.364571 2.03112e-20)
(1.34552 0.35373 -4.31425e-20)
(1.37105 0.340749 7.94442e-20)
(1.39292 0.325403 5.71331e-21)
(1.1217 0.249575 1.62826e-20)
(1.13999 0.248411 -8.52443e-20)
(1.15785 0.246537 -5.44023e-20)
(1.17394 0.243866 5.09816e-20)
(1.18938 0.24032 -2.34837e-20)
(1.20473 0.235843 5.75459e-21)
(1.21991 0.230435 -1.32211e-20)
(1.23474 0.224133 1.78836e-20)
(1.24916 0.216978 -1.37671e-20)
(1.26309 0.209002 -1.01813e-20)
(1.10055 0.170162 -6.02884e-21)
(1.11032 0.169568 3.83648e-20)
(1.11964 0.168465 3.61328e-20)
(1.12837 0.167002 1.49168e-20)
(1.13715 0.165285 2.25615e-21)
(1.14626 0.163356 -1.88128e-21)
(1.15566 0.161254 7.496e-21)
(1.1653 0.159022 -1.06069e-20)
(1.17516 0.156702 5.74693e-21)
(1.18526 0.154319 1.97142e-21)
(1.072 0.114231 3.48822e-21)
(1.07778 0.113752 5.3469e-20)
(1.08342 0.113066 1.79905e-20)
(1.08889 0.112252 -2.86905e-20)
(1.09451 0.111348 5.98107e-21)
(1.10037 0.110352 -3.76721e-21)
(1.10645 0.109266 -4.90914e-21)
(1.11271 0.108096 -1.42836e-21)
(1.11915 0.106854 3.19188e-21)
(1.12578 0.105551 -3.17384e-21)
(1.05121 0.0781244 1.66305e-21)
(1.05516 0.0782503 -2.22084e-20)
(1.05906 0.0782786 1.50992e-20)
(1.06293 0.0782424 8.29849e-21)
(1.06692 0.078152 -9.66335e-21)
(1.07109 0.0780058 5.37516e-21)
(1.07541 0.0778044 -3.27303e-21)
(1.07987 0.0775529 -6.00583e-22)
(1.08447 0.0772581 1.4596e-22)
(1.08921 0.0769276 8.77263e-22)
(1.03605 0.0533199 8.82488e-21)
(1.03888 0.0536206 -1.13069e-21)
(1.04173 0.0538427 -1.94922e-20)
(1.0446 0.0540057 4.45997e-21)
(1.04756 0.0541164 -7.29926e-22)
(1.05063 0.0541759 1.65539e-21)
(1.05381 0.0541869 -4.85585e-21)
(1.05708 0.0541544 -3.26352e-22)
(1.06045 0.0540842 4.97221e-22)
(1.06392 0.0539826 -4.5584e-22)
(1.02627 0.0359481 1.41667e-20)
(1.02845 0.0363243 4.16e-21)
(1.03068 0.0366431 9.94002e-21)
(1.03295 0.0369159 3.83436e-21)
(1.03527 0.0371475 3.42196e-21)
(1.03767 0.0373399 -4.02737e-22)
(1.04015 0.0374951 6.89801e-23)
(1.04269 0.0376162 -1.02036e-22)
(1.04528 0.0377066 4.52275e-22)
(1.04793 0.0377697 -6.99983e-22)
(1.01995 0.0230161 -1.314e-21)
(1.02172 0.0233338 -1.40244e-21)
(1.02353 0.0236076 5.92547e-21)
(1.02539 0.0238444 3.24995e-21)
(1.02729 0.0240482 -5.88121e-21)
(1.02925 0.0242213 8.99054e-22)
(1.03126 0.0243658 9.27665e-22)
(1.03331 0.0244841 2.26737e-23)
(1.0354 0.0245789 -9.80174e-23)
(1.03752 0.0246527 1.29384e-23)
(1.01629 0.0128513 -7.30518e-22)
(1.01782 0.013065 3.66537e-23)
(1.0194 0.0132516 -1.48587e-21)
(1.02102 0.013415 -3.32839e-22)
(1.02267 0.0135579 -2.49434e-22)
(1.02437 0.0136818 2.01202e-21)
(1.02609 0.0137884 -8.0585e-22)
(1.02785 0.013879 4.86842e-22)
(1.02963 0.0139552 -5.43714e-22)
(1.03144 0.0140183 2.29179e-22)
(1.0146 0.00412317 7.49135e-22)
(1.01603 0.00419307 2.52187e-22)
(1.0175 0.00425313 -3.48602e-23)
(1.019 0.00430515 2.40051e-21)
(1.02054 0.00435051 -8.00964e-22)
(1.0221 0.00439019 -1.63989e-22)
(1.02369 0.00442497 -7.58509e-22)
(1.02531 0.00445554 -2.07355e-22)
(1.02693 0.00448245 7.38926e-22)
(1.02858 0.00450608 -5.44585e-22)
(1.00013 0.0147522 0)
(1.0009 0.0447635 0)
(1.00228 0.0761215 0)
(1.00455 0.109646 0)
(1.00824 0.14621 0)
(1.01419 0.186688 0)
(1.0236 0.231815 0)
(1.03773 0.282245 0)
(1.05917 0.335905 0)
(1.08484 0.40332 0)
(1.00021 0.0120931 0)
(1.00186 0.0363623 0)
(1.0051 0.0608994 0)
(1.01024 0.0859099 0)
(1.01752 0.111556 0)
(1.02731 0.137919 0)
(1.04007 0.164919 0)
(1.05638 0.192517 0)
(1.07663 0.218987 0)
(1.10289 0.25085 0)
(1.00021 0.0092226 0)
(1.0019 0.0276845 0)
(1.00523 0.0461585 0)
(1.01039 0.0646252 0)
(1.01745 0.0830336 0)
(1.02654 0.101287 0)
(1.03779 0.119207 0)
(1.05158 0.136657 0)
(1.0675 0.152682 0)
(1.0892 0.170458 0)
(1.00016 0.00663221 0)
(1.00151 0.0198938 0)
(1.00417 0.0330815 0)
(1.00829 0.0461067 0)
(1.01386 0.0588683 0)
(1.02088 0.0712484 0)
(1.02933 0.0830918 0)
(1.03933 0.0942678 0)
(1.05042 0.104235 0)
(1.06494 0.1146 0)
(1.00012 0.00464144 0)
(1.0011 0.0139178 0)
(1.00306 0.0231154 0)
(1.0061 0.0321443 0)
(1.0102 0.0409104 0)
(1.0153 0.0493178 0)
(1.02138 0.0572588 0)
(1.02848 0.064647 0)
(1.03627 0.0712054 0)
(1.04617 0.0777747 0)
(1.00009 0.00319455 0)
(1.00079 0.0095773 0)
(1.00221 0.0158973 0)
(1.0044 0.0220837 0)
(1.00735 0.0280647 0)
(1.011 0.0337705 0)
(1.01531 0.039129 0)
(1.02029 0.0440817 0)
(1.02573 0.0484766 0)
(1.03238 0.0527474 0)
(1.00006 0.00214612 0)
(1.00058 0.0064333 0)
(1.00162 0.0106759 0)
(1.00322 0.0148245 0)
(1.00537 0.0188295 0)
(1.00802 0.0226444 0)
(1.01116 0.0262234 0)
(1.01475 0.0295297 0)
(1.01871 0.032481 0)
(1.02337 0.0353063 0)
(1.00005 0.00136759 0)
(1.00044 0.00409924 0)
(1.00123 0.006802 0)
(1.00244 0.00944416 0)
(1.00407 0.0119942 0)
(1.00608 0.014423 0)
(1.00845 0.0167023 0)
(1.01116 0.0188092 0)
(1.01415 0.0206983 0)
(1.01757 0.0224868 0)
(1.00004 0.000758893 0)
(1.00036 0.00227476 0)
(1.00099 0.0037747 0)
(1.00198 0.00524125 0)
(1.0033 0.00665714 0)
(1.00493 0.00800651 0)
(1.00685 0.00927433 0)
(1.00905 0.0104483 0)
(1.01149 0.0115058 0)
(1.01421 0.0125029 0)
(1.00003 0.000243027 0)
(1.00032 0.000728526 0)
(1.00089 0.00120898 0)
(1.00177 0.00167881 0)
(1.00294 0.00213252 0)
(1.0044 0.00256507 0)
(1.00611 0.00297168 0)
(1.00807 0.00334844 0)
(1.01025 0.00368825 0)
(1.01265 0.0040084 0)
(0.999543 0.000802206 2.64588e-20)
(0.995424 0.00244366 -1.36606e-20)
(0.986527 0.00419418 3.50134e-20)
(0.972685 0.0061343 -2.31809e-20)
(0.953597 0.00835503 -2.50502e-20)
(0.928529 0.0109762 9.80771e-20)
(0.896403 0.0141604 -1.87855e-20)
(0.855719 0.0181283 1.35276e-19)
(0.80441 0.0231441 7.86251e-20)
(0.739414 0.0291978 -7.9346e-20)
(0.999532 0.00240179 3.21425e-20)
(0.995436 0.00731505 7.21961e-20)
(0.986626 0.0125507 1.09144e-19)
(0.972952 0.0183489 -1.52092e-19)
(0.954134 0.0249811 2.06827e-20)
(0.929478 0.032804 6.04055e-20)
(0.897966 0.0423011 -1.02876e-19)
(0.858188 0.0541276 1.75447e-19)
(0.808183 0.0690693 -4.69011e-19)
(0.745063 0.0870793 6.42116e-19)
(0.999512 0.0039875 -1.13675e-19)
(0.995461 0.01214 5.08801e-20)
(0.986824 0.0208136 -2.50108e-21)
(0.973481 0.0304043 -2.54576e-19)
(0.9552 0.0413591 6.46884e-20)
(0.931362 0.0542632 -1.47587e-19)
(0.901071 0.0699078 1.99898e-19)
(0.863096 0.089362 -5.21507e-19)
(0.815691 0.113911 8.9282e-19)
(0.75634 0.143418 -6.83872e-19)
(0.999486 0.00555199 7.39855e-20)
(0.995502 0.0168918 -2.81895e-20)
(0.987117 0.0289268 1.77859e-19)
(0.974265 0.0422032 -3.25443e-19)
(0.956779 0.0573363 2.0516e-19)
(0.934157 0.0751261 -4.10105e-19)
(0.905677 0.0966468 -6.1816e-20)
(0.870387 0.123345 1.29338e-18)
(0.826862 0.156965 -3.72486e-19)
(0.773211 0.197179 -8.7492e-19)
(0.99946 0.00709011 -3.04648e-19)
(0.995559 0.0215468 2.71254e-19)
(0.987503 0.0368373 -1.33334e-19)
(0.9753 0.0536537 -5.77683e-19)
(0.958863 0.0727706 5.53248e-19)
(0.937839 0.095183 -7.14416e-19)
(0.911743 0.122211 9.31609e-19)
(0.879991 0.155622 2.59525e-19)
(0.8416 0.197545 6.34361e-19)
(0.79565 0.247318 5.94917e-20)
(0.999438 0.00859954 2.4423e-19)
(0.995633 0.0260802 -6.64817e-20)
(0.987985 0.0444848 3.76583e-19)
(0.976591 0.0646522 -4.20017e-19)
(0.961459 0.0875072 4.03104e-19)
(0.942409 0.114215 -1.12704e-19)
(0.919242 0.146291 2.32417e-19)
(0.891843 0.185742 -7.16794e-19)
(0.859808 0.234963 -1.20794e-18)
(0.823662 0.292767 7.23556e-19)
(0.999419 0.0100887 -1.20473e-19)
(0.995716 0.0304787 -1.12543e-19)
(0.988569 0.0518174 5.56153e-20)
(0.978168 0.0751049 -3.72161e-19)
(0.96461 0.101405 1.30691e-18)
(0.947905 0.132016 -1.06494e-18)
(0.928196 0.168582 5.36376e-19)
(0.905913 0.213246 -8.98185e-19)
(0.881415 0.268499 -2.40143e-19)
(0.85732 0.332472 1.81728e-18)
(0.999398 0.0115977 1.47319e-19)
(0.995811 0.0348008 -1.91393e-20)
(0.9893 0.058909 -1.6669e-19)
(0.980111 0.0851177 2.032e-19)
(0.968414 0.114613 5.73376e-19)
(0.954429 0.14876 -1.2491e-18)
(0.938683 0.189213 1.00225e-18)
(0.922222 0.238064 -2.23291e-18)
(0.906421 0.297593 1.82091e-18)
(0.896721 0.365492 -4.5616e-19)
(0.999393 0.0131592 -1.64713e-19)
(0.996021 0.0390993 2.15407e-19)
(0.990368 0.0658928 -3.80453e-19)
(0.982677 0.0949498 -2.26925e-19)
(0.973162 0.127559 5.33449e-21)
(0.96226 0.16507 3.19865e-19)
(0.950907 0.208947 -1.61869e-18)
(0.940773 0.260844 1.78687e-18)
(0.93465 0.321943 -1.55913e-18)
(0.94149 0.389905 6.723e-19)
(0.999479 0.0144432 -1.15709e-19)
(0.99665 0.0425516 1.201e-20)
(0.992211 0.0715479 -4.47325e-20)
(0.98639 0.102936 -3.29112e-19)
(0.979455 0.138057 -2.46784e-19)
(0.972031 0.17819 1.41939e-18)
(0.965373 0.224508 1.12338e-18)
(0.961564 0.277986 -5.00284e-19)
(0.964868 0.337909 -1.02437e-19)
(0.988587 0.400166 -2.2055e-18)
(0.999479 -0.0144433 -1.15583e-19)
(0.99665 -0.0425517 8.85563e-20)
(0.992211 -0.0715479 -3.58985e-20)
(0.98639 -0.102936 5.42319e-19)
(0.979455 -0.138057 3.0142e-19)
(0.972031 -0.17819 -1.19733e-18)
(0.965373 -0.224508 -9.77015e-19)
(0.961564 -0.277986 6.4759e-19)
(0.964868 -0.337909 6.19194e-20)
(0.988587 -0.400166 2.26267e-18)
(0.999393 -0.0131592 7.13734e-20)
(0.996021 -0.0390993 -4.51054e-19)
(0.990368 -0.0658929 2.65826e-19)
(0.982677 -0.0949498 -1.53368e-19)
(0.973162 -0.127559 -2.40814e-19)
(0.96226 -0.16507 -1.31478e-19)
(0.950907 -0.208947 1.3636e-18)
(0.940773 -0.260844 -1.51412e-18)
(0.93465 -0.321943 1.75453e-18)
(0.94149 -0.389905 -9.35997e-19)
(0.999398 -0.0115977 -4.11039e-20)
(0.995811 -0.0348008 1.75534e-19)
(0.9893 -0.058909 2.90119e-19)
(0.980111 -0.0851178 -5.69633e-20)
(0.968414 -0.114613 -7.82663e-19)
(0.954429 -0.14876 9.39958e-19)
(0.938683 -0.189213 -9.20005e-19)
(0.922222 -0.238064 2.06577e-18)
(0.906421 -0.297593 -2.0293e-18)
(0.896721 -0.365492 6.16586e-19)
(0.999419 -0.0100887 -1.08289e-20)
(0.995716 -0.0304787 2.2993e-19)
(0.988569 -0.0518174 -2.10604e-19)
(0.978168 -0.0751049 8.00621e-19)
(0.96461 -0.101405 -1.00605e-19)
(0.947905 -0.132016 -1.12355e-19)
(0.928196 -0.168582 -5.55911e-19)
(0.905913 -0.213246 3.99272e-19)
(0.881415 -0.268499 1.95649e-19)
(0.85732 -0.332472 -1.88945e-18)
(0.999438 -0.00859955 2.15559e-19)
(0.995633 -0.0260802 -7.60102e-20)
(0.987985 -0.0444849 2.12376e-19)
(0.976591 -0.0646522 3.5092e-19)
(0.961459 -0.0875072 -4.93962e-19)
(0.942409 -0.114215 -7.53178e-20)
(0.919242 -0.146291 6.90118e-20)
(0.891843 -0.185742 5.78359e-19)
(0.859808 -0.234963 1.0387e-18)
(0.823662 -0.292767 -6.01826e-19)
(0.99946 -0.00709012 -1.54001e-19)
(0.995559 -0.0215468 -9.33972e-21)
(0.987503 -0.0368374 -4.57124e-19)
(0.9753 -0.0536538 7.1489e-19)
(0.958863 -0.0727706 -6.22444e-19)
(0.937839 -0.095183 1.20709e-18)
(0.911743 -0.122211 -1.41188e-18)
(0.879991 -0.155622 6.62727e-19)
(0.8416 -0.197545 -8.19639e-20)
(0.79565 -0.247318 8.50244e-20)
(0.999486 -0.005552 1.49716e-19)
(0.995502 -0.0168918 -1.1451e-19)
(0.987117 -0.0289268 1.22503e-19)
(0.974265 -0.0422032 -1.65623e-19)
(0.956779 -0.0573364 4.13684e-20)
(0.934157 -0.0751261 3.04404e-19)
(0.905677 -0.0966468 2.8497e-19)
(0.870387 -0.123345 -1.79995e-18)
(0.826862 -0.156965 2.69844e-20)
(0.773211 -0.197179 8.47921e-19)
(0.999512 -0.00398751 -6.36012e-20)
(0.995461 -0.01214 1.2733e-20)
(0.986824 -0.0208136 -1.65639e-19)
(0.973481 -0.0304043 1.91917e-19)
(0.9552 -0.0413591 -7.60287e-20)
(0.931362 -0.0542633 8.03535e-20)
(0.901071 -0.0699078 -9.17457e-20)
(0.863096 -0.089362 4.72354e-19)
(0.815691 -0.113911 -9.50772e-19)
(0.75634 -0.143418 5.76624e-19)
(0.999532 -0.0024018 4.48864e-20)
(0.995436 -0.00731507 -2.49287e-20)
(0.986626 -0.0125507 -1.96705e-20)
(0.972952 -0.0183489 2.28829e-19)
(0.954134 -0.0249811 -3.95675e-20)
(0.929478 -0.032804 -2.84922e-20)
(0.897966 -0.0423012 -5.26011e-20)
(0.858188 -0.0541276 -1.04297e-19)
(0.808183 -0.0690693 4.975e-19)
(0.745063 -0.0870793 -6.87625e-19)
(0.999543 -0.000802214 2.53838e-20)
(0.995424 -0.00244368 -6.87831e-21)
(0.986527 -0.00419421 -3.62148e-20)
(0.972685 -0.00613433 5.38424e-20)
(0.953597 -0.00835506 4.08442e-20)
(0.928529 -0.0109762 -1.49399e-20)
(0.896403 -0.0141604 9.42463e-20)
(0.855719 -0.0181283 -1.73731e-19)
(0.80441 -0.0231441 6.06308e-21)
(0.739414 -0.0291978 1.20063e-19)
(1.00003 -0.000243027 0)
(1.00032 -0.000728526 0)
(1.00089 -0.00120899 0)
(1.00177 -0.00167881 0)
(1.00294 -0.00213252 0)
(1.0044 -0.00256507 0)
(1.00611 -0.00297168 0)
(1.00807 -0.00334844 0)
(1.01025 -0.00368825 0)
(1.01265 -0.0040084 0)
(1.00004 -0.000758893 0)
(1.00036 -0.00227476 0)
(1.00099 -0.00377471 0)
(1.00198 -0.00524125 0)
(1.0033 -0.00665715 0)
(1.00493 -0.00800651 0)
(1.00685 -0.00927433 0)
(1.00905 -0.0104483 0)
(1.01149 -0.0115058 0)
(1.01421 -0.0125029 0)
(1.00005 -0.00136759 0)
(1.00044 -0.00409924 0)
(1.00123 -0.006802 0)
(1.00244 -0.00944416 0)
(1.00407 -0.0119942 0)
(1.00608 -0.014423 0)
(1.00845 -0.0167023 0)
(1.01116 -0.0188092 0)
(1.01415 -0.0206983 0)
(1.01757 -0.0224868 0)
(1.00006 -0.00214612 0)
(1.00058 -0.0064333 0)
(1.00162 -0.0106759 0)
(1.00322 -0.0148245 0)
(1.00537 -0.0188295 0)
(1.00802 -0.0226444 0)
(1.01116 -0.0262234 0)
(1.01475 -0.0295297 0)
(1.01871 -0.032481 0)
(1.02337 -0.0353063 0)
(1.00009 -0.00319455 0)
(1.00079 -0.0095773 0)
(1.00221 -0.0158973 0)
(1.0044 -0.0220837 0)
(1.00735 -0.0280647 0)
(1.011 -0.0337705 0)
(1.01531 -0.039129 0)
(1.02029 -0.0440817 0)
(1.02573 -0.0484766 0)
(1.03238 -0.0527474 0)
(1.00012 -0.00464144 0)
(1.0011 -0.0139178 0)
(1.00306 -0.0231154 0)
(1.0061 -0.0321443 0)
(1.0102 -0.0409104 0)
(1.0153 -0.0493178 0)
(1.02138 -0.0572588 0)
(1.02848 -0.064647 0)
(1.03627 -0.0712054 0)
(1.04617 -0.0777747 0)
(1.00016 -0.00663221 0)
(1.00151 -0.0198938 0)
(1.00417 -0.0330815 0)
(1.00829 -0.0461067 0)
(1.01386 -0.0588683 0)
(1.02088 -0.0712484 0)
(1.02933 -0.0830918 0)
(1.03933 -0.0942678 0)
(1.05042 -0.104235 0)
(1.06494 -0.1146 0)
(1.00021 -0.00922261 0)
(1.0019 -0.0276845 0)
(1.00523 -0.0461585 0)
(1.01039 -0.0646252 0)
(1.01745 -0.0830336 0)
(1.02654 -0.101287 0)
(1.03779 -0.119207 0)
(1.05158 -0.136657 0)
(1.0675 -0.152682 0)
(1.0892 -0.170458 0)
(1.00021 -0.0120931 0)
(1.00186 -0.0363623 0)
(1.0051 -0.0608995 0)
(1.01024 -0.0859099 0)
(1.01752 -0.111556 0)
(1.02731 -0.137919 0)
(1.04007 -0.164919 0)
(1.05638 -0.192517 0)
(1.07663 -0.218987 0)
(1.10289 -0.25085 0)
(1.00013 -0.0147522 0)
(1.0009 -0.0447635 0)
(1.00228 -0.0761216 0)
(1.00455 -0.109646 0)
(1.00824 -0.14621 0)
(1.01419 -0.186688 0)
(1.0236 -0.231815 0)
(1.03773 -0.282245 0)
(1.05917 -0.335905 0)
(1.08484 -0.40332 0)
(1.0146 -0.00412317 5.74664e-22)
(1.01603 -0.00419307 6.67907e-22)
(1.0175 -0.00425312 9.02073e-22)
(1.019 -0.00430515 8.22242e-23)
(1.02054 -0.00435051 -1.70942e-21)
(1.0221 -0.00439019 3.9283e-22)
(1.02369 -0.00442497 7.49992e-22)
(1.02531 -0.00445554 1.70699e-22)
(1.02693 -0.00448245 -7.37144e-22)
(1.02858 -0.00450608 5.27865e-22)
(1.01629 -0.0128513 -1.43364e-21)
(1.01782 -0.013065 4.357e-21)
(1.0194 -0.0132516 -4.10307e-21)
(1.02102 -0.013415 -4.90718e-22)
(1.02267 -0.0135579 2.6533e-22)
(1.02437 -0.0136818 -1.37304e-21)
(1.02609 -0.0137884 1.05938e-21)
(1.02785 -0.013879 -4.47891e-22)
(1.02963 -0.0139552 7.72111e-22)
(1.03144 -0.0140183 -1.72138e-22)
(1.01995 -0.0230161 -1.5816e-21)
(1.02172 -0.0233338 -7.65031e-22)
(1.02353 -0.0236076 3.09733e-21)
(1.02539 -0.0238444 3.85332e-21)
(1.02729 -0.0240482 -3.30178e-23)
(1.02925 -0.0242213 -1.59348e-21)
(1.03126 -0.0243658 -7.39626e-22)
(1.03331 -0.0244841 9.54149e-23)
(1.0354 -0.0245789 -1.64994e-22)
(1.03752 -0.0246527 1.26401e-22)
(1.02627 -0.0359481 1.23915e-20)
(1.02845 -0.0363243 1.24831e-20)
(1.03068 -0.0366431 -4.5419e-21)
(1.03295 -0.0369159 8.31466e-21)
(1.03527 -0.0371475 1.94791e-21)
(1.03767 -0.0373399 4.75596e-21)
(1.04015 -0.0374951 -1.66559e-22)
(1.04269 -0.0376162 -1.40877e-22)
(1.04528 -0.0377066 -6.5513e-22)
(1.04793 -0.0377697 2.08534e-22)
(1.03605 -0.0533199 8.30998e-21)
(1.03888 -0.0536206 1.43096e-21)
(1.04173 -0.0538427 -1.04397e-20)
(1.0446 -0.0540057 -7.24284e-21)
(1.04756 -0.0541164 3.23284e-21)
(1.05063 -0.0541759 -1.0063e-20)
(1.05381 -0.0541869 2.89841e-21)
(1.05708 -0.0541544 1.2971e-22)
(1.06045 -0.0540842 -4.62252e-22)
(1.06392 -0.0539825 4.47596e-22)
(1.05121 -0.0781244 -1.78817e-21)
(1.05516 -0.0782503 -2.24315e-20)
(1.05906 -0.0782786 2.16189e-20)
(1.06293 -0.0782424 -6.98248e-21)
(1.06692 -0.078152 -1.08153e-20)
(1.07109 -0.0780058 1.09503e-20)
(1.07541 -0.0778044 3.59423e-21)
(1.07987 -0.0775528 9.87717e-22)
(1.08447 -0.0772581 -1.40684e-23)
(1.08921 -0.0769276 1.92856e-22)
(1.072 -0.114231 -2.28431e-20)
(1.07778 -0.113752 7.13718e-20)
(1.08342 -0.113066 -1.36923e-20)
(1.08889 -0.112252 9.55498e-22)
(1.09451 -0.111348 1.00488e-20)
(1.10037 -0.110352 -1.31683e-20)
(1.10645 -0.109266 6.78601e-21)
(1.11271 -0.108096 -2.53442e-21)
(1.11915 -0.106854 9.35532e-22)
(1.12578 -0.105551 -1.42753e-22)
(1.10055 -0.170162 2.55093e-20)
(1.11032 -0.169568 1.04914e-20)
(1.11964 -0.168465 6.43993e-20)
(1.12837 -0.167002 -2.71698e-20)
(1.13715 -0.165285 5.74767e-21)
(1.14626 -0.163356 1.15889e-20)
(1.15566 -0.161254 3.02717e-21)
(1.1653 -0.159022 7.71466e-22)
(1.17516 -0.156702 -5.8742e-21)
(1.18526 -0.154318 5.75715e-21)
(1.1217 -0.249575 1.15591e-20)
(1.13999 -0.248411 -7.57892e-20)
(1.15785 -0.246537 -7.44961e-20)
(1.17394 -0.243866 4.03342e-20)
(1.18938 -0.24032 6.5799e-21)
(1.20473 -0.235843 8.97731e-22)
(1.21991 -0.230435 -1.5645e-20)
(1.23474 -0.224133 2.5288e-20)
(1.24916 -0.216978 -2.89762e-20)
(1.26309 -0.209002 -4.96849e-24)
(1.11923 -0.39899 2.64705e-19)
(1.15316 -0.395152 7.69583e-20)
(1.18779 -0.391308 4.04099e-20)
(1.22126 -0.386673 -3.41841e-20)
(1.25422 -0.380813 2.26178e-20)
(1.28641 -0.373517 1.85176e-21)
(1.31708 -0.364571 -2.73388e-21)
(1.34552 -0.35373 1.41167e-20)
(1.37105 -0.340749 2.78243e-20)
(1.39292 -0.325403 -7.8657e-22)
(1.03022 -0.00452666 1.0481e-21)
(1.03188 -0.00454424 -1.94392e-21)
(1.03353 -0.00455876 6.15399e-22)
(1.03518 -0.00457 -6.07374e-21)
(1.03682 -0.00457766 2.40862e-21)
(1.03845 -0.00458132 6.55206e-21)
(1.04007 -0.00458044 -1.27619e-21)
(1.04167 -0.0045741 -2.91495e-22)
(1.04325 -0.00455949 5.11199e-22)
(1.0448 -0.00452183 1.36423e-21)
(1.03325 -0.0140693 -4.57846e-22)
(1.03508 -0.0141092 2.5754e-21)
(1.03691 -0.0141386 -2.31054e-21)
(1.03874 -0.0141581 -5.24423e-21)
(1.04057 -0.014168 9.58473e-21)
(1.0424 -0.0141685 -3.51567e-22)
(1.04422 -0.0141594 4.28706e-21)
(1.04602 -0.0141393 -3.27268e-21)
(1.04781 -0.0140997 -6.08037e-22)
(1.04957 -0.0139896 -1.22754e-21)
(1.03967 -0.0247078 2.58427e-23)
(1.04184 -0.0247464 -8.04253e-23)
(1.04404 -0.0247703 4.72807e-22)
(1.04626 -0.0247812 3.79008e-21)
(1.04849 -0.0247806 1.23925e-21)
(1.05073 -0.0247697 -4.20306e-21)
(1.05299 -0.0247491 -8.04206e-21)
(1.05525 -0.024717 1.15732e-20)
(1.05752 -0.0246574 -3.03327e-21)
(1.0598 -0.0244662 -1.67256e-21)
(1.05064 -0.0378085 1.63257e-21)
(1.05339 -0.0378262 -2.63277e-21)
(1.0562 -0.0378257 3.79354e-21)
(1.05904 -0.0378097 -3.39942e-22)
(1.06194 -0.037781 -1.02372e-21)
(1.06488 -0.037742 7.96226e-21)
(1.06786 -0.0376947 6.84214e-21)
(1.07088 -0.0376374 1.6053e-20)
(1.07396 -0.0375445 5.11524e-21)
(1.07712 -0.0372296 1.72529e-20)
(1.06748 -0.0538556 1.42303e-21)
(1.07113 -0.0537097 -5.29301e-22)
(1.07488 -0.0535514 -5.60335e-21)
(1.07873 -0.0533872 -1.37143e-20)
(1.08268 -0.0532234 3.84083e-21)
(1.08674 -0.0530659 -1.39987e-21)
(1.09091 -0.0529197 6.77921e-21)
(1.09519 -0.052784 -3.06411e-20)
(1.09958 -0.0526216 -2.13241e-21)
(1.10422 -0.0521243 9.10945e-21)
(1.09409 -0.0765683 -1.6452e-21)
(1.09913 -0.0761871 -4.73746e-21)
(1.10433 -0.0757899 7.58497e-21)
(1.10968 -0.0753818 -1.04691e-20)
(1.1152 -0.0749665 2.0471e-20)
(1.12089 -0.0745454 -1.78953e-20)
(1.12675 -0.0741172 1.62142e-20)
(1.13275 -0.0736729 2.35735e-20)
(1.13891 -0.0731571 -3.07928e-20)
(1.14552 -0.0721036 1.34762e-21)
(1.13262 -0.104201 5.63096e-21)
(1.13968 -0.102818 -5.39222e-21)
(1.14698 -0.101413 -7.58265e-21)
(1.15453 -0.0999981 -3.93618e-21)
(1.16232 -0.0985779 -1.2664e-20)
(1.17035 -0.0971485 1.56281e-20)
(1.17857 -0.0956934 -5.49162e-20)
(1.18692 -0.0941778 3.51663e-20)
(1.19528 -0.0925123 8.90742e-20)
(1.20398 -0.0900448 5.6642e-21)
(1.19559 -0.151875 -1.78705e-21)
(1.20612 -0.149354 -1.31413e-20)
(1.21678 -0.146708 2.54543e-20)
(1.22747 -0.143861 -4.37833e-20)
(1.23802 -0.140702 -1.40028e-20)
(1.24822 -0.137093 3.42068e-20)
(1.2578 -0.13287 4.37194e-20)
(1.26642 -0.127862 7.32349e-20)
(1.27377 -0.121892 6.6185e-20)
(1.27914 -0.113974 -1.04395e-20)
(1.2764 -0.200208 1.35126e-20)
(1.28889 -0.190566 2.23378e-20)
(1.30027 -0.180008 -2.3614e-20)
(1.31018 -0.16844 8.07697e-20)
(1.31818 -0.155763 -9.12706e-20)
(1.3238 -0.141908 -1.74124e-19)
(1.32655 -0.126875 2.65002e-19)
(1.32596 -0.110775 -1.226e-19)
(1.32211 -0.0938906 -1.47654e-19)
(1.30817 -0.0752132 3.78076e-20)
(1.41026 -0.307508 -2.2261e-20)
(1.42207 -0.286961 -2.12728e-20)
(1.42728 -0.263797 1.94305e-19)
(1.42481 -0.238263 -3.16274e-20)
(1.41367 -0.210906 -1.40759e-19)
(1.39311 -0.182635 -7.98842e-20)
(1.36271 -0.15476 8.83857e-20)
(1.32243 -0.128947 -1.49773e-20)
(1.27243 -0.107033 1.53086e-19)
(1.19466 -0.0882628 4.88392e-19)
(1.05547 -0.0034737 0)
(1.0659 -0.00096296 0)
(1.06798 0.000513399 0)
(1.06274 0.00100444 0)
(1.05733 0.00108256 0)
(1.05096 0.00105335 0)
(1.0477 0.000940342 0)
(1.0426 0.000808269 0)
(1.04115 0.000671987 0)
(1.03633 0.000604161 0)
(1.06144 -0.0105708 0)
(1.07179 -0.00284157 0)
(1.07309 0.00156965 0)
(1.06731 0.00304362 0)
(1.06181 0.003292 0)
(1.05542 0.00317942 0)
(1.05223 0.00281693 0)
(1.04717 0.0024049 0)
(1.0458 0.00199277 0)
(1.04108 0.00179446 0)
(1.07431 -0.0179368 0)
(1.08426 -0.00445044 0)
(1.08394 0.0028 0)
(1.07704 0.00518312 0)
(1.07133 0.00558704 0)
(1.06479 0.00533062 0)
(1.06171 0.0046708 0)
(1.05657 0.00395746 0)
(1.05535 0.0032578 0)
(1.05062 0.00295762 0)
(1.09586 -0.0259736 0)
(1.10466 -0.00562111 0)
(1.10165 0.00441987 0)
(1.09294 0.00755537 0)
(1.08679 0.00802184 0)
(1.07971 0.00751992 0)
(1.07663 0.00652485 0)
(1.07094 0.00549909 0)
(1.06984 0.00450918 0)
(1.06451 0.00416222 0)
(1.12945 -0.0340669 0)
(1.13513 -0.00586975 0)
(1.12763 0.00700749 0)
(1.11595 0.0106784 0)
(1.10864 0.0109724 0)
(1.10012 0.00998696 0)
(1.09652 0.00861664 0)
(1.08922 0.00722637 0)
(1.08789 0.00598225 0)
(1.08064 0.00561948 0)
(1.17793 -0.0434367 0)
(1.17676 -0.00606724 0)
(1.16171 0.0107898 0)
(1.1448 0.0152421 0)
(1.13457 0.0151891 0)
(1.12292 0.0133589 0)
(1.11743 0.0115678 0)
(1.10683 0.00963584 0)
(1.10436 0.00822742 0)
(1.09337 0.00773015 0)
(1.24303 -0.0496244 0)
(1.22609 -0.00601297 0)
(1.19765 0.0161782 0)
(1.1711 0.0219117 0)
(1.15446 0.0216101 0)
(1.1373 0.0185821 0)
(1.12771 0.0163339 0)
(1.11227 0.0134826 0)
(1.10732 0.0120339 0)
(1.09155 0.010957 0)
(1.30368 -0.0553796 0)
(1.25701 -0.00742652 0)
(1.2094 0.0227701 0)
(1.1684 0.0302926 0)
(1.14224 0.0305859 0)
(1.11865 0.0262778 0)
(1.10397 0.0235681 0)
(1.08501 0.0192107 0)
(1.07719 0.0177927 0)
(1.0595 0.0152876 0)
(1.30372 -0.00302496 0)
(1.20182 0.0230607 0)
(1.13725 0.049532 0)
(1.08335 0.048171 0)
(1.053 0.0456405 0)
(1.03018 0.0374122 0)
(1.01634 0.032959 0)
(1.00243 0.0258362 0)
(0.995506 0.0242168 0)
(0.985617 0.0192605 0)
(1.02788 0.0577092 0)
(0.905511 0.0718409 0)
(0.883013 0.0906613 0)
(0.852299 0.0655393 0)
(0.851368 0.0582958 0)
(0.854007 0.0440751 0)
(0.858624 0.0376944 0)
(0.866019 0.0278877 0)
(0.868267 0.0265196 0)
(0.879417 0.0192783 0)
(0.644403 0.0912988 2.7293e-19)
(0.610254 0.0876775 -3.98631e-20)
(0.673646 0.0910344 -1.64274e-20)
(0.682794 0.0603619 1.49717e-20)
(0.715945 0.0521206 1.8852e-20)
(0.741663 0.0381433 -4.81185e-22)
(0.762303 0.0321946 -1.93285e-21)
(0.78608 0.0235108 -1.35174e-22)
(0.795577 0.0222831 -2.40044e-23)
(0.821272 0.0157654 4.21493e-22)
(0.531158 0.0834158 -2.04475e-20)
(0.521206 0.0843814 -4.20656e-20)
(0.611683 0.0869387 3.00468e-20)
(0.634175 0.0571867 -2.03373e-20)
(0.678011 0.0492582 -1.51539e-21)
(0.710853 0.035896 3.74417e-21)
(0.736261 0.030225 5.44358e-22)
(0.764669 0.022038 1.69684e-21)
(0.776141 0.0208191 6.04412e-23)
(0.805695 0.0146573 -7.4992e-22)
(0.423222 0.0682925 1.76628e-19)
(0.434017 0.0784152 2.49506e-20)
(0.550172 0.0809699 2.04586e-20)
(0.586293 0.0532191 2.80146e-20)
(0.640821 0.0456678 -6.30159e-21)
(0.680906 0.0331824 -1.94123e-21)
(0.711136 0.0278607 -3.00694e-21)
(0.744203 0.0202922 -1.20257e-21)
(0.757714 0.0190918 -2.20766e-22)
(0.791088 0.0133952 4.09702e-22)
(0.323161 0.0545609 -3.60008e-19)
(0.351169 0.0720376 3.92242e-20)
(0.490865 0.0740271 -7.07068e-20)
(0.54041 0.0485736 3.25288e-21)
(0.605323 0.0414458 -1.44393e-21)
(0.652537 0.030013 6.65327e-21)
(0.687493 0.0251176 -4.79198e-22)
(0.725102 0.0182691 2.72489e-23)
(0.740643 0.0171228 1.22955e-23)
(0.777691 0.0119708 2.69586e-22)
(0.233228 0.0423785 2.95135e-19)
(0.275005 0.064305 -1.2218e-19)
(0.435602 0.0656966 -1.79307e-20)
(0.497858 0.0430251 1.37017e-20)
(0.572504 0.0365229 4.16932e-21)
(0.626482 0.0263645 -5.13357e-21)
(0.665904 0.021998 -1.19626e-21)
(0.707786 0.0159782 -5.3569e-22)
(0.725265 0.0149256 -1.4018e-22)
(0.76573 0.0103982 6.58329e-22)
(0.155357 0.0314747 -2.80473e-20)
(0.207726 0.0549249 1.31075e-19)
(0.386206 0.0559023 1.34896e-20)
(0.45996 0.0365709 -1.59055e-20)
(0.543346 0.0309194 1.85792e-20)
(0.603458 0.0222624 6.64633e-22)
(0.646921 0.0185282 2.18338e-21)
(0.692651 0.0134423 1.65189e-22)
(0.711898 0.0125209 4.07509e-22)
(0.755415 0.00869564 -6.90599e-22)
(0.091177 0.0221297 -1.25512e-19)
(0.151302 0.0441621 -1.89979e-20)
(0.344375 0.0448469 5.01822e-20)
(0.427951 0.029327 -7.28689e-21)
(0.518763 0.0247181 -8.07598e-21)
(0.584132 0.0177621 1.26342e-21)
(0.63105 0.0147524 -4.65467e-22)
(0.680062 0.0106932 1.15174e-22)
(0.700828 0.00993656 -7.88393e-23)
(0.746928 0.00688289 1.17507e-22)
(0.0419692 0.014416 2.9394e-20)
(0.10741 0.0323313 6.15831e-23)
(0.311589 0.0327838 1.57796e-20)
(0.402912 0.0214367 -7.10754e-21)
(0.499557 0.0180258 -1.71556e-21)
(0.569085 0.0129341 1.10767e-21)
(0.61873 0.0107257 -6.90349e-22)
(0.670328 0.00776967 1.61514e-22)
(0.692299 0.00720659 -1.4109e-22)
(0.740422 0.0049815 -3.39322e-22)
(0.00866455 0.00806092 2.01932e-20)
(0.0773761 0.0197202 -2.39825e-20)
(0.289035 0.0199766 -1.93325e-20)
(0.385711 0.0130621 4.42787e-21)
(0.486374 0.0109664 1.13192e-21)
(0.558782 0.00786128 -7.95265e-22)
(0.610313 0.00651246 5.20468e-22)
(0.663696 0.00471662 7.92614e-23)
(0.686502 0.00436923 1.09539e-22)
(0.736017 0.00301523 -2.23781e-22)
(-0.00813508 0.00258611 -1.9937e-21)
(0.0621221 0.00662822 1.52155e-20)
(0.277545 0.00671047 5.87724e-21)
(0.376955 0.00438673 -3.4763e-22)
(0.479666 0.00367982 1.01667e-21)
(0.553547 0.00263692 -1.86853e-22)
(0.606042 0.00218419 1.5651e-22)
(0.660336 0.00158388 1.86256e-23)
(0.68357 0.00146601 2.25094e-24)
(0.733794 0.00100942 2.37793e-22)
)
;

boundaryField
{
    inlet
    {
        type            uniformFixedValue;
        uniformValue    constant (1 0 0);
        value           uniform (1 0 0);
    }
    outlet
    {
        type            pressureInletOutletVelocity;
        value           nonuniform List<vector> 
40
(
(0.879418 -0.0192779 0)
(0.985619 -0.0192607 0)
(1.0595 -0.015288 0)
(1.09155 -0.0109575 0)
(1.09337 -0.00773059 0)
(1.08065 -0.00561983 0)
(1.06451 -0.00416247 0)
(1.05062 -0.00295777 0)
(1.04108 -0.00179455 0)
(1.03633 -0.00060419 0)
(0.733794 -0.00100969 2.43887e-22)
(0.736017 -0.00301548 -2.235e-22)
(0.740423 -0.00498172 -3.26284e-22)
(0.746929 -0.00688308 1.211e-22)
(0.755416 -0.00869579 -6.42534e-22)
(0.765732 -0.0103983 6.89357e-22)
(0.777692 -0.0119709 2.6543e-22)
(0.791089 -0.0133952 3.81265e-22)
(0.805696 -0.0146573 -8.05041e-22)
(0.821273 -0.0157653 3.67748e-22)
(0.821272 0.0157654 4.21493e-22)
(0.805695 0.0146573 -7.4992e-22)
(0.791088 0.0133952 4.09702e-22)
(0.777691 0.0119708 2.69586e-22)
(0.76573 0.0103982 6.58329e-22)
(0.755415 0.00869564 -6.90599e-22)
(0.746928 0.00688289 1.17507e-22)
(0.740422 0.0049815 -3.39322e-22)
(0.736017 0.00301523 -2.23781e-22)
(0.733794 0.00100942 2.37793e-22)
(1.03633 0.000604161 0)
(1.04108 0.00179446 0)
(1.05062 0.00295762 0)
(1.06451 0.00416222 0)
(1.08064 0.00561948 0)
(1.09337 0.00773015 0)
(1.09155 0.010957 0)
(1.0595 0.0152876 0)
(0.985617 0.0192605 0)
(0.879417 0.0192783 0)
)
;
    }
    cylinder
    {
        type            fixedValue;
        value           uniform (0 0 0);
    }
    top
    {
        type            symmetryPlane;
    }
    bottom
    {
        type            symmetryPlane;
    }
    defaultFaces
    {
        type            empty;
    }
}


// ************************************************************************* //
