/*--------------------------------*- C++ -*----------------------------------*\
  =========                 |
  \\      /  F ield         | OpenFOAM: The Open Source CFD Toolbox
   \\    /   O peration     | Website:  https://openfoam.org
    \\  /    A nd           | Version:  6.0
     \\/     M anipulation  |
\*---------------------------------------------------------------------------*/
FoamFile
{
    version     2.0;
    format      ascii;
    class       volVectorField;
    location    "13";
    object      U;
}
// * * * * * * * * * * * * * * * * * * * * * * * * * * * * * * * * * * * * * //

dimensions      [0 1 -1 0 0 0 0];

internalField   nonuniform List<vector> 
2000
(
(-0.00199181 0.0017372 3.45207e-20)
(-0.0076111 0.00329621 3.6655e-20)
(-0.0152954 0.0036474 -3.36252e-20)
(-0.0222627 0.00331362 -6.63376e-20)
(-0.0275588 0.00260616 -4.49928e-20)
(-0.0310338 0.00172871 5.84081e-20)
(-0.0327893 0.000827286 3.32607e-20)
(-0.0330961 9.36205e-06 -1.31829e-20)
(-0.0323776 -0.000645187 -3.23376e-20)
(-0.0309357 -0.00107318 1.90161e-20)
(-0.00248933 0.00511783 -8.55472e-20)
(-0.00835731 0.00966636 1.05596e-19)
(-0.0156846 0.0106541 1.01358e-20)
(-0.021945 0.00962562 -5.69131e-20)
(-0.0263222 0.00749695 2.64368e-19)
(-0.0287427 0.00486658 -1.13378e-19)
(-0.0293561 0.00216469 -1.19912e-19)
(-0.0284601 -0.000288133 1.41753e-19)
(-0.0264961 -0.00224807 -1.37363e-19)
(-0.0238408 -0.00352433 5.5909e-20)
(-0.00343347 0.00821905 1.42104e-20)
(-0.00970888 0.0153775 4.5017e-21)
(-0.0162491 0.0168134 3.04422e-19)
(-0.0210429 0.0150204 1.03242e-19)
(-0.0235497 0.0114642 1.98688e-20)
(-0.023847 0.00709931 1.6025e-19)
(-0.0221775 0.00261453 -2.97534e-19)
(-0.0188884 -0.00146363 6.32231e-21)
(-0.0144543 -0.00471537 -1.69424e-19)
(-0.00940757 -0.00681845 1.50983e-19)
(-0.0047188 0.0108599 -2.67138e-20)
(-0.0113752 0.020015 1.3736e-19)
(-0.0165475 0.0216166 -3.8524e-19)
(-0.0190045 0.0189812 -4.81802e-20)
(-0.0186185 0.0140308 -2.66236e-19)
(-0.0156906 0.00800639 2.68686e-19)
(-0.0105968 0.00180714 -2.78596e-19)
(-0.00374886 -0.00385311 1.9177e-19)
(0.0043387 -0.0083615 7.91975e-20)
(0.0128848 -0.0112576 -7.26022e-20)
(-0.00617774 0.0128645 -2.96981e-19)
(-0.0128994 0.0231989 2.36389e-21)
(-0.0158877 0.0246344 4.74275e-19)
(-0.0149612 0.0211276 1.37556e-19)
(-0.0105409 0.0149224 -4.24588e-19)
(-0.00322279 0.00744441 2.57246e-19)
(0.0064461 -0.000278021 2.85194e-19)
(0.0179845 -0.00738599 -2.49218e-19)
(0.0308478 -0.0130603 1.74616e-19)
(0.0438995 -0.0166959 3.48505e-20)
(-0.00756907 0.0140621 4.06156e-20)
(-0.0136389 0.0245934 6.72665e-21)
(-0.0133031 0.0255397 -6.05962e-19)
(-0.00769514 0.0212518 -3.27923e-19)
(0.00208385 0.0141277 3.79897e-19)
(0.0150693 0.00564438 -4.33574e-19)
(0.0304992 -0.00316314 4.85846e-19)
(0.0478239 -0.0113804 -4.10468e-20)
(0.0665081 -0.0179994 -1.31638e-19)
(0.0849496 -0.0222794 -3.12614e-19)
(-0.00856622 0.0142901 -8.81294e-20)
(-0.012754 0.0239215 -1.44005e-19)
(-0.0075475 0.0241207 -1.70333e-19)
(0.00436931 0.0193273 3.51599e-19)
(0.0210973 0.0119087 6.33576e-19)
(0.0412226 0.00324441 -1.27559e-19)
(0.0637035 -0.00579136 -3.03903e-19)
(0.0879058 -0.0144035 9.08247e-20)
(0.113387 -0.0215007 -5.62585e-19)
(0.138009 -0.0262535 5.06981e-19)
(-0.00875334 0.0134087 5.38881e-19)
(-0.00922358 0.0209897 -2.62968e-19)
(0.0028614 0.0202894 4.94773e-19)
(0.0231032 0.0154848 -7.81842e-19)
(0.0487158 0.00874569 -3.62957e-19)
(0.0777492 0.00123431 -4.9007e-19)
(0.108773 -0.00651578 1.39113e-19)
(0.140991 -0.0140996 -3.80457e-19)
(0.174184 -0.020579 8.13967e-19)
(0.205793 -0.0252051 1.88147e-19)
(-0.00764063 0.0113305 3.93127e-20)
(-0.00190635 0.015731 4.28391e-19)
(0.0195315 0.0140882 8.19558e-19)
(0.0505243 0.00994315 2.42507e-19)
(0.0873652 0.00517324 6.96872e-19)
(0.127475 0.000740639 3.72655e-20)
(0.168843 -0.00315789 -5.80553e-22)
(0.210247 -0.00658556 2.62558e-19)
(0.251704 -0.00893372 2.09149e-19)
(0.290802 -0.0104834 -5.64278e-19)
(-0.00471459 0.00806706 -3.18572e-19)
(0.0103277 0.00826539 -4.77699e-19)
(0.0439934 0.00568603 -6.68915e-19)
(0.0885633 0.00283762 1.5076e-20)
(0.13955 0.00126203 -3.20553e-19)
(0.193846 0.00192252 4.92444e-19)
(0.248872 0.00514391 -1.32612e-18)
(0.302671 0.0111193 5.83839e-19)
(0.354551 0.0204046 2.16137e-19)
(0.401925 0.0290927 5.69101e-19)
(0.000462644 0.00378775 1.59449e-19)
(0.0283512 -0.00100387 -5.45734e-19)
(0.0772471 -0.00453804 4.69213e-19)
(0.138253 -0.00583791 -1.76187e-19)
(0.206506 -0.00393038 1.86097e-19)
(0.279033 0.00210807 3.95199e-19)
(0.353985 0.01301 -5.18652e-19)
(0.430942 0.0296972 6.62006e-20)
(0.510899 0.051483 -2.39581e-19)
(0.596315 0.0686254 4.22473e-19)
(0.0081565 -0.00113072 2.27942e-19)
(0.0525561 -0.011231 -4.94339e-19)
(0.119295 -0.0156029 6.48761e-19)
(0.198575 -0.015391 -3.91042e-19)
(0.285164 -0.0107475 -1.39274e-19)
(0.375995 -0.00153461 8.03672e-20)
(0.469247 0.0121565 4.06329e-20)
(0.564338 0.0300141 5.40818e-19)
(0.660955 0.0494067 1.52992e-19)
(0.756841 0.0617062 5.72157e-19)
(0.0184748 -0.00612591 -2.03254e-19)
(0.0829809 -0.0210614 6.38722e-19)
(0.169657 -0.0255384 -5.13465e-19)
(0.268024 -0.023189 -5.82966e-19)
(0.372367 -0.0155378 7.92035e-19)
(0.479178 -0.0033815 -5.87342e-19)
(0.586048 0.0123472 1.51618e-19)
(0.691411 0.0305404 -8.81455e-19)
(0.793518 0.048583 6.48577e-19)
(0.888419 0.0611388 2.85784e-20)
(0.0314233 -0.0105692 -2.64628e-19)
(0.119425 -0.0289355 -2.29083e-19)
(0.227638 -0.0320505 -4.69784e-19)
(0.345176 -0.0262228 5.50648e-19)
(0.465879 -0.0144323 -2.70736e-20)
(0.585772 0.00162002 3.37451e-19)
(0.701908 0.0203321 6.02187e-19)
(0.812036 0.0402089 -1.81361e-19)
(0.91381 0.0592012 -6.30347e-19)
(1.00326 0.074294 1.10113e-18)
(0.0469317 -0.0138518 -1.36651e-19)
(0.161444 -0.0333495 -1.45954e-19)
(0.292229 -0.033026 2.53254e-19)
(0.428365 -0.0219562 -4.55554e-19)
(0.563453 -0.00459729 7.54842e-20)
(0.693271 0.0164953 6.56086e-20)
(0.81469 0.0391739 2.81524e-20)
(0.925352 0.0617339 -4.35322e-21)
(1.02307 0.0826943 -6.63928e-20)
(1.10452 0.100439 -9.31727e-19)
(0.0648405 -0.015411 5.54846e-19)
(0.208303 -0.032977 -3.46532e-19)
(0.361989 -0.0267495 4.26233e-21)
(0.515428 -0.00857677 -4.92251e-19)
(0.662335 0.0156396 -1.7134e-19)
(0.798616 0.0425694 1.5599e-19)
(0.921431 0.0696419 1.18688e-19)
(1.02888 0.0950661 -4.14498e-19)
(1.1195 0.117876 3.33161e-19)
(1.19097 0.137269 -3.84253e-19)
(0.0848694 -0.0147346 2.39289e-19)
(0.258934 -0.0267271 -1.90473e-19)
(0.435015 -0.0120007 7.62301e-19)
(0.603704 0.0149277 7.53578e-20)
(0.759314 0.0468286 1.67925e-19)
(0.898373 0.0797451 7.30537e-19)
(1.01885 0.110863 -1.09012e-19)
(1.11982 0.138476 9.79406e-20)
(1.20093 0.162156 3.99499e-20)
(1.26116 0.181596 -4.27928e-20)
(0.106587 -0.011372 1.67076e-19)
(0.311925 -0.0137855 3.59997e-19)
(0.508989 0.0119064 -3.71631e-19)
(0.690168 0.0487908 -1.21928e-19)
(0.850972 0.0885562 -1.46339e-19)
(0.989113 0.126874 2.20873e-19)
(1.10389 0.160958 -1.12531e-19)
(1.19576 0.189426 2.96885e-19)
(1.26578 0.212484 9.84321e-20)
(1.31431 0.230182 -1.40168e-19)
(0.129397 -0.0049594 -1.80104e-19)
(0.365554 0.00633746 1.43389e-19)
(0.581297 0.0451014 -2.94713e-19)
(0.77165 0.0925244 1.23057e-19)
(0.933989 0.139626 -1.24078e-19)
(1.06778 0.182089 -1.51115e-19)
(1.17411 0.217507 -1.189e-19)
(1.25511 0.245112 1.30367e-19)
(1.31331 0.265876 -2.42126e-19)
(1.35053 0.280166 1.27383e-19)
(0.152546 0.00474277 -6.41721e-20)
(0.417852 0.0337516 -1.125e-19)
(0.649185 0.0871431 5.15607e-20)
(0.845065 0.144987 3.04362e-21)
(1.00541 0.198233 4.02501e-20)
(1.13196 0.243066 5.39611e-20)
(1.22789 0.277873 4.90289e-20)
(1.29716 0.302792 -6.36979e-20)
(1.3437 0.319673 5.35128e-20)
(1.37066 0.329218 -7.26015e-20)
(0.175151 0.0178089 -3.7175e-20)
(0.466715 0.0681369 -1.24978e-20)
(0.709934 0.137021 4.79367e-20)
(0.907632 0.204468 -2.13044e-20)
(1.06287 0.262123 5.53875e-20)
(1.18002 0.307246 -6.9736e-20)
(1.26452 0.339431 1.57692e-20)
(1.32207 0.359969 1.65929e-20)
(1.35785 0.371657 -6.91146e-21)
(1.37609 0.375544 2.24515e-20)
(0.196246 0.0341127 -4.01155e-20)
(0.510028 0.108714 -1.62691e-19)
(0.761043 0.193186 -1.09155e-20)
(0.957056 0.268788 3.16054e-21)
(1.10469 0.328753 -1.92133e-19)
(1.21115 0.372005 2.46546e-20)
(1.28407 0.399707 -2.05858e-20)
(1.33068 0.41447 -4.9054e-20)
(1.35715 0.420042 1.01122e-19)
(1.36851 0.41781 -1.57978e-19)
(0.214839 0.0533029 -1.94308e-20)
(0.545804 0.15424 3.29904e-19)
(0.800388 0.253608 5.11415e-20)
(0.991661 0.335422 -2.70714e-19)
(1.12998 0.395437 -2.13787e-20)
(1.22533 0.434782 -2.47105e-19)
(1.2873 0.456461 1.77598e-19)
(1.32436 0.464466 -6.37029e-20)
(1.34331 0.463418 1.11253e-19)
(1.34971 0.455027 -6.99994e-20)
(0.229977 0.0747941 -1.22453e-19)
(0.572321 0.203049 1.0534e-19)
(0.826364 0.315877 -7.32041e-20)
(1.01046 0.401629 5.32499e-19)
(1.13859 0.459474 2.56035e-19)
(1.22322 0.493177 -5.81579e-20)
(1.27553 0.50772 1.92481e-19)
(1.30482 0.508432 -1.245e-19)
(1.31821 0.500673 -3.4675e-20)
(1.32151 0.486441 1.91822e-19)
(0.240812 0.0977759 -2.12379e-19)
(0.588239 0.253113 2.42908e-19)
(0.837971 0.377316 -4.60257e-19)
(1.01319 0.464588 6.29079e-20)
(1.13106 0.518259 1.37434e-19)
(1.20606 0.545002 -2.03865e-19)
(1.25046 0.551778 -2.36577e-19)
(1.27398 0.545105 1.02981e-19)
(1.28377 0.530903 -1.2308e-19)
(1.2857 0.511437 1.27344e-19)
(0.246666 0.12124 -5.3603e-20)
(0.592695 0.302145 -2.47303e-19)
(0.834862 0.435127 1.31287e-19)
(1.00027 0.521531 2.15921e-19)
(1.10853 0.569372 -1.25559e-19)
(1.17553 0.588314 -9.23504e-20)
(1.21407 0.587169 -5.43273e-20)
(1.2339 0.573412 -2.638e-20)
(1.24196 0.553322 3.81571e-21)
(1.24402 0.529443 5.09757e-20)
(0.247083 0.144023 4.04444e-20)
(0.585366 0.347721 -2.1092e-19)
(0.817346 0.486535 3.39602e-19)
(0.972702 0.569868 -1.94027e-19)
(1.0726 0.610653 5.59319e-20)
(1.13361 0.621438 -7.64492e-20)
(1.1685 0.612642 8.07844e-20)
(1.18666 0.592414 2.03501e-20)
(1.19467 0.56716 -1.96498e-20)
(1.19815 0.539783 3.28034e-20)
(0.241882 0.164877 -1.07117e-19)
(0.566498 0.387423 1.88488e-19)
(0.786344 0.528946 -7.41525e-21)
(0.932027 0.60731 -3.9569e-20)
(1.02523 0.640281 -9.72868e-20)
(1.08247 0.64301 1.32223e-20)
(1.116 0.627203 1.55856e-20)
(1.13449 0.601359 -5.73864e-20)
(1.14406 0.571716 6.47053e-20)
(1.15015 0.541667 4.86827e-20)
(0.231186 0.182545 3.26657e-20)
(0.536902 0.418999 -4.53987e-20)
(0.743312 0.56009 6.45667e-21)
(0.880121 0.631955 2.14912e-20)
(0.968472 0.656771 2.18323e-20)
(1.02426 0.651881 -5.79789e-20)
(1.05878 0.629952 -1.26722e-19)
(1.07982 0.599525 -5.17551e-20)
(1.09306 0.566338 -6.57402e-20)
(1.10336 0.534452 4.37433e-20)
(0.215442 0.195872 5.49579e-20)
(0.497917 0.440542 -8.1011e-20)
(0.690132 0.578197 7.57157e-20)
(0.819025 0.642408 -1.43577e-19)
(0.904224 0.658998 3.32742e-20)
(0.960507 0.646891 2.2772e-19)
(0.998088 0.619306 -6.85045e-20)
(1.02396 0.584536 7.83128e-20)
(1.04346 0.547669 1.1407e-19)
(1.05966 0.514537 3.35108e-19)
(0.195422 0.203922 3.85807e-19)
(0.451367 0.45067 -2.33115e-19)
(0.629065 0.582218 5.49635e-19)
(0.750912 0.638164 -9.07721e-20)
(0.834074 0.646902 4.44874e-19)
(0.891759 0.628074 2.71913e-19)
(0.933015 0.594646 -6.23632e-19)
(0.964217 0.553718 9.30089e-19)
(0.989998 0.507644 -1.93869e-19)
(1.00717 0.460235 3.42855e-19)
(0.17219 0.206042 -2.13489e-19)
(0.399523 0.448584 -1.37534e-19)
(0.562834 0.571842 1.29664e-19)
(0.678457 0.619702 -3.05528e-19)
(0.760229 0.622122 -9.26972e-19)
(0.819283 0.598992 -3.641e-19)
(0.863272 0.563086 -3.19542e-19)
(0.897632 0.521574 1.5266e-19)
(0.925596 0.477925 1.24325e-18)
(0.94346 0.436794 -2.32389e-19)
(0.147006 0.201859 1.13804e-19)
(0.344976 0.43393 -4.13441e-19)
(0.494586 0.547044 8.72115e-20)
(0.605091 0.58732 -6.14285e-19)
(0.686516 0.585109 1.30417e-18)
(0.74776 0.559926 -1.47818e-19)
(0.795038 0.52399 6.77637e-19)
(0.832815 0.484111 -9.50161e-19)
(0.863708 0.443758 2.93288e-19)
(0.885326 0.406999 4.10621e-20)
(0.121209 0.191265 8.40382e-20)
(0.290353 0.406783 4.55409e-19)
(0.427379 0.508123 -1.28922e-18)
(0.533921 0.541386 6.05834e-19)
(0.615996 0.536061 -1.44247e-21)
(0.680257 0.510617 -1.93434e-19)
(0.731557 0.476361 2.38602e-19)
(0.773534 0.439512 -2.31689e-19)
(0.808443 0.403197 -7.80937e-19)
(0.834775 0.370514 -1.93006e-19)
(0.0961255 0.174417 2.76151e-19)
(0.238178 0.367662 2.77128e-19)
(0.364044 0.455805 1.10026e-18)
(0.467677 0.482644 -5.91925e-19)
(0.551117 0.475568 1.1842e-18)
(0.618855 0.451359 -2.48363e-19)
(0.674488 0.420091 -2.56262e-19)
(0.720929 0.387218 2.96972e-19)
(0.760143 0.355405 1.89919e-19)
(0.791266 0.326884 6.20176e-19)
(0.0730133 0.15173 -2.80867e-19)
(0.190774 0.317523 8.22017e-20)
(0.307122 0.391263 2.15233e-20)
(0.408733 0.412257 6.04136e-19)
(0.493927 0.404646 -1.46363e-18)
(0.565218 0.382965 2.42438e-19)
(0.625081 0.355791 5.22296e-19)
(0.6758 0.327696 -6.18617e-19)
(0.719098 0.300839 2.13849e-19)
(0.754679 0.276747 -8.94853e-19)
(0.0530111 0.123867 5.99067e-20)
(0.1502 0.257734 2.88892e-19)
(0.258813 0.31609 1.08049e-19)
(0.359098 0.331774 1.41668e-19)
(0.446119 0.324682 2.63251e-19)
(0.520686 0.306622 7.63027e-19)
(0.584329 0.284471 -9.12702e-19)
(0.638808 0.261846 -5.03412e-19)
(0.685655 0.240397 8.19312e-20)
(0.725093 0.221111 5.80928e-19)
(0.0370945 0.091717 -3.62396e-19)
(0.118181 0.190027 -3.84484e-20)
(0.220935 0.232242 -3.104e-19)
(0.320408 0.24308 4.27801e-20)
(0.409054 0.237367 -2.49205e-19)
(0.486333 0.223812 -2.77164e-19)
(0.553037 0.207434 -4.03531e-19)
(0.610518 0.190846 1.06496e-18)
(0.660179 0.175208 1.80278e-19)
(0.702676 0.161108 -2.47891e-19)
(0.0260354 0.0563567 1.95378e-19)
(0.0960629 0.116436 2.30907e-19)
(0.194888 0.141976 8.73686e-20)
(0.293911 0.148327 -4.56304e-19)
(0.383764 0.144635 -2.0613e-19)
(0.462973 0.136235 -4.3257e-20)
(0.531822 0.126182 8.2522e-20)
(0.591389 0.116054 6.49381e-20)
(0.642994 0.106539 -4.92643e-19)
(0.68761 0.0979416 2.5507e-19)
(0.0203689 0.0190097 -1.01759e-19)
(0.0847694 0.0392198 -1.03514e-19)
(0.181624 0.0477681 7.93264e-20)
(0.28045 0.0498593 6.80672e-20)
(0.370944 0.0485839 6.77085e-20)
(0.451155 0.045739 1.00824e-19)
(0.521108 0.0423498 -5.20752e-21)
(0.581741 0.0389446 -1.26563e-19)
(0.634338 0.0357505 1.18004e-19)
(0.680038 0.0328609 -1.60163e-19)
(0.0203689 -0.0190098 -1.02424e-19)
(0.0847694 -0.0392199 -9.86337e-20)
(0.181624 -0.0477682 8.74217e-20)
(0.28045 -0.0498594 1.65401e-19)
(0.370944 -0.048584 1.06929e-19)
(0.451155 -0.0457391 -1.37237e-19)
(0.521108 -0.0423499 -7.28132e-20)
(0.581741 -0.0389447 3.11434e-20)
(0.634338 -0.0357506 6.86882e-20)
(0.680038 -0.0328609 -3.68963e-20)
(0.0260354 -0.0563568 2.4438e-19)
(0.0960629 -0.116436 -2.77664e-19)
(0.194888 -0.141976 -2.21602e-20)
(0.293911 -0.148327 1.43026e-19)
(0.383764 -0.144635 -6.27396e-19)
(0.462973 -0.136235 2.61075e-19)
(0.531822 -0.126182 2.63215e-19)
(0.591389 -0.116054 -3.04412e-19)
(0.642994 -0.106539 2.85478e-19)
(0.68761 -0.0979417 -1.13114e-19)
(0.0370945 -0.091717 -4.22565e-20)
(0.118181 -0.190027 -4.77506e-21)
(0.220935 -0.232242 -7.21004e-19)
(0.320408 -0.243081 -2.21518e-19)
(0.409054 -0.237367 -2.24726e-20)
(0.486333 -0.223812 -3.44553e-19)
(0.553037 -0.207434 6.27221e-19)
(0.610518 -0.190846 -2.1686e-20)
(0.660179 -0.175208 3.44536e-19)
(0.702676 -0.161108 -2.72987e-19)
(0.0530111 -0.123867 7.1325e-20)
(0.1502 -0.257734 -2.94904e-19)
(0.258813 -0.31609 8.73429e-19)
(0.359098 -0.331774 1.19549e-19)
(0.446119 -0.324682 5.69795e-19)
(0.520686 -0.306622 -5.42315e-19)
(0.584329 -0.284471 5.56269e-19)
(0.638808 -0.261846 -3.93093e-19)
(0.685655 -0.240397 -1.69666e-19)
(0.725093 -0.221111 1.29662e-19)
(0.0730133 -0.15173 6.35947e-19)
(0.190774 -0.317523 1.49704e-21)
(0.307122 -0.391263 -9.19247e-19)
(0.408733 -0.412257 -2.57653e-19)
(0.493927 -0.404646 8.3092e-19)
(0.565218 -0.382965 -4.74087e-19)
(0.625081 -0.355791 -5.36307e-19)
(0.675801 -0.327696 4.72869e-19)
(0.719098 -0.300839 -3.1599e-19)
(0.754679 -0.276748 -6.1375e-20)
(0.0961255 -0.174417 -9.49912e-20)
(0.238178 -0.367662 -3.91558e-21)
(0.364044 -0.455805 9.95984e-19)
(0.467677 -0.482644 5.52122e-19)
(0.551117 -0.475568 -6.31831e-19)
(0.618855 -0.451359 7.45513e-19)
(0.674488 -0.420091 -7.89798e-19)
(0.720929 -0.387218 7.72477e-20)
(0.760143 -0.355405 2.26729e-19)
(0.791266 -0.326884 4.71097e-19)
(0.121209 -0.191265 1.08196e-19)
(0.290353 -0.406783 1.5551e-19)
(0.427379 -0.508123 1.62271e-19)
(0.533921 -0.541386 -5.07692e-19)
(0.615996 -0.536061 -8.77045e-19)
(0.680257 -0.510617 1.80016e-19)
(0.731557 -0.476361 5.09907e-19)
(0.773534 -0.439512 -1.42913e-19)
(0.808443 -0.403197 8.43243e-19)
(0.834775 -0.370514 -7.40396e-19)
(0.147006 -0.201859 -6.11796e-19)
(0.344976 -0.43393 2.08876e-19)
(0.494586 -0.547044 -5.45613e-19)
(0.605091 -0.58732 8.52355e-19)
(0.686516 -0.585109 4.13869e-19)
(0.74776 -0.559926 5.69276e-19)
(0.795038 -0.52399 -1.28182e-19)
(0.832815 -0.484111 4.97525e-19)
(0.863708 -0.443758 -1.034e-18)
(0.885326 -0.406999 -2.4241e-19)
(0.17219 -0.206042 3.7096e-20)
(0.399523 -0.448584 -3.65799e-19)
(0.562834 -0.571842 -5.60066e-19)
(0.678458 -0.619702 -2.30952e-19)
(0.760229 -0.622122 -6.32888e-19)
(0.819283 -0.598992 -6.3336e-20)
(0.863272 -0.563086 5.34444e-20)
(0.897632 -0.521574 -2.30312e-19)
(0.925596 -0.477925 -2.52841e-19)
(0.94346 -0.436794 6.00127e-19)
(0.195422 -0.203922 1.91055e-19)
(0.451367 -0.45067 2.368e-19)
(0.629065 -0.582218 4.10389e-19)
(0.750912 -0.638164 1.82938e-20)
(0.834074 -0.646902 2.58598e-19)
(0.891759 -0.628074 -3.4345e-19)
(0.933015 -0.594646 1.0271e-18)
(0.964217 -0.553719 -4.43892e-19)
(0.989998 -0.507644 -2.14556e-19)
(1.00717 -0.460235 -5.82035e-19)
(0.215442 -0.195872 -7.45576e-20)
(0.497917 -0.440542 1.12552e-19)
(0.690132 -0.578197 -1.11974e-19)
(0.819025 -0.642408 5.94938e-20)
(0.904224 -0.658998 -6.85447e-20)
(0.960507 -0.646892 -1.72231e-19)
(0.998088 -0.619306 2.21182e-19)
(1.02396 -0.584536 -7.28356e-20)
(1.04346 -0.547669 1.0797e-19)
(1.05966 -0.514537 -1.90408e-19)
(0.231186 -0.182545 -5.55162e-22)
(0.536902 -0.418999 -6.45532e-20)
(0.743312 -0.56009 2.2621e-20)
(0.880121 -0.631955 6.30932e-20)
(0.968472 -0.656771 -3.36564e-20)
(1.02426 -0.651881 9.66219e-21)
(1.05878 -0.629952 -7.00842e-21)
(1.07982 -0.599526 -1.58174e-19)
(1.09306 -0.566338 -7.39625e-20)
(1.10336 -0.534452 -1.85726e-19)
(0.241882 -0.164877 -5.96189e-20)
(0.566498 -0.387423 1.88918e-19)
(0.786344 -0.528946 -1.15726e-19)
(0.932027 -0.60731 -4.8198e-20)
(1.02523 -0.640281 3.12436e-20)
(1.08247 -0.64301 2.12953e-20)
(1.116 -0.627203 -1.6316e-22)
(1.13449 -0.601359 1.10866e-19)
(1.14406 -0.571716 -9.6169e-20)
(1.15015 -0.541667 -6.31877e-22)
(0.247083 -0.144023 -1.4288e-19)
(0.585366 -0.347721 -8.16963e-20)
(0.817346 -0.486535 -1.94241e-19)
(0.972703 -0.569868 2.1426e-19)
(1.0726 -0.610653 -1.51069e-20)
(1.13361 -0.621438 6.94136e-20)
(1.1685 -0.612642 8.15077e-20)
(1.18666 -0.592414 -2.83757e-20)
(1.19467 -0.56716 8.95072e-21)
(1.19815 -0.539784 -3.37544e-20)
(0.246666 -0.12124 -9.64438e-20)
(0.592695 -0.302145 -1.10829e-19)
(0.834862 -0.435127 1.61781e-19)
(1.00027 -0.521531 -2.36811e-19)
(1.10853 -0.569372 4.02642e-20)
(1.17553 -0.588314 2.04352e-20)
(1.21407 -0.587169 4.21586e-20)
(1.2339 -0.573413 -2.66349e-20)
(1.24196 -0.553322 -3.29145e-20)
(1.24402 -0.529443 -1.05562e-19)
(0.240812 -0.0977759 4.02045e-19)
(0.588239 -0.253113 -2.81064e-19)
(0.837971 -0.377316 1.24714e-20)
(1.01319 -0.464589 -3.37325e-19)
(1.13106 -0.518259 -9.59421e-20)
(1.20606 -0.545002 7.50672e-20)
(1.25046 -0.551778 5.42042e-20)
(1.27398 -0.545105 -1.7766e-19)
(1.28377 -0.530903 8.01268e-20)
(1.2857 -0.511437 -1.18903e-19)
(0.229977 -0.0747941 1.98869e-19)
(0.572321 -0.203049 -1.76053e-19)
(0.826364 -0.315877 6.10284e-19)
(1.01046 -0.401629 4.75044e-20)
(1.13859 -0.459474 1.30231e-19)
(1.22322 -0.493177 4.5629e-19)
(1.27553 -0.50772 -9.17817e-20)
(1.30482 -0.508432 2.37619e-20)
(1.31821 -0.500673 -1.13564e-20)
(1.32151 -0.486441 -1.9073e-20)
(0.214839 -0.0533029 1.52998e-19)
(0.545804 -0.15424 3.11892e-19)
(0.800388 -0.253608 -3.06675e-19)
(0.991661 -0.335422 -9.05345e-20)
(1.12998 -0.395437 -9.35178e-20)
(1.22533 -0.434782 1.78257e-19)
(1.2873 -0.456461 -8.26559e-20)
(1.32436 -0.464466 1.91913e-19)
(1.34331 -0.463418 4.62928e-20)
(1.34971 -0.455027 -6.88268e-20)
(0.196246 -0.0341127 -1.65326e-19)
(0.510028 -0.108714 1.37366e-19)
(0.761043 -0.193186 -2.71799e-19)
(0.957056 -0.268788 1.10215e-19)
(1.10469 -0.328753 -1.07416e-19)
(1.21115 -0.372005 -1.24798e-19)
(1.28407 -0.399707 -9.50141e-20)
(1.33068 -0.414471 1.02921e-19)
(1.35715 -0.420042 -1.76845e-19)
(1.36851 -0.41781 9.57007e-20)
(0.175151 -0.0178089 -6.18781e-20)
(0.466715 -0.0681369 -1.08829e-19)
(0.709934 -0.137021 4.92809e-20)
(0.907632 -0.204468 3.48018e-21)
(1.06287 -0.262123 3.69289e-20)
(1.18002 -0.307246 5.1677e-20)
(1.26452 -0.339431 4.3232e-20)
(1.32207 -0.359969 -5.72784e-20)
(1.35785 -0.371657 4.61664e-20)
(1.37609 -0.375544 -6.28497e-20)
(0.152546 -0.00474277 -3.89897e-20)
(0.417852 -0.0337516 -1.40709e-20)
(0.649185 -0.0871431 5.05684e-20)
(0.845065 -0.144987 -2.20315e-20)
(1.00541 -0.198233 6.00811e-20)
(1.13196 -0.243066 -7.4076e-20)
(1.22789 -0.277873 1.85401e-20)
(1.29716 -0.302792 1.56635e-20)
(1.3437 -0.319674 -5.59872e-21)
(1.37066 -0.329218 2.20231e-20)
(0.129397 0.0049594 -4.67391e-20)
(0.365554 -0.00633747 -1.77656e-19)
(0.581297 -0.0451014 -1.38158e-20)
(0.77165 -0.0925244 5.33443e-21)
(0.933989 -0.139627 -2.23416e-19)
(1.06778 -0.182089 2.29904e-20)
(1.17411 -0.217507 -2.38036e-20)
(1.25511 -0.245112 -6.37028e-20)
(1.31331 -0.265876 1.38948e-19)
(1.35053 -0.280167 -2.20204e-19)
(0.106587 0.011372 -2.65153e-20)
(0.311925 0.0137855 3.81179e-19)
(0.508989 -0.0119065 4.90466e-20)
(0.690168 -0.0487908 -3.20774e-19)
(0.850972 -0.0885562 -3.71913e-20)
(0.989113 -0.126874 -3.43143e-19)
(1.10389 -0.160958 2.61079e-19)
(1.19576 -0.189426 -1.04148e-19)
(1.26578 -0.212485 1.93854e-19)
(1.31431 -0.230182 -1.49877e-19)
(0.0848694 0.0147346 -1.50052e-19)
(0.258934 0.0267271 1.56658e-19)
(0.435015 0.0120007 -1.05396e-19)
(0.603704 -0.0149277 7.04392e-19)
(0.759314 -0.0468287 3.62512e-19)
(0.898372 -0.0797452 -9.26286e-20)
(1.01885 -0.110864 3.52148e-19)
(1.11982 -0.138476 -2.25987e-19)
(1.20093 -0.162156 -7.18213e-20)
(1.26116 -0.181596 4.53265e-19)
(0.0648405 0.015411 -2.776e-19)
(0.208303 0.032977 3.7117e-19)
(0.361989 0.0267495 -6.78086e-19)
(0.515428 0.00857673 1.13575e-19)
(0.662334 -0.0156397 2.75426e-19)
(0.798616 -0.0425695 -3.37129e-19)
(0.921431 -0.069642 -5.84578e-19)
(1.02888 -0.0950662 3.07217e-19)
(1.1195 -0.117876 -3.93087e-19)
(1.19097 -0.137269 5.52964e-19)
(0.0469317 0.0138518 -6.85905e-20)
(0.161444 0.0333495 -3.7377e-19)
(0.292229 0.033026 1.77517e-19)
(0.428365 0.0219562 4.30319e-19)
(0.563453 0.00459722 -2.24393e-19)
(0.693271 -0.0164954 -2.16084e-19)
(0.81469 -0.039174 -3.58595e-19)
(0.925352 -0.0617341 -1.61193e-19)
(1.02307 -0.0826945 -3.81313e-20)
(1.10452 -0.100439 5.53019e-19)
(0.0314233 0.0105692 1.15405e-19)
(0.119425 0.0289355 -5.08174e-19)
(0.227638 0.0320505 8.37218e-19)
(0.345176 0.0262228 -4.50768e-19)
(0.465879 0.0144322 2.84107e-19)
(0.585772 -0.00162012 -3.4453e-19)
(0.701907 -0.0203322 3.75213e-19)
(0.812035 -0.0402091 3.21365e-19)
(0.91381 -0.0592014 6.89794e-19)
(1.00326 -0.0742942 -1.00341e-18)
(0.0184748 0.00612591 -3.58536e-19)
(0.0829809 0.0210613 6.44985e-19)
(0.169657 0.0255383 8.422e-21)
(0.268024 0.023189 -2.1629e-19)
(0.372367 0.0155377 -1.11362e-19)
(0.479178 0.00338139 8.70939e-20)
(0.586048 -0.0123473 -6.04424e-19)
(0.691411 -0.0305406 4.5772e-19)
(0.793518 -0.0485833 -5.79581e-19)
(0.888419 -0.061139 -2.32368e-19)
(0.0081565 0.00113072 6.17571e-19)
(0.0525561 0.011231 -1.72402e-19)
(0.119295 0.0156029 -3.11795e-19)
(0.198575 0.015391 8.19001e-19)
(0.285164 0.0107475 -7.81615e-19)
(0.375995 0.00153448 4.25867e-19)
(0.469247 -0.0121566 4.43679e-19)
(0.564338 -0.0300144 1.19037e-19)
(0.660955 -0.049407 1.21513e-19)
(0.756841 -0.0617065 -1.5113e-19)
(0.000462642 -0.00378775 -5.91041e-19)
(0.0283512 0.00100386 5.0309e-19)
(0.077247 0.00453802 -4.28683e-19)
(0.138253 0.00583787 5.20528e-19)
(0.206506 0.00393029 -1.50981e-19)
(0.279032 -0.0021082 -5.11709e-19)
(0.353985 -0.0130102 1.43398e-19)
(0.430942 -0.0296975 -2.31851e-19)
(0.510899 -0.0514833 -2.69518e-19)
(0.596315 -0.0686258 -7.32733e-19)
(-0.00471458 -0.00806705 -7.3932e-19)
(0.0103277 -0.00826539 5.26083e-19)
(0.0439934 -0.00568604 -9.92698e-19)
(0.0885632 -0.00283767 1.71739e-19)
(0.13955 -0.00126212 -6.46412e-19)
(0.193846 -0.00192266 -3.78127e-19)
(0.248872 -0.0051441 8.84951e-19)
(0.302671 -0.0111196 -1.18652e-18)
(0.354551 -0.0204049 2.24592e-19)
(0.401925 -0.0290931 -3.11107e-19)
(-0.00764063 -0.0113305 3.64318e-19)
(-0.00190636 -0.015731 1.38257e-19)
(0.0195314 -0.0140882 -3.98034e-20)
(0.0505242 -0.0099432 3.65037e-19)
(0.0873651 -0.00517334 1.04159e-18)
(0.127475 -0.000740789 3.50608e-19)
(0.168843 0.00315768 3.5435e-19)
(0.210247 0.00658529 -1.20008e-19)
(0.251703 0.00893337 -1.10275e-18)
(0.290802 0.010483 2.32552e-19)
(-0.00875333 -0.0134087 -1.03059e-19)
(-0.00922358 -0.0209897 2.93527e-19)
(0.00286138 -0.0202895 -7.40419e-20)
(0.0231031 -0.0154848 5.05456e-19)
(0.0487158 -0.00874579 -1.13479e-18)
(0.0777491 -0.00123448 9.40435e-20)
(0.108773 0.00651554 -5.14959e-19)
(0.140991 0.0140993 7.43458e-19)
(0.174184 0.0205787 -2.13292e-19)
(0.205793 0.0252046 -2.52026e-20)
(-0.00856621 -0.0142901 -7.01147e-20)
(-0.012754 -0.0239215 -3.52984e-19)
(-0.00754751 -0.0241207 8.55013e-19)
(0.00436927 -0.0193273 -4.35801e-19)
(0.0210972 -0.0119089 2.96354e-20)
(0.0412225 -0.0032446 1.32361e-19)
(0.0637033 0.00579109 -1.18533e-19)
(0.0879057 0.0144032 1.50787e-19)
(0.113387 0.0215003 5.13874e-19)
(0.138009 0.0262529 1.10431e-19)
(-0.00756906 -0.014062 -1.57519e-19)
(-0.0136389 -0.0245934 -1.56799e-19)
(-0.0133031 -0.0255398 -6.6972e-19)
(-0.00769516 -0.0212519 3.44939e-19)
(0.0020838 -0.0141278 -6.90942e-19)
(0.0150692 -0.00564459 1.52911e-19)
(0.0304991 0.00316284 1.68122e-19)
(0.0478238 0.01138 -1.74392e-19)
(0.066508 0.0179989 -1.10898e-19)
(0.0849494 0.0222788 -4.06871e-19)
(-0.00617773 -0.0128645 1.23224e-19)
(-0.0128994 -0.0231989 -2.59582e-20)
(-0.0158877 -0.0246345 4.51784e-22)
(-0.0149612 -0.0211277 -3.1149e-19)
(-0.010541 -0.0149225 7.65539e-19)
(-0.00322284 -0.00744465 -1.16366e-19)
(0.00644603 0.000277696 -2.83979e-19)
(0.0179844 0.00738557 3.40678e-19)
(0.0308476 0.0130598 -1.17666e-19)
(0.0438994 0.0166953 5.29064e-19)
(-0.0047188 -0.0108599 -2.31435e-20)
(-0.0113752 -0.020015 -1.21345e-19)
(-0.0165475 -0.0216166 -4.60928e-20)
(-0.0190045 -0.0189813 -5.69429e-20)
(-0.0186185 -0.0140309 -1.18822e-19)
(-0.0156907 -0.00800665 -3.6368e-19)
(-0.0105968 -0.00180749 4.44701e-19)
(-0.00374892 0.00385266 2.54698e-19)
(0.00433862 0.00836094 -4.47903e-20)
(0.0128847 0.0112569 -3.23426e-19)
(-0.00343347 -0.00821904 1.3147e-19)
(-0.00970887 -0.0153775 2.05178e-20)
(-0.0162491 -0.0168134 1.3377e-19)
(-0.0210429 -0.0150205 -1.48389e-20)
(-0.0235497 -0.0114644 1.14337e-19)
(-0.0238471 -0.00709959 1.2573e-19)
(-0.0221775 -0.0026149 1.84319e-19)
(-0.0188884 0.00146315 -5.11741e-19)
(-0.0144543 0.00471479 -9.2813e-20)
(-0.00940762 0.00681776 1.34488e-19)
(-0.00248933 -0.00511782 -6.64109e-20)
(-0.00835731 -0.00966637 -8.44045e-20)
(-0.0156846 -0.0106541 -3.905e-20)
(-0.021945 -0.00962574 1.8472e-19)
(-0.0263222 -0.00749715 8.70473e-20)
(-0.0287427 -0.00486687 1.7398e-20)
(-0.0293561 -0.00216508 -3.68627e-20)
(-0.0284601 0.000287645 -2.80354e-20)
(-0.0264961 0.00224747 2.36426e-19)
(-0.0238408 0.00352362 -1.29964e-19)
(-0.00199181 -0.00173719 3.38607e-20)
(-0.0076111 -0.00329622 3.76681e-20)
(-0.0152954 -0.00364746 -3.09024e-20)
(-0.0222627 -0.00331375 -2.73264e-20)
(-0.0275588 -0.00260636 -2.75082e-20)
(-0.0310338 -0.001729 -4.27778e-20)
(-0.0327893 -0.000827678 1.33727e-21)
(-0.0330961 -9.85682e-06 5.68629e-20)
(-0.0323776 0.000644583 -5.60967e-20)
(-0.0309357 0.00107246 8.23214e-20)
(-0.0067379 -0.00266069 3.89787e-21)
(0.065347 -0.00675386 2.4262e-21)
(0.284429 -0.00688568 3.48858e-22)
(0.388474 -0.00461855 -2.36369e-22)
(0.497505 -0.00403889 -1.74474e-23)
(0.582159 -0.00308552 4.53103e-23)
(0.645419 -0.00286617 5.21718e-23)
(0.722243 -0.00217675 -8.28874e-24)
(0.752099 -0.0022349 -1.74288e-24)
(0.834578 -0.00164961 1.12274e-22)
(0.0101799 -0.00828639 6.14096e-21)
(0.0807506 -0.0200969 2.24785e-22)
(0.296046 -0.0205034 -4.44058e-21)
(0.397367 -0.0137567 3.80884e-21)
(0.504314 -0.0120379 2.55676e-22)
(0.587436 -0.00919753 -2.02368e-22)
(0.649689 -0.0085476 2.20845e-22)
(0.725408 -0.00649158 1.177e-23)
(0.754817 -0.00667241 -4.69553e-25)
(0.836274 -0.00493107 -1.02538e-22)
(0.0437074 -0.0147993 6.4298e-21)
(0.111066 -0.0329553 -8.76871e-21)
(0.318833 -0.0336568 4.52748e-21)
(0.41482 -0.0225868 -3.21528e-21)
(0.517682 -0.0197968 2.46881e-22)
(0.597804 -0.0151441 -1.95149e-22)
(0.65809 -0.0140923 -8.14974e-23)
(0.731642 -0.0107088 -5.29947e-24)
(0.76018 -0.0110199 -9.86838e-26)
(0.839627 -0.00815103 -1.49053e-22)
(0.0932168 -0.0226791 -9.91333e-21)
(0.155335 -0.0450268 -1.21514e-20)
(0.351927 -0.046057 -5.84727e-21)
(0.44019 -0.0309206 3.27731e-21)
(0.537118 -0.0271678 -4.29547e-21)
(0.612909 -0.020823 1.25622e-21)
(0.670347 -0.0194154 -6.72696e-23)
(0.740763 -0.0147677 2.01624e-23)
(0.768044 -0.0152206 -9.18041e-24)
(0.844559 -0.0112704 5.59023e-23)
(0.157741 -0.0321991 2.79901e-20)
(0.212188 -0.0560215 1.8139e-20)
(0.394093 -0.0574372 6.68193e-21)
(0.472559 -0.0385913 -6.5615e-21)
(0.56193 -0.0340196 3.56459e-21)
(0.632245 -0.0261434 1.03883e-21)
(0.686072 -0.0244404 7.32044e-22)
(0.752508 -0.0186137 5.11361e-23)
(0.778204 -0.0192224 7.44545e-24)
(0.850962 -0.0142532 -2.93018e-22)
(0.235956 -0.0432948 -1.2652e-20)
(0.279898 -0.0656269 9.51877e-21)
(0.443802 -0.0675426 1.20464e-21)
(0.510793 -0.0454521 7.53987e-21)
(0.591264 -0.0402391 -1.76259e-21)
(0.655184 -0.0310279 -1.27679e-21)
(0.704784 -0.0291017 -7.60191e-22)
(0.766548 -0.0221999 -3.2085e-24)
(0.790399 -0.0229792 -1.79499e-23)
(0.858692 -0.0170669 3.20873e-22)
(0.326186 -0.0556921 -9.75604e-21)
(0.356444 -0.0735782 -2.59411e-20)
(0.499309 -0.0761682 -4.56234e-21)
(0.553604 -0.0513835 -4.14634e-21)
(0.624153 -0.0457374 2.16296e-21)
(0.681017 -0.035414 -6.01604e-22)
(0.72593 -0.0333462 8.54422e-22)
(0.782504 -0.025488 1.24145e-22)
(0.804331 -0.0264525 -4.54374e-24)
(0.867583 -0.0196833 1.22735e-22)
(0.426452 -0.0695631 2.91459e-20)
(0.439585 -0.0801217 6.70679e-21)
(0.558752 -0.0833681 1.89854e-20)
(0.599624 -0.0563779 -1.14533e-20)
(0.659577 -0.0504859 3.72118e-21)
(0.708986 -0.0392697 -2.78667e-21)
(0.748924 -0.0371408 -1.23276e-21)
(0.799968 -0.0284502 -1.076e-22)
(0.819669 -0.029615 -8.43427e-23)
(0.877451 -0.0220768 1.74902e-22)
(0.534472 -0.0845473 -3.78396e-20)
(0.526944 -0.0861185 -5.98552e-21)
(0.620265 -0.0895159 -1.61215e-20)
(0.647491 -0.0606425 1.40286e-20)
(0.696516 -0.0545512 -4.76765e-21)
(0.73833 -0.0426189 2.2297e-21)
(0.773167 -0.0404853 1.4122e-21)
(0.818517 -0.0310779 -7.03785e-23)
(0.836072 -0.0324496 7.75088e-23)
(0.888097 -0.0242292 -3.82684e-22)
(0.64766 -0.0926652 -2.16912e-20)
(0.616009 -0.0895936 -2.45356e-20)
(0.682076 -0.0938305 3.81799e-21)
(0.695923 -0.0640978 -5.69889e-21)
(0.734007 -0.0578694 -5.65446e-21)
(0.768319 -0.0454685 -1.40307e-21)
(0.798081 -0.0433748 2.94868e-22)
(0.837735 -0.0333862 -1.80806e-22)
(0.853197 -0.0349271 5.62342e-23)
(0.899318 -0.0261535 1.33382e-22)
(1.03037 -0.0607833 0)
(0.91099 -0.0746687 0)
(0.890518 -0.0943024 0)
(0.864232 -0.0702056 0)
(0.867209 -0.0655785 0)
(0.876955 -0.0534432 0)
(0.889412 -0.0519555 0)
(0.908764 -0.0406613 0)
(0.91653 -0.0424036 0)
(0.940673 -0.032373 0)
(1.30514 -0.000440741 0)
(1.20463 -0.0265479 0)
(1.1401 -0.0540125 0)
(1.08882 -0.0538164 0)
(1.05957 -0.0546425 0)
(1.04002 -0.0493436 0)
(1.03042 -0.0504482 0)
(1.02163 -0.0421236 0)
(1.01886 -0.0420527 0)
(1.01006 -0.0340184 0)
(1.3038 0.0532016 0)
(1.25736 0.00384883 0)
(1.20813 -0.0279532 0)
(1.16795 -0.036396 0)
(1.14025 -0.0400268 0)
(1.11605 -0.03904 0)
(1.10157 -0.0419602 0)
(1.08166 -0.036935 0)
(1.07613 -0.035324 0)
(1.0515 -0.0291782 0)
(1.24288 0.0475491 0)
(1.2255 0.00219591 0)
(1.19449 -0.0216345 0)
(1.1675 -0.02772 0)
(1.14802 -0.0301803 0)
(1.12764 -0.0305463 0)
(1.11543 -0.0335641 0)
(1.09451 -0.030753 0)
(1.08985 -0.0276891 0)
(1.06308 -0.0225245 0)
(1.17756 0.041851 0)
(1.17583 0.0026992 0)
(1.15803 -0.0156691 0)
(1.1399 -0.020044 0)
(1.12676 -0.0220857 0)
(1.11078 -0.0235325 0)
(1.10148 -0.0263247 0)
(1.08294 -0.0250424 0)
(1.07907 -0.0210951 0)
(1.05628 -0.0163959 0)
(1.12901 0.0327856 0)
(1.13413 0.00307508 0)
(1.12403 -0.0110469 0)
(1.11062 -0.0144068 0)
(1.10089 -0.0161984 0)
(1.08792 -0.0181674 0)
(1.08026 -0.0204823 0)
(1.06434 -0.020042 0)
(1.06025 -0.0158631 0)
(1.04263 -0.0115193 0)
(1.09535 0.0250272 0)
(1.10359 0.00346462 0)
(1.09822 -0.00754605 0)
(1.08751 -0.0103253 0)
(1.0795 -0.0118077 0)
(1.06828 -0.0137599 0)
(1.06114 -0.0155023 0)
(1.04722 -0.01544 0)
(1.04231 -0.0116255 0)
(1.02902 -0.00782747 0)
(1.07376 0.0172642 0)
(1.08312 0.00290726 0)
(1.08064 -0.00502729 0)
(1.07163 -0.00710277 0)
(1.06449 -0.00813739 0)
(1.05419 -0.00971047 0)
(1.04701 -0.01091 0)
(1.03439 -0.0109866 0)
(1.02861 -0.00798407 0)
(1.01836 -0.00502325 0)
(1.06086 0.0101683 0)
(1.07059 0.00190615 0)
(1.06985 -0.00290837 0)
(1.06196 -0.00417454 0)
(1.05528 -0.00475496 0)
(1.04543 -0.00577078 0)
(1.03805 -0.00648384 0)
(1.0262 -0.00658355 0)
(1.01978 -0.0046754 0)
(1.01137 -0.00280152 0)
(1.05487 0.003335 0)
(1.06467 0.00064479 0)
(1.06476 -0.000962695 0)
(1.05744 -0.00137926 0)
(1.05094 -0.00155842 0)
(1.04127 -0.00191038 0)
(1.03375 -0.00214947 0)
(1.02226 -0.00219463 0)
(1.01552 -0.00153977 0)
(1.00798 -0.00090035 0)
(1.41096 0.306818 4.00514e-21)
(1.42296 0.286114 1.41892e-20)
(1.42841 0.262818 -3.05344e-20)
(1.42622 0.237183 -9.65502e-21)
(1.41539 0.209755 6.58112e-20)
(1.39518 0.181441 5.99505e-20)
(1.36515 0.153552 -1.20946e-19)
(1.32524 0.127752 9.32223e-21)
(1.27559 0.105885 -3.57214e-20)
(1.1979 0.0871543 -1.67926e-19)
(1.27627 0.198544 -3.33424e-22)
(1.28873 0.1888 1.20892e-20)
(1.30007 0.178122 -1.1107e-20)
(1.30993 0.166415 2.32461e-20)
(1.31788 0.153581 -3.41388e-20)
(1.32347 0.139555 -9.72904e-21)
(1.32619 0.124339 5.30081e-20)
(1.3256 0.108053 -4.45425e-20)
(1.32178 0.090986 -3.60284e-20)
(1.30802 0.0721328 8.80967e-21)
(1.19533 0.151026 -2.17655e-21)
(1.20583 0.148438 4.26308e-21)
(1.21646 0.145723 -5.64043e-21)
(1.22712 0.142803 -2.33438e-20)
(1.23764 0.139569 3.71868e-20)
(1.24781 0.135881 2.39875e-21)
(1.25735 0.131574 -2.34718e-20)
(1.26593 0.126478 4.00372e-20)
(1.27325 0.120409 4.22292e-21)
(1.2787 0.112379 9.25783e-21)
(1.13221 0.103201 -3.79323e-22)
(1.13923 0.101762 -1.30802e-21)
(1.14649 0.1003 -1.40677e-21)
(1.15399 0.0988268 1.22009e-20)
(1.16174 0.0973462 -1.46934e-20)
(1.16972 0.0958551 6.519e-21)
(1.17789 0.0943372 -1.85212e-21)
(1.1862 0.0927584 -5.87633e-21)
(1.19451 0.091029 3.19927e-20)
(1.20326 0.0884917 -6.88828e-21)
(1.09377 0.0759074 -2.42296e-24)
(1.09877 0.0754923 1.26122e-21)
(1.10393 0.0750587 8.43389e-22)
(1.10925 0.0746118 3.18838e-21)
(1.11473 0.0741551 7.81057e-21)
(1.12038 0.0736903 -7.97552e-21)
(1.12619 0.0732159 -4.0959e-21)
(1.13215 0.0727231 1.0277e-20)
(1.13826 0.072156 -9.58225e-21)
(1.14488 0.0710439 -1.04542e-21)
(1.06714 0.0532795 -6.25495e-22)
(1.07077 0.053104 4.10304e-23)
(1.07449 0.0529148 -5.4973e-22)
(1.07831 0.0527185 2.08758e-21)
(1.08223 0.0525214 -8.40021e-21)
(1.08626 0.0523294 2.0736e-21)
(1.09039 0.0521475 -3.92473e-21)
(1.09463 0.051975 -4.99837e-21)
(1.09899 0.0517742 2.66825e-22)
(1.10363 0.0512341 2.34819e-21)
(1.05035 0.0373981 -3.74284e-22)
(1.05308 0.0373954 2.32733e-21)
(1.05585 0.0373732 -1.3357e-21)
(1.05867 0.0373343 -1.71417e-22)
(1.06154 0.0372812 4.06028e-21)
(1.06445 0.0372164 1.01913e-21)
(1.0674 0.0371417 4.58528e-21)
(1.07039 0.0370556 -2.91693e-21)
(1.07344 0.0369323 5.97854e-21)
(1.07659 0.0365837 4.59218e-21)
(1.03939 0.0244091 -1.25275e-22)
(1.04154 0.0244323 -1.15862e-22)
(1.04371 0.0244401 8.5044e-22)
(1.0459 0.024434 -1.38281e-21)
(1.04811 0.0244155 -1.45089e-21)
(1.05033 0.0243856 4.16754e-21)
(1.05255 0.0243451 -2.69474e-21)
(1.05479 0.024292 2.04315e-21)
(1.05703 0.0242103 -6.89366e-22)
(1.05929 0.0239951 -6.48272e-22)
(1.03298 0.0138957 1.90186e-22)
(1.03479 0.0139267 -1.5921e-21)
(1.0366 0.0139467 8.53443e-22)
(1.03841 0.0139561 2.83692e-21)
(1.04021 0.0139553 -2.95311e-21)
(1.04201 0.0139444 9.56106e-22)
(1.0438 0.013923 1.58219e-21)
(1.04558 0.0138899 -3.02352e-21)
(1.04734 0.0138364 3.01238e-21)
(1.04908 0.0137113 -8.05885e-22)
(1.02996 0.0044673 -5.32233e-22)
(1.03159 0.00448167 9.60432e-22)
(1.03322 0.00449277 -1.22473e-22)
(1.03485 0.00450038 2.4148e-21)
(1.03646 0.00450419 -6.01159e-22)
(1.03807 0.00450376 3.17029e-22)
(1.03966 0.00449853 -3.09057e-21)
(1.04124 0.00448759 8.614e-22)
(1.04279 0.0044681 5.17703e-22)
(1.04431 0.00442524 3.27059e-22)
(1.12002 0.400012 -7.48885e-20)
(1.15372 0.396088 -1.70598e-20)
(1.18809 0.392109 -7.69984e-21)
(1.22151 0.387314 -4.81268e-21)
(1.25448 0.381281 -7.20698e-21)
(1.28668 0.3738 -3.80284e-21)
(1.31738 0.364658 5.2835e-21)
(1.34587 0.353614 -1.11964e-20)
(1.37148 0.340431 1.98014e-20)
(1.39347 0.324891 1.44054e-21)
(1.12167 0.24864 3.66036e-21)
(1.13989 0.247365 -2.01713e-20)
(1.15763 0.245408 -1.19492e-20)
(1.17375 0.242664 9.95922e-21)
(1.18924 0.239052 -3.52669e-21)
(1.20462 0.234514 2.61315e-21)
(1.21981 0.229048 -4.48295e-21)
(1.23465 0.222687 4.92914e-21)
(1.24906 0.21547 -3.40339e-21)
(1.26298 0.207422 -2.68568e-21)
(1.10064 0.169625 -1.03007e-21)
(1.11035 0.169016 9.65713e-21)
(1.1196 0.167908 8.39e-21)
(1.1283 0.166437 2.59754e-21)
(1.13706 0.164704 -1.56681e-22)
(1.14615 0.162749 -2.18569e-23)
(1.15553 0.160612 2.92006e-21)
(1.16513 0.158339 -3.31327e-21)
(1.17497 0.15597 1.70486e-21)
(1.18504 0.15353 5.44537e-22)
(1.0719 0.113694 8.19259e-22)
(1.07764 0.113174 1.18057e-20)
(1.08322 0.112448 3.64429e-21)
(1.08867 0.111595 -5.41709e-21)
(1.09427 0.110646 7.90074e-22)
(1.10011 0.109605 -4.79384e-22)
(1.10616 0.108471 -8.24211e-22)
(1.11239 0.107252 -4.82768e-22)
(1.1188 0.105959 1.07498e-21)
(1.1254 0.104605 -1.18341e-21)
(1.05113 0.0776977 5.99014e-22)
(1.05505 0.0778035 -4.51622e-21)
(1.05892 0.0778134 2.77169e-21)
(1.06277 0.0777587 1.42873e-21)
(1.06675 0.0776484 -1.57472e-21)
(1.07089 0.0774806 6.93662e-23)
(1.07519 0.077256 -2.21927e-22)
(1.07963 0.0769795 -8.31369e-22)
(1.0842 0.0766578 4.66065e-22)
(1.08891 0.0762981 4.12666e-22)
(1.03595 0.0529739 1.78256e-21)
(1.03875 0.0532557 5.30079e-23)
(1.04158 0.0534591 -3.13098e-21)
(1.04442 0.0536026 8.83544e-22)
(1.04736 0.0536924 6.87252e-23)
(1.05042 0.0537296 -1.07976e-23)
(1.05357 0.0537171 6.60444e-23)
(1.05683 0.0536598 3.08482e-22)
(1.06017 0.0535637 2.92669e-22)
(1.06361 0.0534349 -3.54738e-22)
(1.02617 0.0356901 2.15093e-21)
(1.02833 0.0360535 8.48927e-22)
(1.03055 0.0363596 1.36989e-21)
(1.03279 0.0366192 4.55487e-22)
(1.0351 0.0368372 7.55426e-23)
(1.03749 0.037015 3.8583e-23)
(1.03994 0.037155 9.22368e-23)
(1.04246 0.03726 -3.17983e-22)
(1.04504 0.0373334 7.3004e-22)
(1.04767 0.0373784 -5.41835e-22)
(1.01985 0.0228336 -1.86396e-22)
(1.0216 0.0231416 -6.1087e-23)
(1.0234 0.0234057 4.38357e-22)
(1.02524 0.0236325 -4.27895e-24)
(1.02713 0.0238258 1.73184e-22)
(1.02907 0.0239878 1.54896e-22)
(1.03106 0.0241205 -2.87126e-22)
(1.03309 0.0242265 -6.60001e-23)
(1.03516 0.0243083 -1.49059e-22)
(1.03726 0.0243684 -1.0873e-24)
(1.0162 0.0127445 -6.11023e-23)
(1.01771 0.0129526 1.07571e-22)
(1.01927 0.0131335 -4.04611e-23)
(1.02087 0.0132911 3.22612e-23)
(1.02251 0.0134279 1.52751e-22)
(1.02419 0.0135455 -8.57303e-22)
(1.0259 0.0136454 5.90218e-22)
(1.02764 0.013729 6.19335e-22)
(1.02941 0.0137978 -6.88972e-22)
(1.03119 0.013853 1.78959e-22)
(1.0145 0.00408802 4.66948e-23)
(1.01592 0.00415589 1.67544e-23)
(1.01737 0.0042139 3.54191e-23)
(1.01886 0.00426382 -3.34461e-22)
(1.02038 0.00430699 -9.54159e-23)
(1.02193 0.00434436 -5.00753e-22)
(1.0235 0.00437673 7.52768e-22)
(1.0251 0.00440475 -1.98578e-22)
(1.02671 0.00442897 6.62147e-22)
(1.02833 0.00444975 -4.19555e-22)
(1.00012 0.014798 0)
(1.00092 0.0448754 0)
(1.00238 0.0763278 0)
(1.00475 0.109972 0)
(1.00853 0.146675 0)
(1.01458 0.187313 0)
(1.02407 0.232609 0)
(1.0383 0.283203 0)
(1.05969 0.336983 0)
(1.08564 0.404449 0)
(1.00018 0.012062 0)
(1.00179 0.0362617 0)
(1.00507 0.0607279 0)
(1.01022 0.085664 0)
(1.0175 0.11123 0)
(1.02727 0.137504 0)
(1.04001 0.164409 0)
(1.05631 0.191911 0)
(1.07648 0.218276 0)
(1.10279 0.25008 0)
(1.00019 0.00919543 0)
(1.00184 0.0276053 0)
(1.0052 0.0460262 0)
(1.01037 0.0644383 0)
(1.01743 0.0827907 0)
(1.0265 0.100986 0)
(1.03774 0.118848 0)
(1.05153 0.13624 0)
(1.06744 0.152209 0)
(1.08925 0.169937 0)
(1.00015 0.00661054 0)
(1.00146 0.0198339 0)
(1.00415 0.0329797 0)
(1.00828 0.0459591 0)
(1.01384 0.0586727 0)
(1.02084 0.0710027 0)
(1.02928 0.0827934 0)
(1.03927 0.0939135 0)
(1.05032 0.103819 0)
(1.06486 0.114118 0)
(1.00011 0.00462327 0)
(1.00107 0.0138678 0)
(1.00305 0.02303 0)
(1.00609 0.0320198 0)
(1.01018 0.0407448 0)
(1.01527 0.0491096 0)
(1.02134 0.0570064 0)
(1.02842 0.0643487 0)
(1.03619 0.0708593 0)
(1.0461 0.0773784 0)
(1.00008 0.00318015 0)
(1.00077 0.00953731 0)
(1.0022 0.015829 0)
(1.00439 0.0219843 0)
(1.00733 0.0279325 0)
(1.01097 0.0336043 0)
(1.01527 0.0389275 0)
(1.02023 0.0438433 0)
(1.02565 0.0481995 0)
(1.03228 0.0524283 0)
(1.00006 0.0021353 0)
(1.00056 0.0064029 0)
(1.0016 0.010624 0)
(1.00321 0.014749 0)
(1.00535 0.0187292 0)
(1.00799 0.0225184 0)
(1.01111 0.0260709 0)
(1.0147 0.0293495 0)
(1.01863 0.0322722 0)
(1.02328 0.0350668 0)
(1.00004 0.00136 0)
(1.00043 0.00407772 0)
(1.00122 0.00676525 0)
(1.00243 0.00939085 0)
(1.00405 0.0119235 0)
(1.00605 0.0143343 0)
(1.00841 0.0165949 0)
(1.0111 0.0186823 0)
(1.01408 0.0205511 0)
(1.01748 0.022318 0)
(1.00003 0.000754565 0)
(1.00034 0.00226236 0)
(1.00099 0.00375343 0)
(1.00197 0.00521029 0)
(1.00328 0.00661599 0)
(1.0049 0.00795475 0)
(1.00681 0.00921153 0)
(1.009 0.010374 0)
(1.01142 0.0114197 0)
(1.01412 0.012404 0)
(1.00003 0.000241719 0)
(1.00031 0.000724741 0)
(1.00088 0.00120242 0)
(1.00176 0.00166915 0)
(1.00293 0.00211956 0)
(1.00437 0.00254863 0)
(1.00607 0.00295159 0)
(1.00802 0.0033245 0)
(1.01018 0.00366027 0)
(1.01256 0.00397604 0)
(0.999561 0.000802597 9.25564e-21)
(0.995452 0.00244443 -4.08766e-21)
(0.986523 0.0041955 1.04061e-20)
(0.972675 0.0061357 -6.84057e-21)
(0.953587 0.00835587 -7.34912e-21)
(0.928518 0.0109758 2.85752e-20)
(0.896395 0.014158 -5.44324e-21)
(0.855723 0.0181226 3.89532e-20)
(0.804433 0.0231355 2.25335e-20)
(0.739403 0.029174 -2.27854e-20)
(0.999549 0.00240301 1.12135e-20)
(0.995463 0.00731749 2.15732e-20)
(0.986622 0.0125549 3.24058e-20)
(0.97294 0.0183534 -4.48626e-20)
(0.954121 0.0249839 6.05218e-21)
(0.929463 0.0328029 1.75939e-20)
(0.897954 0.0422938 -2.98075e-20)
(0.858188 0.0541104 5.05477e-20)
(0.808195 0.0690441 -1.34394e-19)
(0.745085 0.0870039 1.84892e-19)
(0.999529 0.00398975 -3.94662e-20)
(0.995487 0.0121446 1.51571e-20)
(0.986817 0.0208214 -7.37216e-22)
(0.973465 0.0304127 -7.50097e-20)
(0.95518 0.0413646 1.89365e-20)
(0.93134 0.054262 -4.30422e-20)
(0.901049 0.0698956 5.79327e-20)
(0.863088 0.0893322 -1.50493e-19)
(0.815681 0.11387 2.56218e-19)
(0.756425 0.143278 -1.97552e-19)
(0.999503 0.00555563 2.5497e-20)
(0.995525 0.0168995 -8.36495e-21)
(0.987106 0.0289394 5.2546e-20)
(0.974244 0.0422169 -9.57236e-20)
(0.956751 0.0573458 6.00779e-20)
(0.934124 0.0751252 -1.19614e-19)
(0.905643 0.0966292 -1.80369e-20)
(0.870369 0.1233 3.73963e-19)
(0.826822 0.156909 -1.06987e-19)
(0.773388 0.196956 -2.53948e-19)
(0.999475 0.00709577 -1.04029e-19)
(0.995579 0.021559 8.00929e-20)
(0.987487 0.0368568 -3.92472e-20)
(0.97527 0.0536748 -1.69647e-19)
(0.958824 0.0727857 1.61965e-19)
(0.937792 0.0951832 -2.08617e-19)
(0.911692 0.122187 2.71047e-19)
(0.879962 0.155558 7.53185e-20)
(0.841527 0.197472 1.83434e-19)
(0.79594 0.246987 1.74078e-20)
(0.999452 0.00860829 8.25025e-20)
(0.995648 0.0260992 -1.95285e-20)
(0.987961 0.0445142 1.10534e-19)
(0.976551 0.0646841 -1.23158e-19)
(0.961406 0.0875313 1.18055e-19)
(0.942345 0.114218 -3.2957e-20)
(0.919173 0.146261 6.78935e-20)
(0.891802 0.185655 -2.08884e-19)
(0.859701 0.234867 -3.51405e-19)
(0.824086 0.292299 2.13452e-19)
(0.999431 0.0101016 -4.02139e-20)
(0.995725 0.0305069 -3.28734e-20)
(0.988537 0.0518594 1.62411e-20)
(0.978117 0.0751503 -1.09073e-19)
(0.964542 0.10144 3.83206e-19)
(0.947824 0.132023 -3.12424e-19)
(0.92811 0.168542 1.57302e-19)
(0.905863 0.213128 -2.63343e-19)
(0.881285 0.268365 -7.04936e-20)
(0.857898 0.331839 5.41253e-19)
(0.999409 0.0116135 4.85175e-20)
(0.995814 0.0348334 -5.57739e-21)
(0.98926 0.0589553 -4.86442e-20)
(0.980051 0.0851637 5.94932e-20)
(0.968335 0.114639 1.68539e-19)
(0.954336 0.148743 -3.68054e-19)
(0.938587 0.189126 2.95862e-19)
(0.922171 0.237868 -6.59859e-19)
(0.906291 0.297355 5.3827e-19)
(0.897479 0.364647 -1.37535e-19)
(0.999401 0.0131756 -5.35432e-20)
(0.996016 0.0391244 6.2154e-20)
(0.99032 0.0659246 -1.10751e-19)
(0.982609 0.0949714 -6.65674e-20)
(0.973077 0.127546 1.55043e-21)
(0.962164 0.164994 9.48812e-20)
(0.950813 0.208775 -4.81985e-19)
(0.940735 0.260532 5.33507e-19)
(0.934568 0.321545 -4.66537e-19)
(0.942475 0.388841 2.06703e-19)
(0.999479 0.0144853 -3.26277e-20)
(0.996628 0.042619 2.91559e-21)
(0.992156 0.0716453 -1.10603e-20)
(0.986324 0.103055 -8.25776e-20)
(0.979381 0.138181 -6.29483e-20)
(0.971958 0.178297 3.67237e-19)
(0.965319 0.224568 2.95656e-19)
(0.961582 0.277953 -1.33922e-19)
(0.964916 0.337782 -2.80349e-20)
(0.989796 0.399259 -6.28414e-19)
(0.999479 -0.0144853 -3.25923e-20)
(0.996628 -0.042619 2.15565e-20)
(0.992156 -0.0716453 -8.86717e-21)
(0.986324 -0.103055 1.36059e-19)
(0.979381 -0.138181 7.68635e-20)
(0.971958 -0.178297 -3.0978e-19)
(0.965319 -0.224568 -2.5715e-19)
(0.961582 -0.277953 1.73362e-19)
(0.964916 -0.337782 1.69871e-20)
(0.989796 -0.399259 6.44792e-19)
(0.999401 -0.0131756 2.31844e-20)
(0.996016 -0.0391244 -1.30198e-19)
(0.99032 -0.0659246 7.73636e-20)
(0.982609 -0.0949714 -4.49587e-20)
(0.973077 -0.127546 -7.10459e-20)
(0.962164 -0.164994 -3.89813e-20)
(0.950813 -0.208775 4.06027e-19)
(0.940735 -0.260532 -4.5202e-19)
(0.934568 -0.321545 5.25009e-19)
(0.942475 -0.388841 -2.87621e-19)
(0.999409 -0.0116135 -1.35505e-20)
(0.995814 -0.0348334 5.09152e-20)
(0.98926 -0.0589553 8.46247e-20)
(0.980051 -0.0851637 -1.66811e-20)
(0.968335 -0.114639 -2.30105e-19)
(0.954336 -0.148743 2.76998e-19)
(0.938587 -0.189126 -2.71599e-19)
(0.922171 -0.237868 6.10532e-19)
(0.906291 -0.297355 -5.99853e-19)
(0.897479 -0.364647 1.85954e-19)
(0.999431 -0.0101016 -3.62399e-21)
(0.995725 -0.0305069 6.71198e-20)
(0.988537 -0.0518594 -6.16001e-20)
(0.978117 -0.0751503 2.34617e-19)
(0.964542 -0.10144 -2.94414e-20)
(0.947824 -0.132023 -3.28949e-20)
(0.92811 -0.168542 -1.63043e-19)
(0.905863 -0.213128 1.17077e-19)
(0.881285 -0.268365 5.74476e-20)
(0.857898 -0.331839 -5.62799e-19)
(0.999452 -0.00860828 7.28178e-20)
(0.995648 -0.0260992 -2.23282e-20)
(0.987961 -0.0445142 6.23269e-20)
(0.976551 -0.0646841 1.02939e-19)
(0.961406 -0.0875313 -1.44681e-19)
(0.942345 -0.114218 -2.20757e-20)
(0.919173 -0.146261 2.01192e-20)
(0.891802 -0.185655 1.68498e-19)
(0.859701 -0.234867 3.0218e-19)
(0.824086 -0.292299 -1.77555e-19)
(0.999475 -0.00709577 -5.25861e-20)
(0.995579 -0.021559 -2.76585e-21)
(0.987487 -0.0368568 -1.34631e-19)
(0.97527 -0.0536748 2.09979e-19)
(0.958824 -0.0727857 -1.82246e-19)
(0.937792 -0.0951832 3.52409e-19)
(0.911692 -0.122187 -4.10795e-19)
(0.879962 -0.155558 1.92165e-19)
(0.841527 -0.197472 -2.37822e-20)
(0.79594 -0.246987 2.48563e-20)
(0.999503 -0.00555562 5.15976e-20)
(0.995525 -0.0168995 -3.39805e-20)
(0.987106 -0.0289394 3.61887e-20)
(0.974244 -0.0422169 -4.87069e-20)
(0.956751 -0.0573458 1.21119e-20)
(0.934124 -0.0751252 8.87929e-20)
(0.905643 -0.0966292 8.28125e-20)
(0.870369 -0.1233 -5.20373e-19)
(0.826822 -0.156909 7.56131e-21)
(0.773388 -0.196956 2.4612e-19)
(0.999529 -0.00398974 -2.20824e-20)
(0.995487 -0.0121446 3.79195e-21)
(0.986817 -0.0208214 -4.90749e-20)
(0.973465 -0.0304127 5.65456e-20)
(0.95518 -0.0413646 -2.22587e-20)
(0.93134 -0.0542619 2.34428e-20)
(0.901049 -0.0698956 -2.65753e-20)
(0.863088 -0.0893322 1.36314e-19)
(0.815681 -0.11387 -2.72856e-19)
(0.756425 -0.143278 1.66571e-19)
(0.999549 -0.00240301 1.56601e-20)
(0.995463 -0.00731747 -7.45061e-21)
(0.986622 -0.0125549 -5.84797e-21)
(0.97294 -0.0183534 6.7494e-20)
(0.954121 -0.0249839 -1.15882e-20)
(0.929463 -0.0328029 -8.29847e-21)
(0.897954 -0.0422938 -1.5233e-20)
(0.858188 -0.0541104 -3.00525e-20)
(0.808195 -0.0690441 1.42551e-19)
(0.745085 -0.0870039 -1.97996e-19)
(0.999561 -0.000802589 8.8796e-21)
(0.995452 -0.00244442 -2.05793e-21)
(0.986523 -0.00419549 -1.07631e-20)
(0.972675 -0.00613569 1.58899e-20)
(0.953587 -0.00835586 1.19801e-20)
(0.928518 -0.0109758 -4.35215e-21)
(0.896395 -0.014158 2.72955e-20)
(0.855723 -0.0181227 -5.00234e-20)
(0.804433 -0.0231356 1.70468e-21)
(0.739403 -0.0291741 3.44899e-20)
(1.00003 -0.00024172 0)
(1.00031 -0.000724743 0)
(1.00088 -0.00120242 0)
(1.00176 -0.00166915 0)
(1.00293 -0.00211956 0)
(1.00437 -0.00254863 0)
(1.00607 -0.00295159 0)
(1.00802 -0.0033245 0)
(1.01018 -0.00366028 0)
(1.01256 -0.00397604 0)
(1.00003 -0.000754566 0)
(1.00034 -0.00226236 0)
(1.00099 -0.00375344 0)
(1.00197 -0.0052103 0)
(1.00328 -0.00661599 0)
(1.0049 -0.00795475 0)
(1.00681 -0.00921154 0)
(1.009 -0.010374 0)
(1.01142 -0.0114197 0)
(1.01412 -0.012404 0)
(1.00004 -0.00136 0)
(1.00043 -0.00407772 0)
(1.00122 -0.00676526 0)
(1.00243 -0.00939085 0)
(1.00405 -0.0119235 0)
(1.00605 -0.0143343 0)
(1.00841 -0.0165949 0)
(1.0111 -0.0186823 0)
(1.01408 -0.0205512 0)
(1.01748 -0.022318 0)
(1.00006 -0.0021353 0)
(1.00056 -0.0064029 0)
(1.0016 -0.010624 0)
(1.00321 -0.014749 0)
(1.00535 -0.0187292 0)
(1.00799 -0.0225184 0)
(1.01111 -0.0260709 0)
(1.0147 -0.0293495 0)
(1.01863 -0.0322722 0)
(1.02328 -0.0350668 0)
(1.00008 -0.00318015 0)
(1.00077 -0.00953731 0)
(1.0022 -0.015829 0)
(1.00439 -0.0219843 0)
(1.00733 -0.0279325 0)
(1.01097 -0.0336043 0)
(1.01527 -0.0389275 0)
(1.02023 -0.0438433 0)
(1.02565 -0.0481995 0)
(1.03228 -0.0524283 0)
(1.00011 -0.00462327 0)
(1.00107 -0.0138678 0)
(1.00305 -0.02303 0)
(1.00609 -0.0320198 0)
(1.01018 -0.0407448 0)
(1.01527 -0.0491096 0)
(1.02134 -0.0570064 0)
(1.02842 -0.0643487 0)
(1.03619 -0.0708593 0)
(1.0461 -0.0773785 0)
(1.00015 -0.00661054 0)
(1.00146 -0.0198339 0)
(1.00415 -0.0329797 0)
(1.00828 -0.0459591 0)
(1.01384 -0.0586727 0)
(1.02084 -0.0710028 0)
(1.02928 -0.0827934 0)
(1.03927 -0.0939135 0)
(1.05032 -0.103819 0)
(1.06486 -0.114118 0)
(1.00019 -0.00919543 0)
(1.00184 -0.0276053 0)
(1.0052 -0.0460262 0)
(1.01037 -0.0644383 0)
(1.01743 -0.0827907 0)
(1.0265 -0.100986 0)
(1.03774 -0.118848 0)
(1.05153 -0.13624 0)
(1.06744 -0.152209 0)
(1.08925 -0.169937 0)
(1.00018 -0.012062 0)
(1.00179 -0.0362617 0)
(1.00507 -0.0607279 0)
(1.01022 -0.085664 0)
(1.0175 -0.11123 0)
(1.02727 -0.137504 0)
(1.04001 -0.164409 0)
(1.05631 -0.191911 0)
(1.07648 -0.218276 0)
(1.10279 -0.25008 0)
(1.00012 -0.014798 0)
(1.00092 -0.0448754 0)
(1.00238 -0.0763278 0)
(1.00475 -0.109972 0)
(1.00853 -0.146675 0)
(1.01458 -0.187313 0)
(1.02407 -0.232609 0)
(1.0383 -0.283203 0)
(1.05969 -0.336983 0)
(1.08564 -0.404449 0)
(1.0145 -0.00408802 3.98681e-23)
(1.01592 -0.00415589 2.46122e-23)
(1.01737 -0.0042139 -3.46769e-23)
(1.01886 -0.00426382 -8.73801e-23)
(1.02038 -0.00430699 4.94931e-22)
(1.02193 -0.00434436 3.8976e-22)
(1.0235 -0.00437673 -7.36192e-22)
(1.0251 -0.00440475 1.11375e-22)
(1.02671 -0.00442896 -6.60371e-22)
(1.02833 -0.00444974 4.08184e-22)
(1.0162 -0.0127445 -1.07725e-22)
(1.01771 -0.0129526 3.12263e-22)
(1.01927 -0.0131335 -2.09211e-22)
(1.02087 -0.0132911 -4.85028e-23)
(1.02251 -0.0134279 -1.31442e-22)
(1.02419 -0.0135455 7.43711e-22)
(1.0259 -0.0136454 -8.11016e-22)
(1.02764 -0.013729 -5.14198e-22)
(1.02941 -0.0137978 9.36772e-22)
(1.03119 -0.013853 -1.39873e-22)
(1.01985 -0.0228336 -2.14128e-22)
(1.0216 -0.0231416 4.48631e-24)
(1.0234 -0.0234057 2.59059e-22)
(1.02524 -0.0236325 1.29198e-22)
(1.02713 -0.0238258 -1.83471e-22)
(1.02907 -0.0239878 5.18518e-23)
(1.03106 -0.0241205 3.2752e-22)
(1.03309 -0.0242265 -3.20026e-22)
(1.03516 -0.0243083 -1.38895e-22)
(1.03726 -0.0243684 9.56787e-23)
(1.02617 -0.0356901 1.90862e-21)
(1.02833 -0.0360535 2.025e-21)
(1.03055 -0.0363596 -4.07641e-22)
(1.03279 -0.0366192 1.063e-21)
(1.0351 -0.0368372 2.66112e-22)
(1.03749 -0.037015 1.39069e-23)
(1.03994 -0.037155 1.79419e-23)
(1.04246 -0.03726 8.03112e-22)
(1.04504 -0.0373334 -1.02159e-21)
(1.04767 -0.0373784 2.2124e-22)
(1.03595 -0.0529739 1.69867e-21)
(1.03875 -0.0532557 5.01468e-22)
(1.04158 -0.0534591 -1.80002e-21)
(1.04442 -0.0536026 -8.50321e-22)
(1.04736 -0.0536924 3.95667e-22)
(1.05042 -0.0537296 -2.53225e-22)
(1.05357 -0.0537171 1.21305e-22)
(1.05683 -0.0536598 -8.97672e-23)
(1.06017 -0.0535637 -1.46995e-22)
(1.06361 -0.0534349 3.8893e-22)
(1.05113 -0.0776977 -2.5324e-23)
(1.05505 -0.0778035 -4.52745e-21)
(1.05892 -0.0778135 3.96319e-21)
(1.06277 -0.0777588 -9.26714e-22)
(1.06675 -0.0776484 -1.22343e-21)
(1.07089 -0.0774806 1.31407e-21)
(1.07519 -0.0772561 1.6112e-22)
(1.07963 -0.0769795 7.82015e-23)
(1.0842 -0.0766578 -3.23813e-22)
(1.08891 -0.0762981 5.35023e-23)
(1.0719 -0.113694 -4.33188e-21)
(1.07764 -0.113174 1.58285e-20)
(1.08322 -0.112448 -2.55104e-21)
(1.08867 -0.111595 4.10595e-22)
(1.09427 -0.110646 1.54943e-21)
(1.10011 -0.109605 -9.22679e-22)
(1.10616 -0.108471 -2.33545e-22)
(1.11239 -0.107252 -9.56464e-22)
(1.1188 -0.105959 3.89186e-22)
(1.1254 -0.104605 8.07542e-23)
(1.10064 -0.169625 5.39981e-21)
(1.11035 -0.169016 3.21215e-21)
(1.1196 -0.167908 1.41202e-20)
(1.1283 -0.166438 -5.24663e-21)
(1.13706 -0.164704 1.38823e-21)
(1.14615 -0.162749 -4.55983e-22)
(1.15553 -0.160612 2.90244e-21)
(1.16513 -0.158339 7.83227e-22)
(1.17497 -0.15597 -1.98476e-21)
(1.18504 -0.15353 1.66482e-21)
(1.12167 -0.24864 2.64318e-21)
(1.13989 -0.247365 -1.78937e-20)
(1.15763 -0.245408 -1.64588e-20)
(1.17375 -0.242664 8.22927e-21)
(1.18924 -0.239052 1.74884e-21)
(1.20462 -0.234514 2.1496e-21)
(1.21981 -0.229048 -5.26976e-21)
(1.23465 -0.222687 7.09956e-21)
(1.24906 -0.21547 -7.54765e-21)
(1.26298 -0.207422 3.37119e-23)
(1.12002 -0.400012 5.90987e-20)
(1.15372 -0.396088 1.89514e-20)
(1.18809 -0.392109 8.9815e-21)
(1.22151 -0.387314 -7.9172e-21)
(1.25448 -0.381281 7.41607e-21)
(1.28668 -0.3738 -2.19671e-22)
(1.31738 -0.364658 -3.87968e-22)
(1.34587 -0.353615 3.58742e-21)
(1.37148 -0.340431 6.85968e-21)
(1.39347 -0.324891 -2.07255e-22)
(1.02996 -0.00446729 5.45274e-22)
(1.03159 -0.00448166 -9.63115e-22)
(1.03322 -0.00449277 3.00574e-22)
(1.03485 -0.00450038 -2.46172e-21)
(1.03646 -0.00450419 1.06296e-21)
(1.03807 -0.00450375 2.51809e-21)
(1.03966 -0.00449852 -4.95818e-22)
(1.04124 -0.00448759 -1.17457e-22)
(1.04279 -0.0044681 1.75875e-22)
(1.04431 -0.00442523 4.39671e-22)
(1.03298 -0.0138957 -2.35634e-22)
(1.03479 -0.0139267 1.19295e-21)
(1.0366 -0.0139467 -1.07249e-21)
(1.03841 -0.0139561 -2.09758e-21)
(1.04021 -0.0139553 3.75707e-21)
(1.04201 -0.0139444 -1.63656e-22)
(1.0438 -0.013923 1.52434e-21)
(1.04558 -0.0138899 -1.16865e-21)
(1.04734 -0.0138364 -2.52804e-22)
(1.04908 -0.0137113 -3.95947e-22)
(1.03939 -0.0244091 1.05983e-23)
(1.04154 -0.0244323 -3.64892e-23)
(1.04371 -0.0244401 1.88316e-22)
(1.0459 -0.024434 1.45499e-21)
(1.04811 -0.0244155 3.77612e-22)
(1.05033 -0.0243856 -1.57871e-21)
(1.05255 -0.024345 -2.88531e-21)
(1.05479 -0.0242919 4.02685e-21)
(1.05703 -0.0242103 -1.08159e-21)
(1.05929 -0.0239951 -5.17436e-22)
(1.05035 -0.0373981 7.68653e-22)
(1.05308 -0.0373954 -1.12077e-21)
(1.05585 -0.0373732 1.50314e-21)
(1.05867 -0.0373343 -1.58669e-22)
(1.06154 -0.0372812 -3.91941e-22)
(1.06445 -0.0372163 2.77014e-21)
(1.0674 -0.0371417 2.24407e-21)
(1.07039 -0.0370556 5.28632e-21)
(1.07344 -0.0369322 1.56176e-21)
(1.07659 -0.0365837 5.32874e-21)
(1.06714 -0.0532795 5.8762e-22)
(1.07077 -0.053104 -3.00203e-22)
(1.07449 -0.0529148 -2.02641e-21)
(1.07831 -0.0527185 -4.59684e-21)
(1.08223 -0.0525213 1.36189e-21)
(1.08626 -0.0523294 -5.96588e-22)
(1.09039 -0.0521475 1.95476e-21)
(1.09463 -0.051975 -9.71807e-21)
(1.09899 -0.0517742 -8.99548e-22)
(1.10363 -0.0512341 2.53123e-21)
(1.09377 -0.0759074 -5.95911e-22)
(1.09877 -0.0754923 -1.56472e-21)
(1.10393 -0.0750587 2.509e-21)
(1.10925 -0.0746118 -3.10728e-21)
(1.11473 -0.0741551 6.2475e-21)
(1.12038 -0.0736903 -5.25053e-21)
(1.12619 -0.0732159 4.73804e-21)
(1.13215 -0.072723 7.12849e-21)
(1.13826 -0.072156 -9.33224e-21)
(1.14488 -0.0710438 1.34049e-22)
(1.13221 -0.103201 1.76343e-21)
(1.13923 -0.101762 -1.59549e-21)
(1.14649 -0.1003 -2.24802e-21)
(1.15399 -0.0988268 -1.29288e-21)
(1.16174 -0.0973462 -3.51476e-21)
(1.16972 -0.0958551 4.52742e-21)
(1.17789 -0.0943372 -1.55049e-20)
(1.1862 -0.0927584 9.92152e-21)
(1.19451 -0.091029 2.54304e-20)
(1.20326 -0.0884917 1.46238e-21)
(1.19533 -0.151026 -5.007e-22)
(1.20583 -0.148439 -3.44027e-21)
(1.21646 -0.145723 6.80727e-21)
(1.22712 -0.142803 -1.15364e-20)
(1.23764 -0.139569 -3.82207e-21)
(1.24781 -0.135881 9.05562e-21)
(1.25735 -0.131575 1.20104e-20)
(1.26593 -0.126478 1.9394e-20)
(1.27325 -0.120409 1.75717e-20)
(1.2787 -0.112379 -3.11946e-21)
(1.27627 -0.198544 3.45724e-21)
(1.28873 -0.1888 5.40119e-21)
(1.30007 -0.178122 -5.69013e-21)
(1.30993 -0.166415 2.04104e-20)
(1.31788 -0.153581 -2.30487e-20)
(1.32347 -0.139555 -4.4398e-20)
(1.32619 -0.124339 6.82567e-20)
(1.3256 -0.108053 -3.2775e-20)
(1.32178 -0.0909862 -4.02141e-20)
(1.30802 -0.072133 1.03439e-20)
(1.41096 -0.306818 -5.43466e-21)
(1.42296 -0.286114 -5.36517e-21)
(1.42841 -0.262819 4.76847e-20)
(1.42622 -0.237184 -7.92483e-21)
(1.41539 -0.209755 -3.48657e-20)
(1.39518 -0.181441 -1.96391e-20)
(1.36515 -0.153552 2.20998e-20)
(1.32524 -0.127752 -4.08857e-21)
(1.27559 -0.105885 4.10258e-20)
(1.1979 -0.0871546 1.34174e-19)
(1.05487 -0.00333499 0)
(1.06467 -0.000644754 0)
(1.06476 0.00096274 0)
(1.05744 0.00137925 0)
(1.05094 0.00155838 0)
(1.04127 0.00191033 0)
(1.03375 0.00214945 0)
(1.02226 0.00219459 0)
(1.01552 0.00153958 0)
(1.00798 0.000900258 0)
(1.06086 -0.0101683 0)
(1.07059 -0.00190605 0)
(1.06985 0.00290851 0)
(1.06196 0.00417449 0)
(1.05527 0.00475484 0)
(1.04543 0.00577061 0)
(1.03805 0.00648374 0)
(1.0262 0.00658344 0)
(1.01978 0.00467488 0)
(1.01138 0.00280128 0)
(1.07376 -0.0172641 0)
(1.08312 -0.00290709 0)
(1.08064 0.00502755 0)
(1.07163 0.00710273 0)
(1.06449 0.00813717 0)
(1.05419 0.00971011 0)
(1.04701 0.0109098 0)
(1.03439 0.0109864 0)
(1.02861 0.00798331 0)
(1.01836 0.00502297 0)
(1.09535 -0.0250272 0)
(1.10359 -0.00346437 0)
(1.09822 0.00754645 0)
(1.08751 0.0103253 0)
(1.0795 0.0118073 0)
(1.06827 0.0137593 0)
(1.06114 0.0155019 0)
(1.04722 0.0154397 0)
(1.04231 0.0116246 0)
(1.02902 0.00782731 0)
(1.12901 -0.0327855 0)
(1.13413 -0.00307475 0)
(1.12403 0.0110475 0)
(1.11062 0.0144069 0)
(1.10089 0.0161979 0)
(1.08792 0.0181663 0)
(1.08026 0.0204815 0)
(1.06434 0.0200414 0)
(1.06025 0.0158623 0)
(1.04263 0.0115194 0)
(1.17756 -0.0418509 0)
(1.17583 -0.00269875 0)
(1.15803 0.01567 0)
(1.1399 0.0200443 0)
(1.12675 0.022085 0)
(1.11078 0.0235309 0)
(1.10148 0.0263236 0)
(1.08294 0.0250416 0)
(1.07907 0.0210944 0)
(1.05628 0.0163965 0)
(1.24288 -0.0475491 0)
(1.2255 -0.00219527 0)
(1.19449 0.0216358 0)
(1.1675 0.0277205 0)
(1.14802 0.0301794 0)
(1.12764 0.0305441 0)
(1.11543 0.0335624 0)
(1.09451 0.0307518 0)
(1.08985 0.0276886 0)
(1.06308 0.0225257 0)
(1.3038 -0.0532018 0)
(1.25736 -0.00384806 0)
(1.20813 0.027955 0)
(1.16795 0.0363971 0)
(1.14025 0.0400259 0)
(1.11605 0.0390371 0)
(1.10157 0.0419579 0)
(1.08166 0.0369332 0)
(1.07613 0.0353237 0)
(1.0515 0.0291801 0)
(1.30514 0.000440329 0)
(1.20463 0.0265486 0)
(1.1401 0.0540145 0)
(1.08882 0.0538182 0)
(1.05957 0.0546422 0)
(1.04002 0.0493405 0)
(1.03042 0.0504452 0)
(1.02163 0.0421208 0)
(1.01886 0.0420523 0)
(1.01006 0.0340208 0)
(1.03037 0.0607826 0)
(0.910992 0.0746688 0)
(0.890522 0.0943045 0)
(0.864233 0.0702085 0)
(0.867206 0.0655793 0)
(0.876949 0.0534404 0)
(0.889409 0.051952 0)
(0.908762 0.0406574 0)
(0.916532 0.0424026 0)
(0.940673 0.0323757 0)
(0.647659 0.0926641 6.01751e-20)
(0.616011 0.0895934 -8.88535e-21)
(0.68208 0.093833 -4.04774e-21)
(0.695925 0.0641016 3.04642e-21)
(0.734004 0.0578708 4.68776e-21)
(0.768314 0.0454656 -1.57427e-22)
(0.798077 0.0433709 -5.59002e-22)
(0.837733 0.0333816 -2.15653e-23)
(0.853198 0.0349257 -1.97149e-23)
(0.899318 0.0261563 1.66563e-22)
(0.534471 0.0845461 -5.47153e-21)
(0.526947 0.0861182 -1.14728e-20)
(0.620269 0.0895185 8.51626e-21)
(0.647493 0.0606465 -5.69634e-21)
(0.696513 0.0545528 -5.113e-22)
(0.738324 0.0426159 1.4004e-21)
(0.773164 0.0404812 2.09065e-22)
(0.818514 0.0310731 5.12845e-22)
(0.836073 0.0324481 -8.58033e-24)
(0.888097 0.0242321 -3.44099e-22)
(0.426452 0.0695617 4.56069e-20)
(0.439588 0.0801213 6.57329e-21)
(0.558756 0.0833708 5.37152e-21)
(0.599625 0.0563821 7.88937e-21)
(0.659574 0.0504876 -1.95264e-21)
(0.708981 0.0392668 -7.66311e-22)
(0.74892 0.0371366 -1.05842e-21)
(0.799965 0.0284452 -3.21098e-22)
(0.81967 0.0296135 -4.42724e-23)
(0.877451 0.0220796 1.93361e-22)
(0.326185 0.0556907 -9.07947e-20)
(0.356446 0.0735777 1.00062e-20)
(0.499313 0.076171 -1.88236e-20)
(0.553606 0.0513879 8.36393e-22)
(0.624151 0.0457393 -4.60643e-22)
(0.681012 0.035411 2.23853e-21)
(0.725927 0.0333419 -1.7231e-22)
(0.782502 0.0254829 -3.69081e-24)
(0.804331 0.0264509 5.72584e-24)
(0.867584 0.0196862 1.25282e-22)
(0.235956 0.0432933 7.30115e-20)
(0.2799 0.0656263 -3.06553e-20)
(0.443805 0.0675455 -4.63893e-21)
(0.510795 0.0454567 3.93453e-21)
(0.591261 0.0402412 1.22688e-21)
(0.65518 0.0310249 -1.7519e-21)
(0.70478 0.0290974 -4.0164e-22)
(0.766546 0.0221946 -1.26518e-22)
(0.7904 0.0229775 -1.56662e-24)
(0.858692 0.0170698 3.01632e-22)
(0.157741 0.0321975 -6.82619e-21)
(0.21219 0.0560208 3.26367e-20)
(0.394096 0.0574402 3.38667e-21)
(0.472561 0.0385962 -4.61016e-21)
(0.561928 0.0340218 5.54522e-21)
(0.632241 0.0261404 2.60009e-22)
(0.68607 0.0244359 7.23248e-22)
(0.752506 0.0186083 4.01687e-23)
(0.778204 0.0192206 4.71687e-23)
(0.850962 0.0142561 -3.21979e-22)
(0.0932164 0.0226774 -3.01873e-20)
(0.155337 0.045026 -4.91814e-21)
(0.35193 0.0460602 1.27425e-20)
(0.440191 0.0309256 -1.91962e-21)
(0.537116 0.0271701 -2.38374e-21)
(0.612907 0.0208199 4.63142e-22)
(0.670345 0.0194108 -1.51393e-22)
(0.740762 0.0147622 2.68398e-23)
(0.768045 0.0152188 -1.54389e-24)
(0.84456 0.0112734 5.37469e-23)
(0.0437071 0.0147975 6.93382e-21)
(0.111067 0.0329544 -5.51012e-23)
(0.318835 0.03366 3.97325e-21)
(0.414821 0.022592 -2.00776e-21)
(0.51768 0.0197992 -5.05995e-22)
(0.597802 0.015141 3.49483e-22)
(0.658088 0.0140877 -2.20309e-22)
(0.731641 0.0107032 3.21743e-23)
(0.76018 0.011018 3.18229e-24)
(0.839627 0.00815395 -1.56763e-22)
(0.0101797 0.00828456 4.81901e-21)
(0.0807515 0.020096 -5.75761e-21)
(0.296047 0.0205067 -4.80497e-21)
(0.397368 0.013762 1.31112e-21)
(0.504314 0.0120404 3.32261e-22)
(0.587434 0.0091945 -2.59762e-22)
(0.649688 0.00854293 1.64493e-22)
(0.725407 0.00648593 7.94356e-24)
(0.754817 0.0066705 -2.61306e-24)
(0.836274 0.004934 -1.02698e-22)
(-0.00673796 0.00265883 -4.7471e-22)
(0.0653473 0.00675294 3.66581e-21)
(0.284429 0.00688896 1.45793e-21)
(0.388475 0.00462393 -1.09334e-22)
(0.497504 0.0040414 2.94054e-22)
(0.582159 0.00308248 -5.74479e-23)
(0.645418 0.00286147 5.12972e-23)
(0.722243 0.00217106 6.41623e-24)
(0.752099 0.00223297 1.75034e-24)
(0.834579 0.00165254 1.08671e-22)
)
;

boundaryField
{
    inlet
    {
        type            uniformFixedValue;
        uniformValue    constant (1 0 0);
        value           uniform (1 0 0);
    }
    outlet
    {
        type            pressureInletOutletVelocity;
        value           nonuniform List<vector> 
40
(
(0.940673 -0.032373 0)
(1.01006 -0.0340184 0)
(1.0515 -0.0291782 0)
(1.06308 -0.0225245 0)
(1.05628 -0.0163959 0)
(1.04263 -0.0115193 0)
(1.02902 -0.00782747 0)
(1.01836 -0.00502325 0)
(1.01137 -0.00280152 0)
(1.00798 -0.00090035 0)
(0.834578 -0.00164961 1.12274e-22)
(0.836274 -0.00493107 -1.02538e-22)
(0.839627 -0.00815103 -1.49053e-22)
(0.844559 -0.0112704 5.59023e-23)
(0.850962 -0.0142532 -2.93018e-22)
(0.858692 -0.0170669 3.20873e-22)
(0.867583 -0.0196833 1.22735e-22)
(0.877451 -0.0220768 1.74902e-22)
(0.888097 -0.0242292 -3.82684e-22)
(0.899318 -0.0261535 1.33382e-22)
(0.899318 0.0261563 1.66563e-22)
(0.888097 0.0242321 -3.44099e-22)
(0.877451 0.0220796 1.93361e-22)
(0.867584 0.0196862 1.25282e-22)
(0.858692 0.0170698 3.01632e-22)
(0.850962 0.0142561 -3.21979e-22)
(0.84456 0.0112734 5.37469e-23)
(0.839627 0.00815395 -1.56763e-22)
(0.836274 0.004934 -1.02698e-22)
(0.834579 0.00165254 1.08671e-22)
(1.00798 0.000900258 0)
(1.01138 0.00280128 0)
(1.01836 0.00502297 0)
(1.02902 0.00782731 0)
(1.04263 0.0115194 0)
(1.05628 0.0163965 0)
(1.06308 0.0225257 0)
(1.0515 0.0291801 0)
(1.01006 0.0340208 0)
(0.940673 0.0323757 0)
)
;
    }
    cylinder
    {
        type            fixedValue;
        value           uniform (0 0 0);
    }
    top
    {
        type            symmetryPlane;
    }
    bottom
    {
        type            symmetryPlane;
    }
    defaultFaces
    {
        type            empty;
    }
}


// ************************************************************************* //
