/*--------------------------------*- C++ -*----------------------------------*\
  =========                 |
  \\      /  F ield         | OpenFOAM: The Open Source CFD Toolbox
   \\    /   O peration     | Website:  https://openfoam.org
    \\  /    A nd           | Version:  6.0
     \\/     M anipulation  |
\*---------------------------------------------------------------------------*/
FoamFile
{
    version     2.0;
    format      ascii;
    class       volVectorField;
    location    "6";
    object      U;
}
// * * * * * * * * * * * * * * * * * * * * * * * * * * * * * * * * * * * * * //

dimensions      [0 1 -1 0 0 0 0];

internalField   nonuniform List<vector> 
2000
(
(-0.00207104 0.00180646 6.18493e-20)
(-0.00781483 0.00338064 7.33566e-20)
(-0.0155359 0.00368599 -6.98862e-20)
(-0.0223727 0.00327403 -1.4246e-19)
(-0.0273588 0.00246857 -9.94031e-20)
(-0.0303471 0.00148084 1.32351e-19)
(-0.0314479 0.000462621 7.69431e-20)
(-0.0309554 -0.00047381 -3.11749e-20)
(-0.0293349 -0.00124264 -7.76225e-20)
(-0.0268982 -0.00177559 5.65139e-20)
(-0.00257342 0.00528085 -1.53282e-19)
(-0.0085245 0.00982087 2.11346e-19)
(-0.0158055 0.0106374 2.09298e-20)
(-0.0218334 0.00935001 -1.22218e-19)
(-0.0257872 0.00690978 5.84423e-19)
(-0.0275997 0.00393683 -2.57021e-19)
(-0.0274312 0.000877697 -2.77708e-19)
(-0.0256031 -0.00193304 3.34764e-19)
(-0.0225986 -0.00423632 -3.29547e-19)
(-0.0188132 -0.00582367 1.66445e-19)
(-0.00352034 0.00844052 2.54793e-20)
(-0.00979208 0.0155376 9.06904e-21)
(-0.0161234 0.0166702 6.32802e-19)
(-0.0204874 0.0144402 2.21707e-19)
(-0.0223526 0.0103661 4.38647e-20)
(-0.0218096 0.0054356 3.63225e-19)
(-0.0191162 0.000362747 -6.89533e-19)
(-0.0146447 -0.00430381 1.49021e-20)
(-0.00891044 -0.00811921 -4.07283e-19)
(-0.00248369 -0.0107332 4.47161e-19)
(-0.00479606 0.011088 -4.79022e-20)
(-0.0113124 0.0200859 2.74943e-19)
(-0.0160406 0.0212419 -8.01026e-19)
(-0.0177866 0.0179957 -1.03436e-19)
(-0.0164505 0.0123327 -5.88743e-19)
(-0.0123562 0.00553542 6.09466e-19)
(-0.00590246 -0.00146585 -6.46209e-19)
(0.00247115 -0.00792841 4.53604e-19)
(0.0122101 -0.0132046 1.90523e-19)
(0.022465 -0.0167998 -2.14433e-19)
(-0.00622059 0.0130393 -5.32503e-19)
(-0.0126113 0.0230705 4.91557e-21)
(-0.0148568 0.0239063 9.86282e-19)
(-0.0128699 0.0196198 2.95396e-19)
(-0.00711969 0.0125228 -9.39598e-19)
(0.0017621 0.00408661 5.84219e-19)
(0.0131941 -0.00462638 6.61582e-19)
(0.0266618 -0.0127241 -5.89658e-19)
(0.0415801 -0.0193438 4.2041e-19)
(0.0567022 -0.0238475 1.03253e-19)
(-0.00754112 0.0141252 7.28365e-20)
(-0.0130309 0.0241585 1.34131e-20)
(-0.0116015 0.0243383 -1.2604e-18)
(-0.0045332 0.0191072 -7.05084e-19)
(0.00700484 0.0109293 8.4106e-19)
(0.0219963 0.00132896 -9.8482e-19)
(0.0396293 -0.0086239 1.12859e-18)
(0.0593104 -0.0179798 -9.74274e-20)
(0.0804618 -0.0256801 -3.17382e-19)
(0.101317 -0.0309642 -9.21179e-19)
(-0.00842312 0.014194 -1.57908e-19)
(-0.0117232 0.023093 -2.88232e-19)
(-0.00503339 0.0223484 -3.54201e-19)
(0.00877418 0.0164524 7.56274e-19)
(0.0277146 0.00783362 1.40328e-18)
(0.050305 -0.00207986 -2.90003e-19)
(0.0754328 -0.0123776 -7.05873e-19)
(0.102405 -0.0222273 2.15316e-19)
(0.13073 -0.0304787 -1.35737e-18)
(0.158041 -0.0363113 1.48658e-18)
(-0.00844856 0.0131241 9.65351e-19)
(-0.00766941 0.0197158 -5.26284e-19)
(0.00631246 0.0178891 1.02893e-18)
(0.0288827 0.0118254 -1.68165e-18)
(0.0571558 0.0037496 -8.04119e-19)
(0.0890944 -0.00512502 -1.11444e-18)
(0.123175 -0.0142226 3.23943e-19)
(0.158521 -0.0230889 -9.02901e-19)
(0.194857 -0.0307064 1.96703e-18)
(0.229318 -0.0363947 5.49567e-19)
(-0.00713189 0.0108507 7.00332e-20)
(0.000257739 0.0140059 8.57165e-19)
(0.0240123 0.0110587 1.70376e-18)
(0.057752 0.00550288 5.21705e-19)
(0.0976601 -0.000739359 1.54413e-18)
(0.141054 -0.00665454 8.46407e-20)
(0.185809 -0.0119924 -1.35402e-21)
(0.230601 -0.0167361 6.23893e-19)
(0.275382 -0.0201558 5.07794e-19)
(0.317346 -0.0227098 -1.64008e-18)
(-0.00396898 0.00740812 -5.69848e-19)
(0.0131644 0.00613386 -9.55129e-19)
(0.0495528 0.00209556 -1.3907e-18)
(0.097236 -0.00229909 3.21307e-20)
(0.151606 -0.00548256 -7.10352e-19)
(0.209437 -0.00645476 1.1203e-18)
(0.268024 -0.00483959 -3.08754e-18)
(0.325291 -0.000345505 1.38801e-18)
(0.380441 0.00772491 5.24112e-19)
(0.430463 0.0152577 1.64293e-18)
(0.00146746 0.00298491 2.85226e-19)
(0.0318972 -0.00344877 -1.09025e-18)
(0.0838883 -0.00854401 9.74504e-19)
(0.148287 -0.0114758 -3.78753e-19)
(0.220083 -0.0112701 4.12114e-19)
(0.296149 -0.00699479 8.98003e-19)
(0.374462 0.0021103 -1.20573e-18)
(0.454392 0.017044 1.56676e-19)
(0.536635 0.0372449 -5.77575e-19)
(0.62297 0.0530426 1.15127e-18)
(0.00943662 -0.00203146 4.06709e-19)
(0.0568317 -0.0138618 -9.86428e-19)
(0.127 -0.0198151 1.34692e-18)
(0.209869 -0.0212277 -8.403e-19)
(0.300032 -0.0182639 -3.08377e-19)
(0.394232 -0.0107901 1.82669e-19)
(0.490444 0.00112165 9.52937e-20)
(0.58786 0.0172235 1.28032e-18)
(0.685881 0.0350027 3.68343e-19)
(0.781869 0.0461119 1.55654e-18)
(0.0200443 -0.00707684 -3.62106e-19)
(0.0879947 -0.023741 1.27334e-18)
(0.178395 -0.0297335 -1.06573e-18)
(0.280477 -0.0289102 -1.25291e-18)
(0.388333 -0.0228122 1.75312e-18)
(0.498257 -0.0122461 -1.33387e-18)
(0.607642 0.00187125 3.52278e-19)
(0.714735 0.018487 -2.08172e-18)
(0.817587 0.0350952 1.55799e-18)
(0.912037 0.0466297 7.69854e-20)
(0.0332937 -0.0115252 -4.70709e-19)
(0.125168 -0.0315355 -4.56553e-19)
(0.237345 -0.0360299 -9.7454e-19)
(0.358649 -0.0315706 1.18146e-18)
(0.482724 -0.0211579 -5.98418e-20)
(0.605406 -0.00650904 7.66081e-19)
(0.723587 0.0107818 1.39678e-18)
(0.834895 0.0292629 -4.292e-19)
(0.936883 0.0469794 -1.50886e-18)
(1.02548 0.0611242 2.99342e-18)
(0.0491076 -0.0147699 -2.42636e-19)
(0.167881 -0.0357558 -2.89892e-19)
(0.302798 -0.0366287 5.24842e-19)
(0.442662 -0.0267456 -9.77254e-19)
(0.58089 -0.0105869 1.66777e-19)
(0.713102 0.00926983 1.48947e-19)
(0.836061 0.0306783 6.45706e-20)
(0.947362 0.0519706 -1.14734e-20)
(1.04481 0.0717545 -1.61191e-19)
(1.12507 0.0885609 -2.53333e-18)
(0.0673142 -0.0162488 9.85361e-19)
(0.215364 -0.03509 -6.8814e-19)
(0.373263 -0.029853 8.65806e-21)
(0.530294 -0.0126903 -1.05462e-18)
(0.680021 0.0104738 -3.78496e-19)
(0.818242 0.036286 3.53943e-19)
(0.942075 0.0621773 2.74646e-19)
(1.04965 0.086396 -9.79389e-19)
(1.13959 0.108071 7.98778e-19)
(1.20963 0.126499 -1.04815e-18)
(0.0876168 -0.0154508 4.24227e-19)
(0.266512 -0.028462 -3.77967e-19)
(0.446788 -0.0145173 1.57622e-18)
(0.618843 0.011552 1.61791e-19)
(0.776886 0.0425028 3.70394e-19)
(0.917401 0.0743624 1.65492e-18)
(1.0384 0.104329 -2.5284e-19)
(1.13905 0.130746 2.3072e-19)
(1.21916 0.153299 9.49564e-20)
(1.27782 0.171738 -1.17565e-19)
(0.109567 -0.0119281 2.95668e-19)
(0.319882 -0.0150751 7.14298e-19)
(0.521027 0.010031 -7.68523e-19)
(0.70527 0.0461704 -2.61419e-19)
(0.86808 0.0850388 -3.23208e-19)
(1.0072 0.122311 4.99711e-19)
(1.12206 0.15523 -2.6039e-19)
(1.21327 0.182484 7.01077e-19)
(1.28207 0.204412 2.36174e-19)
(1.329 0.221089 -3.85155e-19)
(0.132552 -0.00532332 -3.18852e-19)
(0.373725 0.00553866 2.8418e-19)
(0.593351 0.0438886 -6.08157e-19)
(0.786413 0.0906406 2.63026e-19)
(0.950326 0.136856 -2.73391e-19)
(1.08467 0.178248 -3.41872e-19)
(1.19072 0.212467 -2.75251e-19)
(1.27082 0.238836 3.0791e-19)
(1.32771 0.258478 -5.81984e-19)
(1.36338 0.271753 3.52308e-19)
(0.155807 0.00459335 -1.13443e-19)
(0.426061 0.0334635 -2.22921e-19)
(0.661008 0.0865819 1.06242e-19)
(0.85922 0.143792 6.41591e-21)
(1.02074 0.196131 8.86103e-20)
(1.14749 0.239853 1.22019e-19)
(1.24288 0.273427 1.1355e-19)
(1.31112 0.297102 -1.50493e-19)
(1.35634 0.312892 1.28791e-19)
(1.38186 0.32145 -2.02037e-19)
(0.178444 0.0178841 -6.56701e-20)
(0.474784 0.0683518 -2.46718e-20)
(0.7213 0.13707 9.89572e-20)
(0.920958 0.203891 -4.54025e-20)
(1.07701 0.260603 1.22023e-19)
(1.19409 0.304576 -1.57741e-19)
(1.2779 0.335509 3.64919e-20)
(1.33437 0.354817 3.9146e-20)
(1.3689 0.365471 -1.66715e-20)
(1.38584 0.36842 6.28595e-20)
(0.199494 0.0344096 -7.0743e-20)
(0.517794 0.109397 -3.22089e-19)
(0.77176 0.193779 -2.2745e-20)
(0.969388 0.268745 6.82064e-21)
(1.11755 0.32773 -4.23449e-19)
(1.22375 0.369806 5.55891e-20)
(1.2959 0.39626 -4.76657e-20)
(1.34147 0.409837 -1.16357e-19)
(1.36678 0.414449 2.4516e-19)
(1.377 0.41134 -4.48735e-19)
(0.217971 0.0538059 -3.43197e-20)
(0.553124 0.155336 6.53613e-19)
(0.810309 0.254661 1.05577e-19)
(1.00289 0.33582 -5.7813e-19)
(1.14152 0.394829 -4.72062e-20)
(1.2365 0.432995 -5.61104e-19)
(1.2977 0.453457 4.13667e-19)
(1.3338 0.460341 -1.52164e-19)
(1.3517 0.458425 2.71005e-19)
(1.35712 0.449217 -2.0385e-19)
(0.232929 0.0754768 -2.16594e-19)
(0.579082 0.204485 2.09954e-19)
(0.835386 0.317294 -1.51619e-19)
(1.02054 0.402377 1.14032e-18)
(1.14882 0.459209 5.66506e-19)
(1.23304 0.491754 -1.32569e-19)
(1.28462 0.505135 4.51454e-19)
(1.31304 0.50481 -2.98136e-19)
(1.32551 0.496279 -8.5682e-20)
(1.32799 0.481286 5.6465e-19)
(0.243534 0.098604 -3.76495e-19)
(0.594362 0.254805 4.84097e-19)
(0.846039 0.379001 -9.54992e-19)
(1.02211 0.4656 1.35939e-19)
(1.14003 0.518272 3.0802e-19)
(1.21463 0.543902 -4.65219e-19)
(1.25837 0.549592 -5.63071e-19)
(1.28114 0.541976 2.52913e-19)
(1.29012 0.527095 -3.09723e-19)
(1.29137 0.50692 3.94964e-19)
(0.249121 0.122174 -9.48809e-20)
(0.598134 0.304009 -4.93332e-19)
(0.841961 0.436985 2.7137e-19)
(1.00805 0.522727 4.6936e-19)
(1.11632 0.569606 -2.7983e-19)
(1.18295 0.587503 -2.14111e-19)
(1.22093 0.585359 -1.41848e-19)
(1.24011 0.570759 -6.92408e-20)
(1.24747 0.550075 6.53793e-21)
(1.24898 0.525533 1.82881e-19)
(0.24925 0.145023 7.41055e-20)
(0.590108 0.349674 -4.29326e-19)
(0.823495 0.488483 7.21371e-19)
(0.979412 0.571182 -4.24879e-19)
(1.0793 0.611062 1.34793e-19)
(1.13999 0.620884 -1.86508e-19)
(1.17441 0.611185 2.02429e-19)
(1.19203 0.590211 6.50275e-20)
(1.19944 0.564439 -6.2553e-21)
(1.20248 0.536443 2.01192e-20)
(0.243754 0.165904 -1.98188e-19)
(0.570558 0.389394 3.9298e-19)
(0.791593 0.530912 -1.42528e-20)
(0.937744 0.608687 -9.33685e-20)
(1.03093 0.640827 -2.12901e-19)
(1.08792 0.642685 3.36325e-20)
(1.12106 0.626077 -3.44269e-22)
(1.13909 0.599578 -1.05244e-19)
(1.14817 0.569479 1.16914e-19)
(1.15394 0.538859 1.21537e-19)
(0.232768 0.183564 8.12265e-20)
(0.540317 0.420927 -9.53402e-20)
(0.747731 0.562017 -3.36453e-21)
(0.884936 0.633348 8.89708e-20)
(0.973291 0.657421 2.32794e-21)
(1.02887 0.651762 -1.01867e-19)
(1.06308 0.629137 -2.56901e-19)
(1.08374 0.598144 -1.11024e-19)
(1.0966 0.56456 -1.45183e-19)
(1.10669 0.532185 1.14783e-19)
(0.216749 0.196855 6.96768e-20)
(0.500738 0.442378 -1.30727e-19)
(0.693802 0.580039 1.28586e-19)
(0.823039 0.643782 -2.67295e-19)
(0.90826 0.659722 6.21239e-20)
(0.964383 0.646954 4.6625e-19)
(1.00171 0.618777 -1.44059e-19)
(1.0273 0.583518 1.65045e-19)
(1.04654 0.546334 2.48848e-19)
(1.0626 0.512952 9.12772e-19)
(0.196477 0.204845 6.29623e-19)
(0.453658 0.452377 -4.207e-19)
(0.632074 0.58394 1.04213e-18)
(0.754227 0.639487 -1.77507e-19)
(0.837432 0.647669 9.06618e-19)
(0.895004 0.628284 5.69433e-19)
(0.936067 0.594364 -1.33445e-18)
(0.96709 0.552998 2.03779e-18)
(0.992722 0.506591 -4.32962e-19)
(1.0093 0.459372 8.5908e-19)
(0.173019 0.206889 -3.50099e-19)
(0.401351 0.450136 -2.56033e-19)
(0.565274 0.573417 2.55726e-19)
(0.681173 0.620946 -6.08958e-19)
(0.763011 0.622898 -1.9059e-18)
(0.822003 0.599302 -7.71361e-19)
(0.865868 0.562989 -6.89345e-19)
(0.900123 0.521117 3.39253e-19)
(0.927948 0.477189 2.80155e-18)
(0.945223 0.436161 -5.81174e-19)
(0.147639 0.202618 1.90219e-19)
(0.346405 0.435311 -7.76591e-19)
(0.496542 0.548453 1.69545e-19)
(0.607297 0.588459 -1.23609e-18)
(0.688809 0.585859 2.69956e-18)
(0.750036 0.560287 -3.15726e-19)
(0.797246 0.52401 1.4765e-18)
(0.834968 0.483829 -2.10961e-18)
(0.865754 0.443242 6.64279e-19)
(0.886898 0.406536 1.03478e-19)
(0.121674 0.191927 1.40854e-19)
(0.291449 0.407982 8.53817e-19)
(0.42893 0.509353 -2.51866e-18)
(0.535701 0.5424 1.22252e-18)
(0.617877 0.536757 -1.55742e-21)
(0.682155 0.510991 -4.13028e-19)
(0.733427 0.476451 5.23246e-19)
(0.775378 0.43935 -5.16579e-19)
(0.810208 0.402836 -1.7724e-18)
(0.836165 0.370164 -4.8813e-19)
(0.0964514 0.174978 4.65597e-19)
(0.238998 0.368674 5.222e-19)
(0.365262 0.456849 2.15248e-18)
(0.469104 0.48352 -1.19841e-18)
(0.552655 0.476189 2.46931e-18)
(0.620434 0.451719 -5.31185e-19)
(0.676066 0.42022 -5.60038e-19)
(0.7225 0.38714 6.62928e-19)
(0.761659 0.35516 4.3195e-19)
(0.792499 0.326617 1.56407e-18)
(0.0732263 0.15219 -4.74899e-19)
(0.191374 0.318349 1.55865e-19)
(0.308074 0.39212 4.26971e-20)
(0.409875 0.412986 1.22504e-18)
(0.495185 0.405177 -3.05674e-18)
(0.566534 0.38329 5.20279e-19)
(0.626414 0.355932 1.14445e-18)
(0.677137 0.327674 -1.38288e-18)
(0.7204 0.300678 4.86833e-19)
(0.755784 0.276543 -2.25879e-18)
(0.0531365 0.124226 1.01414e-19)
(0.150629 0.258377 5.4626e-19)
(0.259559 0.31676 2.12361e-19)
(0.360017 0.332353 2.88116e-19)
(0.447156 0.325112 5.50798e-19)
(0.521793 0.306898 1.63722e-18)
(0.585464 0.284608 -2.00309e-18)
(0.639951 0.261859 -1.12652e-18)
(0.68678 0.240301 1.86482e-19)
(0.726101 0.220961 1.46712e-18)
(0.0371557 0.0919751 -6.13843e-19)
(0.118486 0.19049 -7.25058e-20)
(0.22153 0.232727 -6.09907e-19)
(0.321163 0.243506 8.70469e-20)
(0.409927 0.237691 -5.21356e-19)
(0.487283 0.224027 -5.95136e-19)
(0.554022 0.207552 -8.86271e-19)
(0.611513 0.190878 2.38512e-18)
(0.661169 0.17516 4.10574e-19)
(0.703617 0.16101 -6.26152e-19)
(0.0260544 0.0565162 3.31129e-19)
(0.0962866 0.116723 4.37182e-19)
(0.195384 0.142279 1.71604e-19)
(0.294558 0.148597 -9.27915e-19)
(0.384528 0.144846 -4.31584e-19)
(0.463818 0.136383 -9.30049e-20)
(0.532706 0.126272 1.81328e-19)
(0.592283 0.116094 1.45633e-19)
(0.643891 0.10653 -1.12308e-18)
(0.688507 0.0978972 6.44612e-19)
(0.0203666 0.0190716 -1.72483e-19)
(0.0849521 0.0393334 -1.95976e-19)
(0.18207 0.0478918 1.56014e-19)
(0.281042 0.0499747 1.38431e-19)
(0.371653 0.048681 1.41827e-19)
(0.451946 0.0458154 2.16627e-19)
(0.52194 0.042407 -1.15221e-20)
(0.582583 0.0389843 -2.83711e-19)
(0.635188 0.0357733 2.69035e-19)
(0.680913 0.0328706 -4.04636e-19)
(0.0203657 -0.0190452 -1.73585e-19)
(0.0849502 -0.0392791 -1.86698e-19)
(0.182068 -0.047824 1.71952e-19)
(0.28104 -0.0498995 3.36363e-19)
(0.371651 -0.0486022 2.23859e-19)
(0.451944 -0.0457357 -2.94851e-19)
(0.521938 -0.0423279 -1.59902e-19)
(0.582581 -0.0389069 6.98734e-20)
(0.635185 -0.0356978 1.56633e-19)
(0.680911 -0.0327965 -9.32135e-20)
(0.0260515 -0.0564902 4.1404e-19)
(0.0962811 -0.116669 -5.2552e-19)
(0.195378 -0.142212 -4.35151e-20)
(0.294551 -0.148523 2.90873e-19)
(0.384522 -0.144768 -1.31356e-18)
(0.463811 -0.136303 5.60811e-19)
(0.5327 -0.126193 5.78116e-19)
(0.592276 -0.116016 -6.82046e-19)
(0.643884 -0.106455 6.50764e-19)
(0.688501 -0.0978233 -2.86021e-19)
(0.037151 -0.0919499 -7.16284e-20)
(0.118477 -0.190438 -8.92581e-21)
(0.221519 -0.232662 -1.41688e-18)
(0.321152 -0.243432 -4.49727e-19)
(0.409916 -0.237614 -4.64532e-20)
(0.487272 -0.223949 -7.39482e-19)
(0.554011 -0.207474 1.37695e-18)
(0.611502 -0.190801 -4.88439e-20)
(0.661158 -0.175085 7.85265e-19)
(0.703607 -0.160937 -6.89253e-19)
(0.0531302 -0.124202 1.2079e-19)
(0.150617 -0.258327 -5.57024e-19)
(0.259544 -0.316696 1.71562e-18)
(0.360001 -0.332282 2.43086e-19)
(0.44714 -0.325037 1.19154e-18)
(0.521777 -0.306821 -1.16306e-18)
(0.585449 -0.284531 1.22039e-18)
(0.639936 -0.261784 -8.80293e-19)
(0.686766 -0.240227 -3.86952e-19)
(0.726087 -0.220888 3.27468e-19)
(0.0732187 -0.152167 1.07464e-18)
(0.191359 -0.318302 2.90472e-21)
(0.308056 -0.392059 -1.80235e-18)
(0.409856 -0.412918 -5.22107e-19)
(0.495165 -0.405104 1.73582e-18)
(0.566514 -0.383215 -1.01566e-18)
(0.626395 -0.355857 -1.17548e-18)
(0.677118 -0.3276 1.05776e-18)
(0.720381 -0.300606 -7.18896e-19)
(0.755767 -0.276471 -1.55187e-19)
(0.0964427 -0.174958 -1.60666e-19)
(0.23898 -0.36863 -7.17633e-21)
(0.365242 -0.456791 1.94843e-18)
(0.469082 -0.483454 1.11745e-18)
(0.552632 -0.476118 -1.31683e-18)
(0.620411 -0.451646 1.59548e-18)
(0.676044 -0.420146 -1.72728e-18)
(0.722478 -0.387068 1.72919e-19)
(0.761637 -0.355088 5.15201e-19)
(0.792478 -0.326546 1.18831e-18)
(0.121665 -0.191909 1.81356e-19)
(0.291429 -0.407942 2.90407e-19)
(0.428907 -0.509299 3.13832e-19)
(0.535676 -0.542338 -1.02512e-18)
(0.617851 -0.53669 -1.82213e-18)
(0.682129 -0.510921 3.84118e-19)
(0.733402 -0.47638 1.11571e-18)
(0.775353 -0.439279 -3.18781e-19)
(0.810183 -0.402766 1.91314e-18)
(0.83614 -0.370094 -1.86702e-18)
(0.147629 -0.202601 -1.02382e-18)
(0.346385 -0.435274 3.8704e-19)
(0.496517 -0.548404 -1.05921e-18)
(0.607271 -0.588401 1.71075e-18)
(0.688781 -0.585795 8.56242e-19)
(0.750007 -0.56022 1.20912e-18)
(0.797218 -0.523941 -2.7694e-19)
(0.83494 -0.48376 1.10503e-18)
(0.865725 -0.443174 -2.33641e-18)
(0.88687 -0.406468 -6.10026e-19)
(0.173009 -0.206875 6.47645e-20)
(0.40133 -0.450104 -6.79226e-19)
(0.565249 -0.573372 -1.07141e-18)
(0.681145 -0.620892 -4.6176e-19)
(0.762981 -0.622838 -1.30168e-18)
(0.821972 -0.599239 -1.3555e-19)
(0.865837 -0.562924 1.18342e-19)
(0.900093 -0.52105 -5.06565e-19)
(0.927916 -0.477123 -5.71809e-19)
(0.945191 -0.436095 1.50475e-18)
(0.196467 -0.204833 3.13912e-19)
(0.453637 -0.452349 4.29953e-19)
(0.632049 -0.5839 7.81267e-19)
(0.754198 -0.639438 3.82801e-20)
(0.837401 -0.647614 5.2986e-19)
(0.894972 -0.628224 -7.18287e-19)
(0.936033 -0.594302 2.20515e-18)
(0.967057 -0.552934 -9.71218e-19)
(0.992687 -0.506527 -4.81839e-19)
(1.00927 -0.459309 -1.45782e-18)
(0.216739 -0.196845 -1.20841e-19)
(0.500719 -0.442354 1.88874e-19)
(0.693777 -0.580004 -1.98495e-19)
(0.823011 -0.643739 1.12884e-19)
(0.908228 -0.659671 -1.34841e-19)
(0.964349 -0.646898 -3.52071e-19)
(1.00167 -0.618718 4.61966e-19)
(1.02726 -0.583456 -1.6126e-19)
(1.0465 -0.54627 2.35465e-19)
(1.06257 -0.512891 -5.19159e-19)
(0.232759 -0.183556 8.48917e-21)
(0.540299 -0.420907 -1.48072e-19)
(0.747707 -0.561987 7.92066e-20)
(0.884908 -0.63331 1.08632e-19)
(0.97326 -0.657375 -7.93807e-20)
(1.02883 -0.651711 2.57394e-20)
(1.06304 -0.629082 -1.2854e-20)
(1.0837 -0.598087 -3.27788e-19)
(1.09656 -0.5645 -1.621e-19)
(1.10665 -0.532123 -4.89711e-19)
(0.243746 -0.165897 -1.10619e-19)
(0.570542 -0.389378 3.93486e-19)
(0.791572 -0.530887 -2.57939e-19)
(0.937717 -0.608653 -1.31597e-19)
(1.0309 -0.640786 1.11293e-19)
(1.08788 -0.642639 1.25531e-20)
(1.12102 -0.626027 8.52531e-21)
(1.13905 -0.599526 2.02131e-19)
(1.14813 -0.569424 -1.85635e-19)
(1.1539 -0.538802 1.62363e-22)
(0.249244 -0.145018 -2.55999e-19)
(0.590095 -0.349662 -1.67913e-19)
(0.823476 -0.488462 -4.12341e-19)
(0.979387 -0.571153 4.72289e-19)
(1.07927 -0.611026 -3.36295e-20)
(1.13995 -0.620843 1.70909e-19)
(1.17437 -0.611141 2.17009e-19)
(1.19199 -0.590163 -7.53701e-20)
(1.1994 -0.564389 -1.55989e-20)
(1.20244 -0.536391 -1.48515e-20)
(0.249116 -0.12217 -1.71169e-19)
(0.598123 -0.303999 -2.19921e-19)
(0.841944 -0.436969 3.36785e-19)
(1.00803 -0.522703 -5.14159e-19)
(1.11629 -0.569575 8.9888e-20)
(1.18291 -0.587467 4.83627e-20)
(1.22089 -0.585319 9.59487e-20)
(1.24007 -0.570716 -6.14254e-20)
(1.24743 -0.55003 -8.02957e-20)
(1.24893 -0.525487 -3.6491e-19)
(0.243531 -0.0986016 7.13582e-19)
(0.594353 -0.254798 -5.57011e-19)
(0.846025 -0.378987 2.51347e-20)
(1.02209 -0.465579 -7.24582e-19)
(1.14001 -0.518245 -2.14105e-19)
(1.21459 -0.543871 1.7292e-19)
(1.25833 -0.549557 1.28193e-19)
(1.28109 -0.541939 -4.30434e-19)
(1.29008 -0.527056 2.0618e-19)
(1.29132 -0.506879 -3.597e-19)
(0.232927 -0.0754753 3.51723e-19)
(0.579076 -0.204479 -3.48521e-19)
(0.835376 -0.317283 1.26103e-18)
(1.02052 -0.40236 1.02652e-19)
(1.1488 -0.459186 2.87419e-19)
(1.23301 -0.491727 1.04109e-18)
(1.28458 -0.505105 -2.12288e-19)
(1.313 -0.504777 5.99909e-20)
(1.32546 -0.496245 -2.40247e-20)
(1.32794 -0.481252 -5.53185e-20)
(0.21797 -0.0538049 2.70182e-19)
(0.553121 -0.155332 6.17784e-19)
(0.810302 -0.254652 -6.33591e-19)
(1.00288 -0.335806 -1.94471e-19)
(1.1415 -0.39481 -2.07633e-19)
(1.23647 -0.432972 4.03877e-19)
(1.29766 -0.453431 -1.92266e-19)
(1.33375 -0.460313 4.57452e-19)
(1.35165 -0.458397 1.14017e-19)
(1.35707 -0.449189 -1.99834e-19)
(0.199496 -0.0344089 -2.9212e-19)
(0.517795 -0.109394 2.72e-19)
(0.771757 -0.193771 -5.60278e-19)
(0.969377 -0.268733 2.35417e-19)
(1.11753 -0.327714 -2.36654e-19)
(1.22372 -0.369786 -2.82712e-19)
(1.29586 -0.396238 -2.20765e-19)
(1.34143 -0.409814 2.44206e-19)
(1.36673 -0.414427 -4.28743e-19)
(1.37695 -0.411317 2.71584e-19)
(0.178446 -0.0178833 -1.0929e-19)
(0.474788 -0.0683488 -2.15527e-19)
(0.721301 -0.137064 1.0147e-19)
(0.92095 -0.20388 7.34699e-21)
(1.07699 -0.26059 8.128e-20)
(1.19406 -0.30456 1.16913e-19)
(1.27786 -0.335491 1.00341e-19)
(1.33433 -0.354798 -1.35597e-19)
(1.36884 -0.365453 1.1156e-19)
(1.38578 -0.368403 -1.76767e-19)
(0.155811 -0.00459234 -6.89869e-20)
(0.426067 -0.0334602 -2.78669e-20)
(0.661012 -0.0865753 1.04504e-19)
(0.859216 -0.143782 -4.69975e-20)
(1.02072 -0.196119 1.32417e-19)
(1.14746 -0.239839 -1.67568e-19)
(1.24285 -0.273412 4.28841e-20)
(1.31107 -0.297087 3.70181e-20)
(1.35629 -0.312879 -1.35578e-20)
(1.3818 -0.321438 6.13676e-20)
(0.132558 0.00532477 -8.27457e-20)
(0.373734 -0.00553463 -3.52438e-19)
(0.593358 -0.0438817 -2.87728e-20)
(0.786413 -0.0906312 1.1484e-20)
(0.950315 -0.136845 -4.92515e-19)
(1.08465 -0.178236 5.19265e-20)
(1.19068 -0.212455 -5.5135e-20)
(1.27078 -0.238825 -1.50481e-19)
(1.32766 -0.258469 3.34094e-19)
(1.36331 -0.271745 -6.08649e-19)
(0.109573 0.0119302 -4.70617e-20)
(0.319893 0.0150802 7.56818e-19)
(0.521037 -0.0100232 1.01405e-19)
(0.705273 -0.0461608 -6.86069e-19)
(0.868072 -0.0850282 -8.21787e-20)
(1.00718 -0.1223 -7.77079e-19)
(1.12202 -0.15522 6.04844e-19)
(1.21322 -0.182476 -2.45886e-19)
(1.28201 -0.204407 4.65883e-19)
(1.32894 -0.221086 -4.11459e-19)
(0.0876243 0.0154537 -2.66168e-19)
(0.266526 0.0284685 3.12036e-19)
(0.446801 0.0145264 -2.18261e-19)
(0.61885 -0.0115416 1.50846e-18)
(0.776881 -0.0424921 8.00228e-19)
(0.917383 -0.0743526 -2.09711e-19)
(1.03836 -0.104321 8.16174e-19)
(1.139 -0.130741 -5.33699e-19)
(1.2191 -0.153297 -1.71716e-19)
(1.27775 -0.171739 1.24077e-18)
(0.0673226 0.0162526 -4.93075e-19)
(0.215379 0.0350981 7.38438e-19)
(0.373278 0.0298637 -1.40417e-18)
(0.530304 0.0127021 2.43537e-19)
(0.68002 -0.0104625 6.08913e-19)
(0.818227 -0.0362763 -7.64371e-19)
(0.942046 -0.0621706 -1.35534e-18)
(1.04961 -0.086393 7.26343e-19)
(1.13953 -0.108072 -9.42988e-19)
(1.20956 -0.126503 1.50776e-18)
(0.0491167 0.0147746 -1.21752e-19)
(0.167898 0.0357658 -7.43978e-19)
(0.302815 0.0366415 3.67119e-19)
(0.442674 0.0267593 9.23473e-19)
(0.580892 0.0105997 -4.95938e-19)
(0.713091 -0.00925959 -4.90362e-19)
(0.836034 -0.030672 -8.32021e-19)
(0.94732 -0.051969 -3.79749e-19)
(1.04476 -0.0717574 -8.96667e-20)
(1.12501 -0.0885669 1.5037e-18)
(0.0333032 0.0115309 2.0563e-19)
(0.125186 0.0315476 -1.0129e-18)
(0.237364 0.0360451 1.73694e-18)
(0.358663 0.0315868 -9.67194e-19)
(0.48273 0.021173 6.28909e-19)
(0.605399 0.00652102 -7.82351e-19)
(0.723564 -0.0107746 8.7164e-19)
(0.834856 -0.0292613 7.60397e-19)
(0.93683 -0.0469829 1.65191e-18)
(1.02542 -0.061131 -2.7287e-18)
(0.0200539 0.00708365 -6.38781e-19)
(0.0880133 0.0237554 1.28639e-18)
(0.178414 0.0297518 1.78781e-20)
(0.280493 0.0289299 -4.64177e-19)
(0.388341 0.022831 -2.4606e-19)
(0.498253 0.0122616 1.97503e-19)
(0.607623 -0.00186117 -1.40393e-18)
(0.7147 -0.0184832 1.08019e-18)
(0.817538 -0.0350971 -1.3929e-18)
(0.911976 -0.0466349 -6.30538e-19)
(0.00944635 0.00203947 1.10186e-18)
(0.0568507 0.0138792 -3.4374e-19)
(0.12702 0.0198376 -6.47634e-19)
(0.209887 0.0212525 1.76005e-18)
(0.300042 0.0182884 -1.73084e-18)
(0.39423 0.0108115 9.67725e-19)
(0.490428 -0.00110568 1.02993e-18)
(0.587827 -0.0172141 2.80699e-19)
(0.685833 -0.034999 2.91109e-19)
(0.78181 -0.0461119 -4.10153e-19)
(0.00147717 -0.00297549 -1.0554e-18)
(0.0319164 0.00346972 1.00517e-18)
(0.0839092 0.00857177 -8.9043e-19)
(0.148305 0.0115075 1.11921e-18)
(0.220094 0.0113028 -3.34368e-19)
(0.296148 0.00702551 -1.1632e-18)
(0.374446 -0.0020842 3.33799e-19)
(0.45436 -0.017024 -5.47496e-19)
(0.536586 -0.03723 -6.45657e-19)
(0.622908 -0.0530325 -2.00253e-18)
(-0.00395934 -0.007397 -1.32247e-18)
(0.0131836 -0.00610854 1.05196e-18)
(0.0495738 -0.00206111 -2.06363e-18)
(0.0972541 0.00233967 3.69429e-19)
(0.151617 0.00552623 -1.43251e-18)
(0.209436 0.00649851 -8.60542e-19)
(0.268009 0.00488082 2.06095e-18)
(0.325258 0.000383165 -2.81978e-18)
(0.38039 -0.00769077 5.42474e-19)
(0.430393 -0.0152249 -9.00146e-19)
(-0.00712236 -0.0108375 6.51801e-19)
(0.000276837 -0.0139753 2.76674e-19)
(0.0240332 -0.0110162 -8.30451e-20)
(0.0577701 -0.00545159 7.85146e-19)
(0.0976711 0.000796292 2.30838e-18)
(0.141054 0.00671408 7.97626e-19)
(0.185794 0.0120519 8.25314e-19)
(0.230569 0.0167943 -2.8484e-19)
(0.275334 0.0202128 -2.67018e-18)
(0.31728 0.0227658 6.75078e-19)
(-0.00843921 -0.0131085 -1.84587e-19)
(-0.00765058 -0.0196791 5.88037e-19)
(0.00633299 -0.0178373 -1.54037e-19)
(0.0289005 -0.011762 1.08741e-18)
(0.0571668 -0.00367785 -2.5146e-18)
(0.0890948 0.00520192 2.13763e-19)
(0.123161 0.0143017 -1.19791e-18)
(0.158491 0.0231684 1.76495e-18)
(0.194811 0.0307861 -5.15039e-19)
(0.229255 0.0364731 -7.30504e-20)
(-0.00841407 -0.0141757 -1.25691e-19)
(-0.011705 -0.0230494 -7.0683e-19)
(-0.0050136 -0.0222865 1.77859e-18)
(0.00879131 -0.016376 -9.37575e-19)
(0.0277253 -0.00774628 6.58127e-20)
(0.0503057 0.00217468 3.00941e-19)
(0.0754207 0.0124766 -2.74897e-19)
(0.102377 0.022328 3.57582e-19)
(0.130687 0.0305804 1.23983e-18)
(0.157982 0.0364115 3.21952e-19)
(-0.00753257 -0.0141039 -2.82516e-19)
(-0.0130138 -0.0241078 -3.14e-19)
(-0.011583 -0.0242661 -1.39305e-18)
(-0.0045173 -0.0190176 7.4178e-19)
(0.00701477 -0.0108264 -1.52984e-18)
(0.0219972 -0.00121662 3.47602e-19)
(0.0396185 0.00874209 3.90958e-19)
(0.0592857 0.0181007 -4.12697e-19)
(0.0804232 0.0258027 -2.66778e-19)
(0.101262 0.031085 -1.19694e-18)
(-0.00621285 -0.0130149 2.20916e-19)
(-0.0125959 -0.0230127 -5.21453e-20)
(-0.0148403 -0.0238239 9.91722e-22)
(-0.0128558 -0.0195177 -6.69367e-19)
(-0.00711094 -0.0124053 1.69445e-18)
(0.00176287 -0.00395797 -2.64221e-19)
(0.0131847 0.00476216 -6.58983e-19)
(0.0266402 0.0128635 8.06522e-19)
(0.0415462 0.0194853 -2.8296e-19)
(0.0566541 0.0239872 1.5608e-18)
(-0.00478952 -0.0110608 -4.14816e-20)
(-0.0112994 -0.0200217 -2.42854e-19)
(-0.0160267 -0.0211505 -9.5723e-20)
(-0.0177749 -0.0178824 -1.22363e-19)
(-0.0164432 -0.0122023 -2.62911e-19)
(-0.0123555 -0.00539257 -8.24843e-19)
(-0.00591015 0.0016168 1.03126e-18)
(0.00245337 0.00808355 6.01655e-19)
(0.012182 0.0133623 -1.08267e-19)
(0.0224251 0.0169554 -9.56506e-19)
(-0.00351539 -0.00841099 2.35647e-19)
(-0.00978213 -0.015468 4.1067e-20)
(-0.0161128 -0.0165714 2.7815e-19)
(-0.0204783 -0.0143179 -3.16728e-20)
(-0.0223469 -0.0102254 2.53103e-19)
(-0.0218088 -0.00528144 2.85291e-19)
(-0.0191217 -0.000199743 4.26946e-19)
(-0.0146578 0.00447144 -1.20909e-18)
(-0.0089313 0.00828966 -2.22828e-19)
(-0.00251359 0.0109015 3.98975e-19)
(-0.00257027 -0.00524953 -1.19038e-19)
(-0.00851803 -0.00974743 -1.68909e-19)
(-0.0157986 -0.0105335 -8.10541e-20)
(-0.0218274 -0.00922151 3.9687e-19)
(-0.0257833 -0.00676193 1.92518e-19)
(-0.0275987 -0.00377481 3.94559e-20)
(-0.027434 -0.000706379 -8.55163e-20)
(-0.0256106 0.00210936 -6.6167e-20)
(-0.022611 0.00441561 5.67412e-19)
(-0.0188312 0.00600082 -3.86135e-19)
(-0.00206994 -0.00177435 6.06751e-20)
(-0.00781266 -0.00330527 7.54025e-20)
(-0.0155334 -0.00357948 -6.42169e-20)
(-0.0223705 -0.00314244 -5.87079e-20)
(-0.0273572 -0.0023172 -6.08474e-20)
(-0.0303464 -0.00131492 -9.69301e-20)
(-0.0314484 -0.000287026 3.19391e-21)
(-0.0309574 0.000654543 1.34293e-19)
(-0.0293386 0.00142648 -1.34575e-19)
(-0.0269042 0.00195739 2.44452e-19)
(0.00874362 -0.00419953 1.71293e-20)
(0.131997 -0.00897729 7.55009e-21)
(0.396803 -0.00942134 2.99877e-22)
(0.566035 -0.00702619 -3.35903e-22)
(0.716862 -0.00539948 -1.31206e-23)
(0.819834 -0.00364539 -9.7709e-23)
(0.890624 -0.00240176 -3.10405e-22)
(0.937542 -0.00145605 1.17593e-22)
(0.963171 -0.000906478 -1.16938e-23)
(0.984335 -0.000394532 1.87591e-22)
(0.0278481 -0.0130509 2.90272e-20)
(0.14866 -0.026594 4.03173e-21)
(0.408158 -0.0277318 -9.36154e-21)
(0.573331 -0.0206291 1.78158e-21)
(0.721148 -0.0158682 -2.70571e-22)
(0.82226 -0.010789 9.40888e-22)
(0.891913 -0.0071729 -1.18371e-21)
(0.938189 -0.00437621 -3.77992e-22)
(0.963495 -0.00276215 -8.17159e-22)
(0.984458 -0.00123807 -1.66602e-22)
(0.0654323 -0.02279 2.70363e-20)
(0.18121 -0.0435169 -3.39906e-20)
(0.43027 -0.0453572 1.09881e-20)
(0.587539 -0.033762 -3.09535e-22)
(0.729496 -0.026019 -3.66275e-22)
(0.826987 -0.0177434 3.7323e-22)
(0.894424 -0.0118341 4.75822e-22)
(0.939449 -0.00723769 -1.52474e-22)
(0.964126 -0.00458609 5.6766e-22)
(0.984699 -0.00206953 -2.34126e-22)
(0.12033 -0.0338761 -4.63519e-20)
(0.228296 -0.0593296 -5.24703e-20)
(0.462124 -0.0618852 -1.75376e-20)
(0.608041 -0.0461438 3.50214e-21)
(0.741569 -0.0356607 5.00553e-21)
(0.833848 -0.0243935 -3.84208e-21)
(0.898084 -0.0163176 3.72644e-22)
(0.941294 -0.0100042 -6.12646e-22)
(0.965057 -0.00635879 6.50373e-22)
(0.985055 -0.00288132 9.35097e-23)
(0.190844 -0.0465301 1.20973e-19)
(0.288017 -0.0736568 6.24207e-20)
(0.502275 -0.0769528 1.87067e-20)
(0.633932 -0.0575346 -4.39273e-21)
(0.756853 -0.044629 -4.09373e-21)
(0.842568 -0.0306401 -2.68826e-21)
(0.902753 -0.0205647 -3.46936e-21)
(0.943656 -0.0126432 -9.82186e-22)
(0.966253 -0.00806214 -1.56301e-21)
(0.985516 -0.00366626 -4.48833e-22)
(0.274835 -0.0605824 -5.00286e-20)
(0.358091 -0.0861181 4.72729e-20)
(0.548994 -0.090235 5.55154e-21)
(0.66413 -0.0677347 2.05027e-21)
(0.77474 -0.0527913 8.79129e-22)
(0.852825 -0.0364026 4.31135e-21)
(0.908272 -0.0245262 3.60626e-21)
(0.946462 -0.0151277 1.25238e-21)
(0.967685 -0.00968086 6.50031e-22)
(0.98607 -0.00441833 5.6651e-22)
(0.369829 -0.075629 -4.22706e-20)
(0.435984 -0.0964122 -9.56291e-20)
(0.600379 -0.101494 -1.06599e-20)
(0.697443 -0.076597 -4.84825e-21)
(0.794554 -0.0600517 -1.66952e-21)
(0.864255 -0.0416211 8.95101e-22)
(0.914459 -0.0281648 -2.85477e-21)
(0.949625 -0.0174363 -1.27972e-21)
(0.96931 -0.0112024 2.37381e-22)
(0.986702 -0.00513217 2.05191e-22)
(0.473176 -0.0919158 1.20019e-19)
(0.51905 -0.104926 2.27958e-20)
(0.654488 -0.11086 4.43958e-20)
(0.732652 -0.0841311 -1.77706e-20)
(0.815598 -0.0663803 -1.09363e-21)
(0.876481 -0.0462619 5.62833e-21)
(0.921122 -0.0314552 4.72183e-21)
(0.953052 -0.0195527 1.97105e-21)
(0.971086 -0.0126171 1.66722e-21)
(0.987396 -0.00580293 2.75153e-22)
(0.582124 -0.109345 -1.533e-19)
(0.604681 -0.112902 -2.23106e-20)
(0.709487 -0.118898 -3.94978e-20)
(0.768606 -0.0906184 2.15354e-20)
(0.837207 -0.0718518 1.72002e-21)
(0.889135 -0.0503372 -3.8755e-21)
(0.928071 -0.0343876 -4.97252e-21)
(0.956653 -0.0214656 -8.71755e-22)
(0.972969 -0.0139165 -7.98436e-22)
(0.988134 -0.00642645 -7.7714e-22)
(0.693811 -0.119002 -1.16938e-19)
(0.690313 -0.117996 -1.23369e-19)
(0.763759 -0.124596 2.26955e-21)
(0.804298 -0.0959313 -2.42315e-20)
(0.858796 -0.0764533 -3.63522e-21)
(0.901889 -0.0538905 3.24307e-21)
(0.935132 -0.0369833 -8.23659e-22)
(0.960339 -0.0231856 1.77394e-21)
(0.974918 -0.0150982 -3.97341e-22)
(0.988902 -0.0070067 1.85505e-22)
(1.06577 -0.0868909 0)
(0.969498 -0.104624 0)
(0.94401 -0.126683 0)
(0.92623 -0.106758 0)
(0.934361 -0.088645 0)
(0.947466 -0.0646673 0)
(0.960732 -0.0452288 0)
(0.973805 -0.0288089 0)
(0.982062 -0.0189536 0)
(0.991682 -0.0089679 0)
(1.3124 -0.029416 0)
(1.21775 -0.0661013 0)
(1.13679 -0.0894825 0)
(1.0733 -0.0853171 0)
(1.03534 -0.074192 0)
(1.01206 -0.0584697 0)
(0.998866 -0.0436294 0)
(0.994601 -0.0294695 0)
(0.993533 -0.0203783 0)
(0.996262 -0.010362 0)
(1.29835 0.026063 0)
(1.2433 -0.035257 0)
(1.17201 -0.0599559 0)
(1.11241 -0.0597584 0)
(1.07106 -0.0537386 0)
(1.04055 -0.0453844 0)
(1.01906 -0.0363269 0)
(1.00726 -0.0260189 0)
(1.00152 -0.0191109 0)
(0.999753 -0.0103823 0)
(1.23328 0.0253512 0)
(1.20415 -0.0290405 0)
(1.15178 -0.0444796 0)
(1.10584 -0.0411758 0)
(1.07295 -0.0370854 0)
(1.04684 -0.0331642 0)
(1.02649 -0.0283215 0)
(1.01336 -0.0213526 0)
(1.00633 -0.016625 0)
(1.00213 -0.00958787 0)
(1.16745 0.0249125 0)
(1.15523 -0.0194045 0)
(1.11988 -0.0301806 0)
(1.08682 -0.0263939 0)
(1.06336 -0.0241264 0)
(1.04407 -0.0231111 0)
(1.02777 -0.0211557 0)
(1.0158 -0.0167421 0)
(1.00907 -0.0137628 0)
(1.0037 -0.00837334 0)
(1.11947 0.0201235 0)
(1.11589 -0.012298 0)
(1.09253 -0.0202598 0)
(1.06896 -0.0168176 0)
(1.05269 -0.0154066 0)
(1.03919 -0.0157538 0)
(1.02691 -0.0154109 0)
(1.01662 -0.012719 0)
(1.01066 -0.010949 0)
(1.00475 -0.00696562 0)
(1.08654 0.0157643 0)
(1.0874 -0.00714612 0)
(1.07237 -0.0133313 0)
(1.05555 -0.0106326 0)
(1.04414 -0.00963249 0)
(1.03473 -0.0104484 0)
(1.02559 -0.0108603 0)
(1.0168 -0.00928045 0)
(1.01161 -0.00828982 0)
(1.00545 -0.00546421 0)
(1.06555 0.0109072 0)
(1.06844 -0.00402446 0)
(1.05886 -0.00840622 0)
(1.04655 -0.00646928 0)
(1.03818 -0.00574855 0)
(1.03137 -0.00656422 0)
(1.02442 -0.00718245 0)
(1.01675 -0.00630481 0)
(1.01218 -0.00578962 0)
(1.00592 -0.00391963 0)
(1.05307 0.00644956 0)
(1.0569 -0.00199367 0)
(1.05065 -0.00461048 0)
(1.04112 -0.00344421 0)
(1.03448 -0.00301321 0)
(1.02918 -0.00359748 0)
(1.02359 -0.00408951 0)
(1.01666 -0.00365595 0)
(1.0125 -0.00341789 0)
(1.0062 -0.00235766 0)
(1.0473 0.00211267 0)
(1.05148 -0.000609679 0)
(1.0468 -0.00147085 0)
(1.03858 -0.00107303 0)
(1.03271 -0.000930254 0)
(1.0281 -0.00114419 0)
(1.02316 -0.00132794 0)
(1.01659 -0.00119807 0)
(1.01265 -0.00112948 0)
(1.00634 -0.000787182 0)
(1.41593 0.295096 1.77077e-20)
(1.42854 0.273606 6.22973e-20)
(1.43477 0.24956 -1.33107e-19)
(1.43357 0.223215 -4.18247e-20)
(1.42396 0.195111 2.81278e-19)
(1.40515 0.166139 2.54636e-19)
(1.37669 0.137583 -4.99808e-19)
(1.33844 0.111089 3.64383e-20)
(1.2907 0.0885202 -1.4154e-19)
(1.21508 0.0689753 -6.43156e-19)
(1.2769 0.187426 -1.6516e-21)
(1.28933 0.176814 5.45597e-20)
(1.3007 0.16526 -4.95427e-20)
(1.31068 0.152681 1.02647e-19)
(1.31885 0.138991 -1.48683e-19)
(1.32478 0.124133 -4.02532e-20)
(1.328 0.108118 2.21216e-19)
(1.32806 0.0910705 -1.82934e-19)
(1.32509 0.0732952 -1.43642e-19)
(1.31245 0.053578 3.35742e-20)
(1.19382 0.140438 -9.77759e-21)
(1.20405 0.13711 1.87197e-20)
(1.21441 0.133621 -2.4663e-20)
(1.22479 0.129897 -1.01347e-19)
(1.23506 0.125834 1.58707e-19)
(1.24501 0.121302 1.04073e-20)
(1.25439 0.116145 -9.69209e-20)
(1.26288 0.1102 1.62807e-19)
(1.27021 0.103294 1.93904e-20)
(1.27574 0.0943123 3.58026e-20)
(1.1298 0.0944155 -1.65652e-21)
(1.13652 0.0924065 -5.65725e-21)
(1.14345 0.0903415 -5.9499e-21)
(1.1506 0.0882308 5.14935e-20)
(1.15799 0.0860805 -6.0891e-20)
(1.16561 0.0838884 2.63541e-20)
(1.17342 0.0816411 -7.50427e-21)
(1.18137 0.0793075 -2.26018e-20)
(1.18935 0.0767963 1.22798e-19)
(1.1977 0.0733767 -2.57962e-20)
(1.09097 0.0685971 -2.90448e-23)
(1.09567 0.06775 5.1874e-21)
(1.10051 0.0668609 3.4461e-21)
(1.10549 0.0659338 1.26472e-20)
(1.11062 0.0649717 3.13354e-20)
(1.11589 0.0639757 -3.1492e-20)
(1.12131 0.0629445 -1.53748e-20)
(1.12687 0.061869 3.87959e-20)
(1.13258 0.0606894 -3.54897e-20)
(1.13871 0.0589021 -3.17494e-21)
(1.06425 0.0475027 -2.39629e-21)
(1.0676 0.0470076 2.12192e-22)
(1.07102 0.0464815 -2.1458e-21)
(1.07453 0.0459302 7.89957e-21)
(1.07812 0.0453597 -3.18689e-20)
(1.08181 0.0447754 8.04548e-21)
(1.08558 0.0441818 -1.40421e-20)
(1.08945 0.0435777 -1.83978e-20)
(1.09343 0.042923 1.50748e-21)
(1.09762 0.0418951 9.35482e-21)
(1.04747 0.0330118 -1.35444e-21)
(1.04994 0.0327789 8.48551e-21)
(1.05244 0.0325146 -4.77258e-21)
(1.05498 0.0322213 -5.83437e-22)
(1.05754 0.0319012 1.48578e-20)
(1.06014 0.0315564 3.74614e-21)
(1.06277 0.0311885 1.66229e-20)
(1.06542 0.0307954 -1.00194e-20)
(1.06812 0.0303501 2.10579e-20)
(1.07088 0.0296615 1.68548e-20)
(1.03656 0.0213462 -4.36096e-22)
(1.03847 0.0212149 -4.33773e-22)
(1.0404 0.0210604 2.98555e-21)
(1.04232 0.0208839 -4.76741e-21)
(1.04425 0.0206868 -5.02198e-21)
(1.04619 0.0204698 1.4381e-20)
(1.04811 0.0202335 -9.16105e-21)
(1.05004 0.0199756 6.98273e-21)
(1.05197 0.0196799 -2.21778e-21)
(1.05389 0.0192401 -2.3602e-21)
(1.03022 0.0120836 6.28236e-22)
(1.03179 0.0120258 -5.31068e-21)
(1.03336 0.0119527 2.83648e-21)
(1.03493 0.0118645 9.5645e-21)
(1.03647 0.0117615 -9.89657e-21)
(1.03801 0.0116436 3.20618e-21)
(1.03952 0.0115104 5.3646e-21)
(1.041 0.0113605 -1.01813e-20)
(1.04247 0.0111851 1.0097e-20)
(1.04389 0.0109322 -2.83965e-21)
(1.02722 0.00386952 -1.71985e-21)
(1.02864 0.00385473 3.11732e-21)
(1.03004 0.00383523 -3.9062e-22)
(1.03143 0.00381076 7.99294e-21)
(1.0328 0.00378101 -1.95e-21)
(1.03415 0.00374554 1.0729e-21)
(1.03547 0.00370381 -1.02768e-20)
(1.03676 0.00365495 2.8729e-21)
(1.03803 0.0035961 1.72981e-21)
(1.03925 0.00351218 1.16459e-21)
(1.12202 0.395211 -3.06924e-19)
(1.15612 0.390788 -6.02329e-20)
(1.19088 0.386276 -2.53236e-20)
(1.22451 0.380897 -8.1693e-21)
(1.25766 0.374218 -4.37441e-20)
(1.29007 0.366038 -1.83374e-20)
(1.32098 0.356151 2.39068e-20)
(1.34972 0.344325 -5.08706e-20)
(1.37562 0.330336 8.92688e-20)
(1.39797 0.313979 6.45015e-21)
(1.12298 0.244172 1.51055e-20)
(1.14128 0.242462 -7.00778e-20)
(1.15906 0.240003 -4.10488e-20)
(1.17509 0.236707 2.99866e-20)
(1.19048 0.232494 -6.43629e-21)
(1.20576 0.227305 1.44585e-20)
(1.22084 0.22114 -2.27498e-20)
(1.23556 0.214033 2.30526e-20)
(1.24987 0.206027 -1.5185e-20)
(1.26369 0.197156 -1.25579e-20)
(1.10077 0.164579 -3.93427e-21)
(1.11045 0.163558 3.35921e-20)
(1.11962 0.162001 2.87923e-20)
(1.12819 0.160052 8.70182e-21)
(1.13681 0.157814 -2.3953e-21)
(1.14573 0.155326 2.90956e-23)
(1.15493 0.152625 1.49256e-20)
(1.16434 0.149754 -1.59638e-20)
(1.17396 0.146753 7.97845e-21)
(1.18378 0.143646 2.49987e-21)
(1.07149 0.109018 3.15117e-21)
(1.07714 0.108196 4.07966e-20)
(1.08259 0.107147 1.23538e-20)
(1.08789 0.105949 -1.88017e-20)
(1.09331 0.104633 2.49977e-21)
(1.09896 0.1032 -1.57149e-21)
(1.1048 0.101649 -3.0505e-21)
(1.11081 0.099984 -2.42039e-21)
(1.11696 0.0982163 4.86407e-21)
(1.12329 0.0963563 -5.37682e-21)
(1.05034 0.0736114 2.20216e-21)
(1.05415 0.0734711 -1.59609e-20)
(1.05788 0.07322 9.90334e-21)
(1.06156 0.0728892 4.87714e-21)
(1.06536 0.0724864 -5.59207e-21)
(1.06932 0.0720088 -5.08259e-22)
(1.07341 0.0714562 -4.86462e-22)
(1.07762 0.0708327 -3.62855e-21)
(1.08194 0.0701443 2.0256e-21)
(1.08639 0.0693971 1.75352e-21)
(1.03499 0.0496072 7.12555e-21)
(1.03767 0.0496999 -7.41766e-23)
(1.04036 0.0497049 -1.15742e-20)
(1.04305 0.0496402 3.07009e-21)
(1.04582 0.0495107 8.91229e-23)
(1.04868 0.0493165 -1.87871e-23)
(1.05164 0.0490599 2.31514e-22)
(1.05468 0.0487449 1.24448e-21)
(1.0578 0.0483768 1.08389e-21)
(1.06099 0.0479609 -1.39688e-21)
(1.02513 0.0330765 9.287e-21)
(1.02717 0.0332971 3.02403e-21)
(1.02925 0.0334546 5.35628e-21)
(1.03134 0.0335592 1.73897e-21)
(1.03348 0.0336146 5.44736e-22)
(1.03569 0.0336218 1.14829e-24)
(1.03796 0.0335825 2.92797e-22)
(1.04027 0.0334991 -1.10731e-21)
(1.04263 0.0333744 2.51807e-21)
(1.04503 0.0332112 -1.93425e-21)
(1.01878 0.0209784 -8.2649e-22)
(1.02041 0.0211867 -4.32861e-22)
(1.02208 0.0213476 2.21875e-21)
(1.02377 0.0214676 4.65072e-22)
(1.0255 0.0215495 -3.29167e-22)
(1.02727 0.0215952 5.98018e-22)
(1.02908 0.0216062 -7.8551e-22)
(1.03092 0.0215847 -2.27669e-22)
(1.03278 0.0215329 -4.7797e-22)
(1.03466 0.0214527 4.53604e-24)
(1.01513 0.0116368 -3.34784e-22)
(1.01652 0.0117854 2.97318e-22)
(1.01795 0.0119052 -3.60506e-22)
(1.0194 0.0119998 4.35887e-23)
(1.02089 0.0120713 4.0233e-22)
(1.0224 0.012121 -2.19472e-21)
(1.02394 0.0121501 1.59921e-21)
(1.02549 0.0121598 1.92166e-21)
(1.02706 0.0121513 -2.13512e-21)
(1.02864 0.0121257 5.72342e-22)
(1.01343 0.00371981 2.9539e-22)
(1.01472 0.00376811 9.42214e-23)
(1.01604 0.00380619 9.30142e-23)
(1.01739 0.00383566 -5.0888e-22)
(1.01876 0.00385765 -4.27135e-22)
(1.02015 0.003873 -1.47659e-21)
(1.02155 0.00388238 2.03097e-21)
(1.02296 0.00388637 -6.12399e-22)
(1.02438 0.00388539 2.04662e-21)
(1.02581 0.00387974 -1.31089e-21)
(1.00013 0.0146234 0)
(1.00094 0.0443747 0)
(1.00238 0.0754563 0)
(1.00476 0.108685 0)
(1.00861 0.144933 0)
(1.01476 0.185075 0)
(1.02444 0.229838 0)
(1.03892 0.279884 0)
(1.06078 0.333086 0)
(1.08712 0.40025 0)
(1.00021 0.0119249 0)
(1.00188 0.0358466 0)
(1.00516 0.0600129 0)
(1.01036 0.0846233 0)
(1.01772 0.109835 0)
(1.02761 0.135722 0)
(1.04049 0.162194 0)
(1.05697 0.189206 0)
(1.07739 0.214996 0)
(1.10394 0.246159 0)
(1.00021 0.00903692 0)
(1.0019 0.0271143 0)
(1.00524 0.0451792 0)
(1.01041 0.0632067 0)
(1.01749 0.0811414 0)
(1.02659 0.09888 0)
(1.03785 0.116238 0)
(1.05167 0.133071 0)
(1.06761 0.148415 0)
(1.08936 0.165434 0)
(1.00016 0.00645055 0)
(1.0015 0.0193358 0)
(1.00414 0.0321246 0)
(1.00824 0.0447239 0)
(1.01378 0.0570296 0)
(1.02075 0.0689191 0)
(1.02914 0.0802323 0)
(1.03908 0.090833 0)
(1.05006 0.100178 0)
(1.06448 0.109844 0)
(1.00012 0.00447742 0)
(1.00109 0.0134142 0)
(1.00302 0.022253 0)
(1.00602 0.0309007 0)
(1.01005 0.0392618 0)
(1.01508 0.0472371 0)
(1.02106 0.0547161 0)
(1.02803 0.0616088 0)
(1.03568 0.0676401 0)
(1.0454 0.0736204 0)
(1.00008 0.00305572 0)
(1.00078 0.00915139 0)
(1.00216 0.0151686 0)
(1.0043 0.0210349 0)
(1.00717 0.0266772 0)
(1.01072 0.0320243 0)
(1.01492 0.0370022 0)
(1.01975 0.0415502 0)
(1.02502 0.0455186 0)
(1.03145 0.0493174 0)
(1.00006 0.00203643 0)
(1.00056 0.00609696 0)
(1.00156 0.010101 0)
(1.0031 0.013998 0)
(1.00517 0.0177381 0)
(1.00773 0.0212737 0)
(1.01073 0.0245582 0)
(1.01418 0.0275535 0)
(1.01795 0.0301792 0)
(1.02239 0.032648 0)
(1.00005 0.00128874 0)
(1.00042 0.00385761 0)
(1.00117 0.00638922 0)
(1.00232 0.00885126 0)
(1.00387 0.0112122 0)
(1.00577 0.0134422 0)
(1.00801 0.0155128 0)
(1.01057 0.0174002 0)
(1.01337 0.0190603 0)
(1.01657 0.0205999 0)
(1.00004 0.000711523 0)
(1.00034 0.00212962 0)
(1.00094 0.00352685 0)
(1.00186 0.00488542 0)
(1.0031 0.00618814 0)
(1.00462 0.00741885 0)
(1.00641 0.00856231 0)
(1.00845 0.00960593 0)
(1.01071 0.0105279 0)
(1.01321 0.0113782 0)
(1.00003 0.000227245 0)
(1.0003 0.000680161 0)
(1.00083 0.0011264 0)
(1.00165 0.00156029 0)
(1.00274 0.00197634 0)
(1.00409 0.00236944 0)
(1.00567 0.00273476 0)
(1.00748 0.00306827 0)
(1.00948 0.00336315 0)
(1.01166 0.00363463 0)
(0.999545 0.000800261 2.56113e-20)
(0.995443 0.00243886 -1.32249e-20)
(0.986586 0.00418433 3.39182e-20)
(0.972805 0.00611917 -2.2457e-20)
(0.953799 0.00833504 -2.43173e-20)
(0.928832 0.0109522 9.5207e-20)
(0.896825 0.0141339 -1.82804e-20)
(0.856274 0.0181016 1.31749e-19)
(0.805104 0.0231218 7.68679e-20)
(0.740248 0.0291863 -7.73318e-20)
(0.999534 0.00239295 3.11014e-20)
(0.995456 0.00728877 6.98911e-20)
(0.986687 0.0125034 1.0572e-19)
(0.973075 0.01828 -1.47376e-19)
(0.954342 0.0248912 1.99943e-20)
(0.92979 0.0326949 5.85902e-20)
(0.898401 0.0421765 -1.00011e-19)
(0.858762 0.0539937 1.70806e-19)
(0.808903 0.0689389 -4.57419e-19)
(0.745938 0.0869716 6.26912e-19)
(0.999514 0.00397152 -1.10003e-19)
(0.995483 0.0120913 4.92259e-20)
(0.986888 0.0207274 -2.40126e-21)
(0.973611 0.0302794 -2.46648e-19)
(0.955417 0.0411962 6.26123e-20)
(0.931691 0.0540649 -1.43387e-19)
(0.90153 0.0696797 1.94067e-19)
(0.863706 0.089114 -5.07776e-19)
(0.816463 0.113664 8.6973e-19)
(0.757295 0.143203 -6.67254e-19)
(0.999489 0.00552843 7.15469e-20)
(0.995525 0.0168193 -2.72744e-20)
(0.987185 0.0287992 1.72101e-19)
(0.974404 0.0420187 -3.15073e-19)
(0.957012 0.0570955 1.98763e-19)
(0.934509 0.0748319 -3.97944e-19)
(0.906173 0.0963064 -6.05613e-20)
(0.87105 0.122972 1.25797e-18)
(0.827708 0.156588 -3.61306e-19)
(0.774286 0.19684 -8.52423e-19)
(0.999463 0.00705841 -2.94513e-19)
(0.995585 0.0214485 2.62248e-19)
(0.987578 0.0366651 -1.28866e-19)
(0.97545 0.0534049 -5.59037e-19)
(0.959116 0.0724453 5.35644e-19)
(0.938223 0.0947841 -6.92923e-19)
(0.912285 0.121747 9.03772e-19)
(0.880723 0.155107 2.52395e-19)
(0.842546 0.197018 6.17328e-19)
(0.796883 0.246829 5.84534e-20)
(0.999441 0.00855891 2.35979e-19)
(0.995661 0.0259537 -6.42784e-20)
(0.988066 0.044264 3.64038e-19)
(0.976755 0.0643333 -4.06134e-19)
(0.961736 0.0870895 3.90036e-19)
(0.942829 0.113701 -1.09164e-19)
(0.91984 0.145688 2.25522e-19)
(0.892658 0.185066 -6.95826e-19)
(0.860872 0.234261 -1.17418e-18)
(0.825092 0.292095 7.02713e-19)
(0.999422 0.0100383 -1.16351e-19)
(0.995747 0.0303214 -1.0875e-19)
(0.988659 0.0515436 5.35964e-20)
(0.978348 0.0747099 -3.598e-19)
(0.964912 0.100887 1.2635e-18)
(0.948366 0.131375 -1.03053e-18)
(0.928855 0.167826 5.19236e-19)
(0.90682 0.212389 -8.70555e-19)
(0.882615 0.267594 -2.33209e-19)
(0.858982 0.331578 1.76203e-18)
(0.999402 0.011536 1.42049e-19)
(0.995847 0.0346091 -1.85738e-20)
(0.989399 0.0585768 -1.60949e-19)
(0.980308 0.084639 1.96029e-19)
(0.968744 0.113984 5.53868e-19)
(0.954931 0.14798 -1.20717e-18)
(0.939406 0.188286 9.69235e-19)
(0.923226 0.237003 -2.16025e-18)
(0.907766 0.296452 1.762e-18)
(0.89864 0.364335 -4.41052e-19)
(0.999398 0.0130849 -1.58762e-19)
(0.996061 0.0388695 2.07483e-19)
(0.990476 0.0654957 -3.668e-19)
(0.982888 0.0943773 -2.18907e-19)
(0.973516 0.126805 5.05755e-21)
(0.962801 0.164131 3.09003e-19)
(0.951689 0.207824 -1.56328e-18)
(0.941868 0.259544 1.72594e-18)
(0.936134 0.320512 -1.5039e-18)
(0.943662 0.388417 6.50518e-19)
(0.999484 0.0143544 -1.11368e-19)
(0.996692 0.0422811 1.15109e-20)
(0.992324 0.0710819 -4.31064e-20)
(0.986611 0.102263 -3.17015e-19)
(0.979826 0.137166 -2.37978e-19)
(0.9726 0.177073 1.3682e-18)
(0.966199 0.223157 1.08278e-18)
(0.962724 0.276399 -4.83063e-19)
(0.966456 0.336104 -1.00955e-19)
(0.990952 0.3982 -2.10637e-18)
(0.999484 -0.014352 -1.11234e-19)
(0.996691 -0.0422713 8.51845e-20)
(0.992321 -0.0710664 -3.45713e-20)
(0.986606 -0.102242 5.22464e-19)
(0.979819 -0.137139 2.90643e-19)
(0.97259 -0.177039 -1.15386e-18)
(0.966185 -0.223116 -9.41462e-19)
(0.962704 -0.27635 6.25156e-19)
(0.96643 -0.336048 6.18888e-20)
(0.99092 -0.398134 2.16118e-18)
(0.999398 -0.013082 6.87125e-20)
(0.99606 -0.038859 -4.34734e-19)
(0.990473 -0.0654796 2.56148e-19)
(0.982884 -0.0943556 -1.47813e-19)
(0.97351 -0.126777 -2.32317e-19)
(0.962792 -0.164096 -1.2675e-19)
(0.951676 -0.207782 1.31686e-18)
(0.94185 -0.259495 -1.46189e-18)
(0.93611 -0.320455 1.69255e-18)
(0.943632 -0.388353 -9.04875e-19)
(0.999402 -0.0115332 -3.96954e-20)
(0.995846 -0.0345986 1.69178e-19)
(0.989397 -0.0585607 2.79908e-19)
(0.980304 -0.0846174 -5.49823e-20)
(0.968738 -0.113956 -7.56274e-19)
(0.954923 -0.147946 9.08572e-19)
(0.939395 -0.188244 -8.89758e-19)
(0.92321 -0.236954 1.99895e-18)
(0.907745 -0.296394 -1.9634e-18)
(0.898614 -0.364269 5.95758e-19)
(0.999422 -0.0100354 -1.0495e-20)
(0.995746 -0.0303106 2.21968e-19)
(0.988657 -0.0515272 -2.0338e-19)
(0.978344 -0.074688 7.73879e-19)
(0.964907 -0.100859 -9.70111e-20)
(0.948358 -0.131341 -1.08415e-19)
(0.928845 -0.167784 -5.38195e-19)
(0.906807 -0.212339 3.87053e-19)
(0.882597 -0.267535 1.89941e-19)
(0.858959 -0.331512 -1.83218e-18)
(0.999441 -0.00855606 2.08262e-19)
(0.99566 -0.0259427 -7.34898e-20)
(0.988065 -0.0442474 2.05249e-19)
(0.976752 -0.0643112 3.3954e-19)
(0.961731 -0.0870614 -4.78023e-19)
(0.942823 -0.113666 -7.32211e-20)
(0.919831 -0.145646 6.6756e-20)
(0.892646 -0.185016 5.61096e-19)
(0.860857 -0.234202 1.00953e-18)
(0.825072 -0.292028 -5.84487e-19)
(0.999463 -0.00705554 -1.48853e-19)
(0.995584 -0.0214373 -9.05958e-21)
(0.987577 -0.0366483 -4.4214e-19)
(0.975448 -0.0533826 6.92004e-19)
(0.959112 -0.0724169 -6.02752e-19)
(0.938218 -0.094749 1.17029e-18)
(0.912278 -0.121704 -1.36973e-18)
(0.880714 -0.155056 6.43483e-19)
(0.842533 -0.196959 -8.01213e-20)
(0.796867 -0.246762 8.23481e-20)
(0.999489 -0.00552556 1.44797e-19)
(0.995525 -0.0168079 -1.10769e-19)
(0.987184 -0.0287822 1.18515e-19)
(0.974402 -0.0419963 -1.60291e-19)
(0.95701 -0.057067 4.00624e-20)
(0.934505 -0.0747967 2.95419e-19)
(0.906168 -0.0962637 2.77147e-19)
(0.871042 -0.122921 -1.75021e-18)
(0.827699 -0.156528 2.50659e-20)
(0.774273 -0.196772 8.26218e-19)
(0.999514 -0.00396861 -6.15452e-20)
(0.995482 -0.0120799 1.23151e-20)
(0.986887 -0.0207103 -1.60364e-19)
(0.973609 -0.0302568 1.85925e-19)
(0.955415 -0.0411675 -7.36005e-20)
(0.931688 -0.0540295 7.81137e-20)
(0.901526 -0.0696367 -8.89843e-20)
(0.8637 -0.0890629 4.5995e-19)
(0.816456 -0.113604 -9.26225e-19)
(0.757286 -0.143134 5.62641e-19)
(0.999534 -0.00239006 4.34355e-20)
(0.995456 -0.00727723 -2.41381e-20)
(0.986686 -0.0124862 -1.90905e-20)
(0.973074 -0.0182573 2.21707e-19)
(0.95434 -0.0248624 -3.8307e-20)
(0.929788 -0.0326593 -2.76356e-20)
(0.898399 -0.0421334 -5.10866e-20)
(0.858759 -0.0539424 -1.01563e-19)
(0.808899 -0.0688785 4.85149e-19)
(0.745932 -0.0869023 -6.71347e-19)
(0.999545 -0.000797334 2.45704e-20)
(0.995443 -0.00242732 -6.65787e-21)
(0.986585 -0.00416714 -3.50814e-20)
(0.972805 -0.00609643 5.21668e-20)
(0.953799 -0.00830617 3.96337e-20)
(0.928832 -0.0109165 -1.44995e-20)
(0.896824 -0.0140907 9.16254e-20)
(0.856273 -0.0180502 -1.69179e-19)
(0.805102 -0.0230613 5.69006e-21)
(0.740247 -0.0291168 1.17093e-19)
(1.00003 -0.000227079 0)
(1.0003 -0.000680185 0)
(1.00083 -0.00112661 0)
(1.00165 -0.00156056 0)
(1.00274 -0.00197667 0)
(1.00409 -0.00236981 0)
(1.00567 -0.00273516 0)
(1.00748 -0.00306872 0)
(1.00948 -0.00336366 0)
(1.01166 -0.00363524 0)
(1.00004 -0.00071129 0)
(1.00034 -0.00212962 0)
(1.00094 -0.00352708 0)
(1.00186 -0.0048858 0)
(1.0031 -0.0061887 0)
(1.00462 -0.00741962 0)
(1.00642 -0.00856332 0)
(1.00846 -0.0096072 0)
(1.01071 -0.0105295 0)
(1.01322 -0.0113802 0)
(1.00005 -0.00128852 0)
(1.00042 -0.00385761 0)
(1.00117 -0.00638947 0)
(1.00232 -0.0088517 0)
(1.00387 -0.0112129 0)
(1.00577 -0.0134433 0)
(1.00801 -0.0155142 0)
(1.01057 -0.0174021 0)
(1.01337 -0.0190627 0)
(1.01657 -0.0206029 0)
(1.00006 -0.0020361 0)
(1.00056 -0.00609701 0)
(1.00156 -0.0101015 0)
(1.0031 -0.0139987 0)
(1.00517 -0.0177391 0)
(1.00773 -0.0212752 0)
(1.01073 -0.0245601 0)
(1.01418 -0.027556 0)
(1.01795 -0.0301823 0)
(1.02239 -0.0326519 0)
(1.00008 -0.00305533 0)
(1.00078 -0.00915129 0)
(1.00216 -0.0151689 0)
(1.0043 -0.0210353 0)
(1.00717 -0.026678 0)
(1.01072 -0.0320255 0)
(1.01492 -0.0370039 0)
(1.01975 -0.0415526 0)
(1.02502 -0.0455216 0)
(1.03145 -0.0493214 0)
(1.00012 -0.00447693 0)
(1.00109 -0.0134138 0)
(1.00302 -0.0222527 0)
(1.00602 -0.0309005 0)
(1.01005 -0.0392617 0)
(1.01508 -0.0472372 0)
(1.02106 -0.0547166 0)
(1.02803 -0.0616098 0)
(1.03568 -0.0676418 0)
(1.0454 -0.073623 0)
(1.00016 -0.00644993 0)
(1.0015 -0.0193349 0)
(1.00414 -0.0321235 0)
(1.00824 -0.0447224 0)
(1.01378 -0.0570279 0)
(1.02075 -0.0689171 0)
(1.02914 -0.0802302 0)
(1.03907 -0.090831 0)
(1.05006 -0.100177 0)
(1.06447 -0.109842 0)
(1.00021 -0.0090362 0)
(1.0019 -0.0271125 0)
(1.00524 -0.0451763 0)
(1.0104 -0.0632026 0)
(1.01748 -0.081136 0)
(1.02658 -0.0988736 0)
(1.03785 -0.116231 0)
(1.05166 -0.133062 0)
(1.06759 -0.148406 0)
(1.08935 -0.165424 0)
(1.00021 -0.0119241 0)
(1.00188 -0.0358434 0)
(1.00516 -0.0600071 0)
(1.01035 -0.0846149 0)
(1.01772 -0.109824 0)
(1.0276 -0.135708 0)
(1.04048 -0.162177 0)
(1.05695 -0.189186 0)
(1.07737 -0.214974 0)
(1.10391 -0.246133 0)
(1.00013 -0.0146232 0)
(1.00094 -0.0443692 0)
(1.00238 -0.0754451 0)
(1.00476 -0.108669 0)
(1.0086 -0.144911 0)
(1.01475 -0.185047 0)
(1.02442 -0.229803 0)
(1.03889 -0.279843 0)
(1.06075 -0.333039 0)
(1.08709 -0.400191 0)
(1.01344 -0.00372068 2.38486e-22)
(1.01473 -0.00376899 1.94614e-22)
(1.01605 -0.00380708 6.63676e-23)
(1.01739 -0.0038366 -2.36162e-22)
(1.01876 -0.00385866 1.1095e-21)
(1.02015 -0.00387408 1.19555e-21)
(1.02155 -0.00388353 -1.9897e-21)
(1.02297 -0.00388759 3.51413e-22)
(1.02439 -0.00388669 -2.04255e-21)
(1.02581 -0.00388111 1.27543e-21)
(1.01513 -0.0116397 -6.1333e-22)
(1.01652 -0.0117881 1.65246e-21)
(1.01795 -0.011908 -1.31154e-21)
(1.0194 -0.0120028 -2.20712e-22)
(1.02089 -0.0120744 -3.45216e-22)
(1.0224 -0.0121243 1.94735e-21)
(1.02394 -0.0121536 -2.23416e-21)
(1.0255 -0.0121636 -1.60611e-21)
(1.02706 -0.0121553 2.92957e-21)
(1.02864 -0.0121299 -4.4552e-22)
(1.01878 -0.0209826 -9.60585e-22)
(1.02041 -0.0211908 -1.37606e-22)
(1.02208 -0.0213518 1.24423e-21)
(1.02377 -0.0214721 9.56835e-22)
(1.0255 -0.0215544 -5.62664e-22)
(1.02727 -0.0216003 -8.82385e-23)
(1.02908 -0.0216117 8.94445e-22)
(1.03092 -0.0215906 -1.01689e-21)
(1.03278 -0.0215392 -4.5598e-22)
(1.03467 -0.0214596 3.26168e-22)
(1.02513 -0.0330817 8.20144e-21)
(1.02717 -0.0333023 7.61988e-21)
(1.02925 -0.03346 -1.86868e-21)
(1.03134 -0.0335652 4.1779e-21)
(1.03349 -0.0336211 1.03872e-21)
(1.03569 -0.0336288 4.03583e-22)
(1.03796 -0.03359 1.80502e-23)
(1.04027 -0.0335072 2.72757e-21)
(1.04263 -0.0333832 -3.60161e-21)
(1.04503 -0.0332206 7.7438e-22)
(1.03499 -0.0496127 6.7713e-21)
(1.03767 -0.0497056 1.56607e-21)
(1.04036 -0.049711 -6.59818e-21)
(1.04305 -0.0496471 -3.48723e-21)
(1.04581 -0.0495182 1.36415e-21)
(1.04868 -0.0493248 -1.08738e-21)
(1.05164 -0.0490689 5.54812e-22)
(1.05468 -0.0487547 -2.71724e-22)
(1.0578 -0.0483875 -6.16662e-22)
(1.06099 -0.0479726 1.4803e-21)
(1.05033 -0.0736157 -3.2184e-22)
(1.05414 -0.0734758 -1.59596e-20)
(1.05787 -0.0732253 1.41227e-20)
(1.06156 -0.0728954 -3.41664e-21)
(1.06536 -0.0724935 -3.94288e-21)
(1.06931 -0.0720168 4.27376e-21)
(1.0734 -0.0714653 4.54329e-22)
(1.07761 -0.0708429 2.0589e-22)
(1.08194 -0.0701556 -1.46237e-21)
(1.08639 -0.0694096 2.3177e-22)
(1.07148 -0.109019 -1.7395e-20)
(1.07713 -0.108198 5.48947e-20)
(1.08258 -0.107149 -8.84323e-21)
(1.08788 -0.105952 1.7977e-21)
(1.0933 -0.104638 5.17491e-21)
(1.09895 -0.103206 -1.13203e-21)
(1.10479 -0.101656 -3.34332e-21)
(1.1108 -0.0999924 -4.59704e-21)
(1.11695 -0.0982261 1.89952e-21)
(1.12328 -0.0963675 4.46284e-22)
(1.10075 -0.164572 2.15997e-20)
(1.11043 -0.163552 1.11415e-20)
(1.1196 -0.161996 4.78197e-20)
(1.12817 -0.160049 -1.67809e-20)
(1.13679 -0.157812 5.03234e-21)
(1.14571 -0.155326 -8.92109e-21)
(1.15491 -0.152626 1.69626e-20)
(1.16432 -0.149757 3.70811e-21)
(1.17393 -0.146758 -9.2559e-21)
(1.18376 -0.143653 7.64403e-21)
(1.12295 -0.24415 1.10347e-20)
(1.14125 -0.242441 -6.21516e-20)
(1.15903 -0.239984 -5.6224e-20)
(1.17506 -0.23669 2.64717e-20)
(1.19044 -0.232479 7.18212e-21)
(1.20572 -0.227292 1.52525e-20)
(1.22079 -0.221128 -2.68733e-20)
(1.23552 -0.214024 3.38578e-20)
(1.24982 -0.20602 -3.50469e-20)
(1.26364 -0.197151 3.69705e-22)
(1.12198 -0.395149 2.42414e-19)
(1.15608 -0.390735 6.68806e-20)
(1.19084 -0.386225 2.97156e-20)
(1.22446 -0.380849 -3.08456e-20)
(1.25761 -0.374175 3.94362e-20)
(1.29001 -0.366 -2.7036e-21)
(1.32092 -0.356118 -6.85156e-22)
(1.34966 -0.344298 1.58368e-20)
(1.37556 -0.330315 3.08785e-20)
(1.3979 -0.313964 -8.95252e-22)
(1.02723 -0.00387098 1.76191e-21)
(1.02864 -0.00385629 -3.1256e-21)
(1.03005 -0.0038369 9.78372e-22)
(1.03143 -0.00381256 -8.1436e-21)
(1.0328 -0.00378293 3.48886e-21)
(1.03415 -0.00374759 8.34723e-21)
(1.03548 -0.00370601 -1.64316e-21)
(1.03677 -0.00365729 -3.80133e-22)
(1.03804 -0.00359859 5.92134e-22)
(1.03926 -0.00351476 1.56088e-21)
(1.03022 -0.0120881 -7.78727e-22)
(1.0318 -0.0120306 3.96565e-21)
(1.03337 -0.0119578 -3.56652e-21)
(1.03493 -0.01187 -7.04665e-21)
(1.03648 -0.0117674 1.26592e-20)
(1.03801 -0.0116498 -5.41685e-22)
(1.03952 -0.0115171 5.17575e-21)
(1.04101 -0.0113675 -3.96198e-21)
(1.04248 -0.0111925 -7.62549e-22)
(1.04391 -0.0109398 -1.39495e-21)
(1.03657 -0.0213535 3.03259e-23)
(1.03848 -0.0212227 -1.55014e-22)
(1.0404 -0.0210688 6.89031e-22)
(1.04233 -0.020893 5.10127e-21)
(1.04426 -0.0206965 1.36205e-21)
(1.04619 -0.0204801 -5.46575e-21)
(1.04812 -0.0202444 -9.82078e-21)
(1.05005 -0.0199872 1.37353e-20)
(1.05198 -0.019692 -3.53882e-21)
(1.0539 -0.0192526 -1.8941e-21)
(1.04747 -0.033022 2.79986e-21)
(1.04994 -0.0327898 -4.07257e-21)
(1.05245 -0.0325264 5.56122e-21)
(1.05498 -0.032234 -5.31831e-22)
(1.05755 -0.0319149 -1.26453e-21)
(1.06015 -0.031571 1.00247e-20)
(1.06277 -0.0312041 8.28721e-21)
(1.06543 -0.030812 1.88106e-20)
(1.06813 -0.0303677 5.75104e-21)
(1.07089 -0.0296797 1.95123e-20)
(1.06425 -0.0475152 2.30717e-21)
(1.0676 -0.0470212 -1.10942e-21)
(1.07102 -0.0464963 -7.84047e-21)
(1.07453 -0.0459463 -1.76788e-20)
(1.07813 -0.0453771 5.16092e-21)
(1.08181 -0.0447941 -1.96854e-21)
(1.08558 -0.0442019 7.69614e-21)
(1.08945 -0.0435992 -3.55848e-20)
(1.09343 -0.0429459 -2.65826e-21)
(1.09762 -0.041919 1.00311e-20)
(1.09096 -0.068611 -2.48844e-21)
(1.09567 -0.0677654 -6.39876e-21)
(1.10051 -0.0668778 1.02976e-20)
(1.10549 -0.0659523 -1.26517e-20)
(1.11061 -0.0649918 2.52535e-20)
(1.11588 -0.0639975 -2.07297e-20)
(1.12131 -0.062968 1.86774e-20)
(1.12687 -0.0618943 2.69074e-20)
(1.13258 -0.0607164 -3.45572e-20)
(1.13871 -0.0589306 1.26578e-21)
(1.12979 -0.0944284 7.75522e-21)
(1.1365 -0.092421 -7.02391e-21)
(1.14343 -0.0903577 -9.62113e-21)
(1.15059 -0.088249 -5.3175e-21)
(1.15798 -0.0861006 -1.43076e-20)
(1.16559 -0.0839105 1.82802e-20)
(1.1734 -0.0816651 -6.19821e-20)
(1.18135 -0.0793336 3.93179e-20)
(1.18933 -0.0768245 9.78084e-20)
(1.19768 -0.0734069 6.05953e-21)
(1.1938 -0.140447 -2.32492e-21)
(1.20402 -0.137122 -1.52699e-20)
(1.21438 -0.133635 2.97174e-20)
(1.22476 -0.129914 -5.07771e-20)
(1.23503 -0.125854 -1.53047e-20)
(1.24498 -0.121324 3.84518e-20)
(1.25435 -0.11617 4.82035e-20)
(1.26284 -0.110227 8.01939e-20)
(1.27016 -0.103323 7.14346e-20)
(1.27569 -0.0943436 -1.13881e-20)
(1.27685 -0.187424 1.58838e-20)
(1.28928 -0.176815 2.3816e-20)
(1.30064 -0.165264 -2.49356e-20)
(1.31062 -0.152688 8.99587e-20)
(1.31879 -0.139001 -9.979e-20)
(1.32472 -0.124145 -1.90849e-19)
(1.32793 -0.108133 2.86407e-19)
(1.32799 -0.0910883 -1.34032e-19)
(1.32501 -0.0733151 -1.6059e-19)
(1.31238 -0.0535999 3.95233e-20)
(1.41586 -0.295087 -2.41096e-20)
(1.42847 -0.273603 -2.32881e-20)
(1.4347 -0.249563 2.08483e-19)
(1.4335 -0.223223 -3.4475e-20)
(1.42388 -0.195124 -1.48901e-19)
(1.40507 -0.166155 -8.50014e-20)
(1.37662 -0.137602 9.19102e-20)
(1.33836 -0.111109 -1.53343e-20)
(1.29061 -0.0885396 1.62397e-19)
(1.21499 -0.0689918 5.15012e-19)
(1.04731 -0.00211362 0)
(1.0515 0.000602837 0)
(1.04689 0.00145092 0)
(1.03876 0.0010496 0)
(1.03297 0.000916963 0)
(1.02841 0.00114185 0)
(1.02346 0.00133473 0)
(1.01684 0.00120718 0)
(1.01286 0.00113931 0)
(1.00649 0.000794197 0)
(1.05308 -0.00645301 0)
(1.05692 0.00197288 0)
(1.05073 0.00455314 0)
(1.04129 0.0033772 0)
(1.03472 0.00297411 0)
(1.02947 0.00359023 0)
(1.02386 0.00410857 0)
(1.01689 0.00368215 0)
(1.0127 0.00344646 0)
(1.00635 0.00237811 0)
(1.06556 -0.0109144 0)
(1.06846 0.00398974 0)
(1.05894 0.00831706 0)
(1.0467 0.00636583 0)
(1.03839 0.00568606 0)
(1.03163 0.00655181 0)
(1.02467 0.00721113 0)
(1.01696 0.00634556 0)
(1.01237 0.00583436 0)
(1.00606 0.00395202 0)
(1.08655 -0.0157772 0)
(1.08743 0.00709708 0)
(1.07246 0.013215 0)
(1.0557 0.0104996 0)
(1.04433 0.00954987 0)
(1.03495 0.0104312 0)
(1.02581 0.0108968 0)
(1.01699 0.0093327 0)
(1.01178 0.00834758 0)
(1.00559 0.00550679 0)
(1.11947 -0.020143 0)
(1.11591 0.012232 0)
(1.09263 0.0201177 0)
(1.06912 0.0166606 0)
(1.05287 0.0153072 0)
(1.03939 0.0157336 0)
(1.0271 0.015455 0)
(1.01679 0.0127804 0)
(1.01082 0.0110177 0)
(1.00487 0.00701702 0)
(1.16742 -0.0249407 0)
(1.15524 0.0193154 0)
(1.11999 0.0300124 0)
(1.08698 0.0262187 0)
(1.06352 0.0240145 0)
(1.04425 0.0230906 0)
(1.02794 0.0212079 0)
(1.01595 0.016811 0)
(1.00921 0.0138404 0)
(1.00382 0.00843202 0)
(1.23322 -0.0253906 0)
(1.20416 0.0289187 0)
(1.15189 0.0442849 0)
(1.10598 0.0409901 0)
(1.07308 0.0369674 0)
(1.04697 0.0331466 0)
(1.0266 0.0283803 0)
(1.01346 0.0214259 0)
(1.00644 0.0167073 0)
(1.00223 0.00965122 0)
(1.29825 -0.02611 0)
(1.24326 0.0351018 0)
(1.17207 0.0597371 0)
(1.11249 0.0595687 0)
(1.07111 0.0536205 0)
(1.04061 0.0453716 0)
(1.01912 0.0363875 0)
(1.00732 0.0260904 0)
(1.00161 0.019192 0)
(0.999838 0.0104471 0)
(1.31223 0.0293835 0)
(1.21758 0.0659485 0)
(1.13671 0.0892606 0)
(1.07325 0.0851259 0)
(1.03528 0.0740686 0)
(1.01205 0.0584555 0)
(0.998873 0.0436826 0)
(0.994628 0.0295323 0)
(0.993594 0.0204531 0)
(0.996329 0.0104257 0)
(1.06554 0.0868864 0)
(0.969114 0.104516 0)
(0.943677 0.126477 0)
(0.925974 0.106547 0)
(0.934175 0.0884847 0)
(0.94738 0.0646243 0)
(0.960699 0.0452577 0)
(0.973806 0.0288555 0)
(0.982099 0.0190182 0)
(0.991728 0.00902899 0)
(0.693591 0.119044 2.9714e-19)
(0.689855 0.117889 -3.87326e-20)
(0.76336 0.124359 -3.02127e-21)
(0.804002 0.0956937 2.11239e-20)
(0.858599 0.076272 4.06024e-21)
(0.901802 0.0538335 6.30717e-22)
(0.935098 0.0370026 1.8669e-21)
(0.960337 0.0232243 6.55495e-22)
(0.974943 0.0151578 -2.03309e-22)
(0.988934 0.00706662 4.91186e-22)
(0.581904 0.109392 -2.09642e-20)
(0.60421 0.112794 -3.81522e-20)
(0.709077 0.118652 1.97399e-20)
(0.768306 0.0903745 -1.47563e-20)
(0.837013 0.0716653 1.1777e-21)
(0.889051 0.0502767 -4.07751e-21)
(0.928039 0.0344045 -6.82551e-22)
(0.956651 0.0215023 -4.00086e-21)
(0.972993 0.0139749 -4.87088e-22)
(0.988164 0.00648606 -5.28223e-22)
(0.472953 0.0919797 1.89378e-19)
(0.518577 0.104819 2.39826e-20)
(0.654077 0.110606 1.92742e-20)
(0.732355 0.0838807 1.45444e-20)
(0.815408 0.0661887 8.5507e-22)
(0.876399 0.0461981 3.13378e-21)
(0.921091 0.0314703 3.82919e-21)
(0.953049 0.0195879 3.69921e-21)
(0.971106 0.0126745 6.71361e-22)
(0.987421 0.00586237 3.82449e-22)
(0.369612 0.075706 -3.82195e-19)
(0.435525 0.0963064 3.96076e-20)
(0.599981 0.101232 -5.08011e-20)
(0.697158 0.0763394 3.1016e-21)
(0.794376 0.0598544 8.33606e-22)
(0.864179 0.0415536 -5.37437e-21)
(0.914431 0.0281778 2.12747e-22)
(0.949622 0.0174698 -3.35674e-22)
(0.969327 0.0112588 -2.42628e-23)
(0.986725 0.00519137 2.18894e-22)
(0.274632 0.0606743 3.10029e-19)
(0.357662 0.086013 -1.21203e-19)
(0.548623 0.0899637 -1.39595e-20)
(0.663867 0.0674697 8.96592e-22)
(0.774578 0.0525882 -2.30388e-24)
(0.852757 0.0363316 5.56231e-21)
(0.908247 0.0245372 1.91502e-21)
(0.946459 0.0151598 2.02625e-21)
(0.967699 0.00973653 8.20619e-22)
(0.986089 0.00447738 4.70728e-22)
(0.190663 0.0466364 -2.87737e-20)
(0.287634 0.0735526 1.21544e-19)
(0.501945 0.0766734 1.23575e-20)
(0.6337 0.0572626 1.81814e-21)
(0.756711 0.0444204 -5.94955e-21)
(0.842508 0.0305656 -1.26945e-21)
(0.90273 0.0205739 -3.43801e-21)
(0.943653 0.0126739 -6.22806e-22)
(0.966265 0.00811709 -1.78106e-21)
(0.985532 0.00372515 -5.86128e-22)
(0.120177 0.0339957 -1.30089e-19)
(0.227976 0.0592263 -9.01267e-21)
(0.461849 0.0615986 3.53995e-20)
(0.607849 0.0458656 -3.44116e-21)
(0.741451 0.0354471 2.76552e-21)
(0.833798 0.024316 -2.41147e-21)
(0.898064 0.0163254 7.73429e-22)
(0.94129 0.0100338 -4.60146e-22)
(0.965065 0.0064131 4.12487e-22)
(0.985067 0.00294003 8.36567e-23)
(0.0653177 0.0229205 3.24336e-20)
(0.180971 0.0434143 2.42469e-21)
(0.430066 0.0450648 1.04678e-20)
(0.587398 0.0334786 1.0641e-21)
(0.729412 0.0258016 7.60243e-22)
(0.826953 0.0176635 -1.03689e-21)
(0.894412 0.0118405 1.22621e-21)
(0.939449 0.00726661 -7.02593e-22)
(0.964134 0.00464007 8.73133e-22)
(0.984708 0.00212821 -2.68197e-22)
(0.0277755 0.0131894 1.98639e-20)
(0.148507 0.0264921 -2.36811e-20)
(0.408026 0.0274353 -1.40255e-20)
(0.573236 0.0203422 -2.59078e-21)
(0.721089 0.0156479 -5.08989e-22)
(0.822232 0.0107074 9.18597e-22)
(0.891899 0.00717845 -9.51203e-22)
(0.938184 0.00440455 -5.108e-22)
(0.963496 0.00281562 -6.30705e-22)
(0.984461 0.00129666 -1.67268e-22)
(0.00872059 0.00434205 -1.83603e-21)
(0.13195 0.00887564 1.41634e-20)
(0.396766 0.00912269 4.24844e-21)
(0.566013 0.00673731 4.11633e-22)
(0.716853 0.00517788 -3.73899e-22)
(0.819835 0.00356285 1.68977e-22)
(0.890628 0.00240675 -2.42791e-22)
(0.937546 0.00148418 -2.25275e-23)
(0.963176 0.00095993 1.31312e-23)
(0.984338 0.000453154 1.72052e-22)
)
;

boundaryField
{
    inlet
    {
        type            uniformFixedValue;
        uniformValue    constant (1 0 0);
        value           uniform (1 0 0);
    }
    outlet
    {
        type            pressureInletOutletVelocity;
        value           nonuniform List<vector> 
40
(
(0.991682 -0.0089679 0)
(0.996262 -0.010362 0)
(0.999753 -0.0103823 0)
(1.00213 -0.00958787 0)
(1.0037 -0.00837334 0)
(1.00475 -0.00696562 0)
(1.00545 -0.00546421 0)
(1.00592 -0.00391963 0)
(1.0062 -0.00235766 0)
(1.00634 -0.000787182 0)
(0.984335 -0.000394532 1.87591e-22)
(0.984458 -0.00123807 -1.66602e-22)
(0.984699 -0.00206953 -2.34126e-22)
(0.985055 -0.00288132 9.35097e-23)
(0.985516 -0.00366626 -4.48833e-22)
(0.98607 -0.00441833 5.6651e-22)
(0.986702 -0.00513217 2.05191e-22)
(0.987396 -0.00580293 2.75153e-22)
(0.988134 -0.00642645 -7.7714e-22)
(0.988902 -0.0070067 1.85505e-22)
(0.988934 0.00706662 4.91186e-22)
(0.988164 0.00648606 -5.28223e-22)
(0.987421 0.00586237 3.82449e-22)
(0.986725 0.00519137 2.18894e-22)
(0.986089 0.00447738 4.70728e-22)
(0.985532 0.00372515 -5.86128e-22)
(0.985067 0.00294003 8.36567e-23)
(0.984708 0.00212821 -2.68197e-22)
(0.984461 0.00129666 -1.67268e-22)
(0.984338 0.000453154 1.72052e-22)
(1.00649 0.000794197 0)
(1.00635 0.00237811 0)
(1.00606 0.00395202 0)
(1.00559 0.00550679 0)
(1.00487 0.00701702 0)
(1.00382 0.00843202 0)
(1.00223 0.00965122 0)
(0.999838 0.0104471 0)
(0.996329 0.0104257 0)
(0.991728 0.00902899 0)
)
;
    }
    cylinder
    {
        type            fixedValue;
        value           uniform (0 0 0);
    }
    top
    {
        type            symmetryPlane;
    }
    bottom
    {
        type            symmetryPlane;
    }
    defaultFaces
    {
        type            empty;
    }
}


// ************************************************************************* //
