/*--------------------------------*- C++ -*----------------------------------*\
  =========                 |
  \\      /  F ield         | OpenFOAM: The Open Source CFD Toolbox
   \\    /   O peration     | Website:  https://openfoam.org
    \\  /    A nd           | Version:  6.0
     \\/     M anipulation  |
\*---------------------------------------------------------------------------*/
FoamFile
{
    version     2.0;
    format      ascii;
    class       volScalarField;
    location    "350";
    object      p;
}
// * * * * * * * * * * * * * * * * * * * * * * * * * * * * * * * * * * * * * //

dimensions      [0 2 -2 0 0 0 0];

internalField   nonuniform List<scalar> 
9800
(
138.055
136.232
134.934
133.952
133.149
132.446
131.795
131.168
130.55
129.933
129.294
128.635
127.958
127.261
126.544
125.809
125.059
124.299
123.54
122.799
122.107
121.513
121.119
121.15
121.609
122.275
123.041
123.857
124.692
125.529
126.355
127.159
127.942
128.701
129.435
130.142
130.821
131.473
132.096
132.69
133.256
133.792
134.297
134.773
135.216
135.627
136.005
136.348
136.654
136.92
137.147
137.328
137.464
137.549
137.58
137.553
137.464
137.31
137.088
136.798
136.449
136.052
135.644
135.286
135.087
135.239
136.05
138.063
142.01
149.413
160.773
179.543
197.45
212.816
219.41
224.281
230.103
235.845
240.912
245.618
250.233
254.695
258.871
262.76
266.469
270.1
273.702
277.271
280.783
284.206
287.529
290.751
293.892
296.97
300.004
303.004
305.975
308.922
311.804
314.685
209.231
209.635
209.832
209.962
210.072
210.183
210.299
210.417
210.532
210.644
210.748
210.836
210.907
210.96
210.999
211.024
211.04
211.055
211.076
211.114
211.179
211.265
211.331
211.387
211.438
211.477
211.537
211.624
211.726
211.832
211.933
212.023
212.089
212.131
212.144
212.126
212.077
211.993
211.875
211.72
211.529
211.299
211.031
210.721
210.37
209.976
209.537
209.051
208.517
207.932
207.294
206.6
205.848
205.033
204.154
203.206
202.186
201.09
199.914
198.654
197.305
195.864
194.318
192.656
190.854
188.899
186.735
184.359
181.708
179.074
176.64
177.661
183.785
193.329
204.541
213.684
220.951
227.509
233.727
239.474
244.646
249.303
253.567
257.55
261.336
264.975
268.489
271.865
275.086
278.136
281.015
283.73
286.296
288.716
290.991
293.109
295.048
296.783
298.235
299.408
138.734
140.653
142.261
143.64
144.865
145.989
147.055
148.09
149.11
150.127
151.169
152.242
153.34
154.463
155.609
156.775
157.953
159.13
160.288
161.393
162.402
163.249
163.805
163.881
163.467
162.746
161.85
160.85
159.792
158.706
157.613
156.532
155.474
154.434
153.418
152.425
151.458
150.516
149.6
148.709
147.845
147.005
146.192
145.405
144.646
143.914
143.213
142.543
141.909
141.312
140.758
140.251
139.798
139.406
139.085
138.847
138.706
138.682
138.792
139.071
139.546
140.269
141.288
142.688
144.544
146.991
150.153
154.238
159.421
165.967
173.942
183.502
193.519
202.903
211.105
218.127
224.403
230.213
235.503
240.202
244.411
248.32
252.06
255.677
259.178
262.548
265.767
268.812
271.675
274.361
276.887
279.258
281.479
283.54
285.428
287.123
288.606
289.843
290.816
291.413
146.64
145.454
144.58
143.909
143.38
142.946
142.583
142.273
142.008
141.779
141.581
141.413
141.275
141.166
141.083
141.023
140.982
140.955
140.936
140.918
140.898
140.887
140.912
140.975
141.074
141.205
141.347
141.486
141.626
141.773
141.933
142.112
142.315
142.545
142.805
143.097
143.423
143.782
144.178
144.61
145.081
145.59
146.141
146.733
147.371
148.055
148.79
149.578
150.424
151.333
152.31
153.361
154.494
155.717
157.039
158.472
160.025
161.715
163.553
165.561
167.748
170.142
172.745
175.587
178.667
182.007
185.583
189.397
193.391
197.529
201.722
205.925
210.106
214.337
218.664
223.054
227.363
231.481
235.367
239.066
242.64
246.142
249.581
252.935
256.161
259.214
262.072
264.73
267.207
269.518
271.681
273.696
275.559
277.255
278.776
280.11
281.25
282.182
282.916
283.361
167.762
167.166
166.552
165.948
165.367
164.814
164.287
163.785
163.307
162.847
162.39
161.93
161.473
161.018
160.563
160.11
159.662
159.224
158.805
158.42
158.086
157.832
157.707
157.771
158.03
158.427
158.91
159.447
160.02
160.613
161.216
161.817
162.413
163.006
163.597
164.185
164.771
165.356
165.942
166.529
167.121
167.717
168.322
168.936
169.564
170.205
170.866
171.547
172.253
172.988
173.755
174.559
175.405
176.298
177.242
178.247
179.315
180.457
181.674
182.983
184.382
185.89
187.504
189.248
191.119
193.151
195.34
197.725
200.31
203.136
206.211
209.56
213.157
216.943
220.798
224.615
228.316
231.897
235.374
238.768
242.075
245.284
248.369
251.305
254.075
256.668
259.094
261.367
263.503
265.512
267.398
269.155
270.776
272.255
273.591
274.781
275.828
276.723
277.486
278.029
172.681
172.556
172.428
172.302
172.18
172.065
171.961
171.87
171.798
171.743
171.697
171.661
171.639
171.629
171.632
171.647
171.674
171.713
171.767
171.834
171.915
172.005
172.096
172.186
172.277
172.368
172.466
172.575
172.697
172.829
172.972
173.12
173.273
173.435
173.608
173.791
173.987
174.196
174.421
174.664
174.927
175.213
175.525
175.864
176.236
176.643
177.088
177.575
178.108
178.693
179.332
180.032
180.797
181.634
182.546
183.545
184.631
185.817
187.104
188.509
190.029
191.684
193.467
195.4
197.477
199.716
202.106
204.658
207.348
210.176
213.103
216.11
219.143
222.178
225.177
228.139
231.059
233.942
236.779
239.556
242.251
244.847
247.327
249.688
251.93
254.061
256.09
258.019
259.852
261.583
263.207
264.72
266.121
267.407
268.581
269.641
270.587
271.408
272.125
272.653
178.46
177.915
177.439
177.025
176.67
176.366
176.112
175.902
175.738
175.616
175.527
175.469
175.447
175.457
175.499
175.57
175.667
175.786
175.923
176.073
176.228
176.379
176.514
176.62
176.694
176.748
176.794
176.842
176.9
176.971
177.063
177.174
177.309
177.471
177.665
177.889
178.147
178.439
178.767
179.132
179.536
179.979
180.465
180.993
181.567
182.187
182.856
183.577
184.351
185.181
186.069
187.018
188.03
189.108
190.255
191.474
192.764
194.133
195.576
197.102
198.704
200.393
202.153
203.997
205.911
207.906
209.962
212.088
214.262
216.489
218.75
221.049
223.37
225.719
228.081
230.456
232.824
235.176
237.487
239.748
241.942
244.065
246.114
248.092
250
251.839
253.606
255.298
256.909
258.436
259.877
261.232
262.502
263.688
264.788
265.799
266.72
267.542
268.287
268.878
185.984
185.4
184.852
184.343
183.872
183.441
183.049
182.696
182.385
182.114
181.869
181.653
181.468
181.314
181.189
181.093
181.025
180.983
180.966
180.974
181.007
181.065
181.15
181.262
181.4
181.564
181.752
181.963
182.197
182.453
182.734
183.034
183.356
183.702
184.076
184.476
184.904
185.361
185.846
186.361
186.907
187.484
188.094
188.737
189.415
190.128
190.878
191.667
192.494
193.363
194.273
195.228
196.227
197.274
198.366
199.51
200.701
201.947
203.242
204.594
205.996
207.455
208.962
210.524
212.134
213.802
215.513
217.278
219.082
220.932
222.814
224.733
226.671
228.63
230.589
232.548
234.487
236.404
238.284
240.129
241.931
243.692
245.408
247.081
248.704
250.276
251.789
253.244
254.635
255.965
257.23
258.432
259.569
260.639
261.638
262.563
263.413
264.184
264.897
265.483
192.602
192.067
191.568
191.104
190.675
190.281
189.92
189.594
189.304
189.049
188.816
188.606
188.424
188.269
188.141
188.038
187.963
187.913
187.889
187.893
187.924
187.983
188.074
188.197
188.353
188.538
188.751
188.99
189.253
189.54
189.849
190.176
190.519
190.884
191.272
191.683
192.117
192.575
193.057
193.565
194.099
194.66
195.249
195.867
196.516
197.196
197.908
198.654
199.434
200.251
201.104
201.996
202.925
203.895
204.904
205.957
207.048
208.185
209.361
210.583
211.843
213.147
214.486
215.866
217.279
218.732
220.215
221.733
223.272
224.839
226.421
228.019
229.621
231.229
232.831
234.428
236.01
237.58
239.129
240.661
242.168
243.65
245.102
246.522
247.904
249.249
250.551
251.812
253.028
254.199
255.322
256.395
257.415
258.38
259.288
260.139
260.933
261.668
262.363
262.955
198.161
197.681
197.232
196.816
196.433
196.084
195.769
195.488
195.245
195.037
194.851
194.689
194.556
194.45
194.373
194.323
194.299
194.3
194.328
194.379
194.454
194.552
194.671
194.812
194.972
195.152
195.352
195.573
195.816
196.081
196.368
196.673
196.994
197.339
197.709
198.103
198.522
198.966
199.436
199.932
200.455
201.006
201.584
202.192
202.828
203.494
204.19
204.917
205.673
206.462
207.281
208.133
209.015
209.93
210.875
211.855
212.862
213.904
214.972
216.074
217.2
218.357
219.535
220.738
221.961
223.21
224.476
225.762
227.06
228.374
229.695
231.026
232.359
233.696
235.029
236.362
237.687
239.006
240.311
241.605
242.88
244.137
245.371
246.581
247.764
248.919
250.044
251.138
252.196
253.22
254.204
255.149
256.053
256.915
257.736
258.517
259.259
259.959
260.635
261.226
204.27
203.766
203.297
202.863
202.465
202.102
201.775
201.483
201.231
201.015
200.823
200.656
200.519
200.411
200.332
200.28
200.257
200.259
200.289
200.343
200.423
200.527
200.655
200.806
200.98
201.175
201.391
201.629
201.889
202.17
202.474
202.794
203.129
203.488
203.869
204.274
204.702
205.153
205.627
206.126
206.647
207.194
207.763
208.358
208.976
209.619
210.285
210.976
211.69
212.43
213.192
213.979
214.788
215.622
216.477
217.357
218.257
219.18
220.122
221.088
222.069
223.072
224.087
225.118
226.162
227.223
228.295
229.381
230.474
231.578
232.686
233.802
234.918
236.038
237.155
238.271
239.381
240.486
241.58
242.665
243.736
244.794
245.834
246.858
247.861
248.843
249.802
250.737
251.645
252.527
253.38
254.205
255.002
255.771
256.512
257.225
257.912
258.57
259.212
259.783
207.933
207.63
207.344
207.076
206.83
206.606
206.407
206.232
206.087
205.971
205.868
205.781
205.718
205.677
205.66
205.664
205.692
205.741
205.813
205.906
206.022
206.159
206.318
206.499
206.7
206.921
207.161
207.422
207.702
208.003
208.323
208.656
209.003
209.369
209.757
210.164
210.592
211.04
211.508
211.996
212.504
213.033
213.581
214.151
214.738
215.347
215.974
216.621
217.287
217.972
218.675
219.398
220.137
220.895
221.669
222.462
223.269
224.095
224.934
225.789
226.657
227.539
228.429
229.33
230.239
231.161
232.09
233.028
233.972
234.923
235.876
236.835
237.793
238.753
239.71
240.666
241.617
242.564
243.502
244.434
245.354
246.265
247.163
248.047
248.916
249.77
250.607
251.426
252.227
253.009
253.773
254.518
255.243
255.95
256.636
257.304
257.953
258.58
259.197
259.752
215.242
214.783
214.361
213.974
213.622
213.304
213.02
212.77
212.557
212.379
212.226
212.097
211.996
211.922
211.876
211.855
211.861
211.892
211.948
212.028
212.132
212.26
212.412
212.587
212.785
213.006
213.246
213.506
213.785
214.083
214.4
214.728
215.067
215.425
215.8
216.194
216.604
217.032
217.477
217.939
218.417
218.911
219.421
219.948
220.489
221.046
221.617
222.204
222.804
223.419
224.047
224.69
225.345
226.014
226.694
227.388
228.091
228.808
229.533
230.271
231.016
231.771
232.53
233.295
234.065
234.843
235.626
236.415
237.206
238.002
238.798
239.597
240.395
241.194
241.989
242.784
243.573
244.359
245.139
245.913
246.679
247.438
248.187
248.927
249.657
250.377
251.085
251.782
252.467
253.14
253.801
254.449
255.084
255.706
256.314
256.909
257.489
258.054
258.612
259.118
213.715
213.748
213.781
213.817
213.86
213.913
213.977
214.055
214.154
214.27
214.384
214.5
214.629
214.772
214.929
215.099
215.284
215.482
215.694
215.919
216.158
216.409
216.673
216.949
217.236
217.533
217.841
218.162
218.497
218.845
219.207
219.575
219.949
220.337
220.741
221.159
221.59
222.036
222.495
222.969
223.455
223.955
224.467
224.992
225.529
226.079
226.641
227.215
227.799
228.396
229.003
229.621
230.249
230.888
231.535
232.192
232.857
233.531
234.212
234.901
235.596
236.296
236.998
237.703
238.41
239.123
239.838
240.557
241.277
241.999
242.72
243.443
244.163
244.883
245.6
246.316
247.026
247.734
248.436
249.134
249.825
250.51
251.188
251.859
252.522
253.177
253.823
254.461
255.088
255.706
256.313
256.909
257.494
258.068
258.629
259.178
259.715
260.238
260.754
261.226
228.378
227.848
227.361
226.913
226.502
226.126
225.785
225.477
225.202
224.962
224.76
224.587
224.444
224.329
224.242
224.183
224.152
224.147
224.169
224.217
224.292
224.392
224.519
224.67
224.848
225.051
225.277
225.523
225.788
226.071
226.37
226.678
226.993
227.321
227.662
228.017
228.383
228.76
229.149
229.55
229.96
230.382
230.813
231.254
231.705
232.165
232.635
233.114
233.6
234.096
234.6
235.111
235.63
236.156
236.688
237.227
237.771
238.321
238.876
239.436
239.999
240.566
241.132
241.698
242.266
242.837
243.41
243.985
244.56
245.138
245.714
246.292
246.869
247.446
248.021
248.595
249.167
249.737
250.304
250.868
251.429
251.987
252.539
253.089
253.632
254.172
254.705
255.233
255.754
256.27
256.778
257.279
257.773
258.261
258.74
259.212
259.676
260.132
260.582
261.001
210.217
210.846
211.455
212.053
212.648
213.241
213.838
214.441
215.063
215.693
216.283
216.848
217.411
217.977
218.544
219.112
219.682
220.252
220.822
221.393
221.963
222.533
223.102
223.669
224.235
224.796
225.355
225.912
226.469
227.028
227.587
228.135
228.677
229.223
229.774
230.33
230.892
231.46
232.033
232.612
233.196
233.787
234.383
234.985
235.591
236.203
236.82
237.442
238.068
238.698
239.331
239.968
240.607
241.25
241.894
242.54
243.187
243.836
244.484
245.133
245.782
246.429
247.07
247.707
248.342
248.976
249.608
250.238
250.865
251.49
252.11
252.728
253.341
253.95
254.554
255.153
255.746
256.334
256.915
257.49
258.057
258.617
259.169
259.714
260.25
260.777
261.295
261.804
262.304
262.794
263.273
263.744
264.203
264.653
265.093
265.522
265.94
266.348
266.745
267.122
252.892
252.018
251.194
250.414
249.671
248.957
248.272
247.606
246.952
246.32
245.785
245.296
244.84
244.416
244.023
243.661
243.332
243.035
242.771
242.539
242.341
242.174
242.041
241.941
241.873
241.839
241.837
241.864
241.919
241.998
242.101
242.227
242.36
242.51
242.676
242.859
243.056
243.267
243.493
243.732
243.983
244.247
244.523
244.81
245.108
245.416
245.733
246.06
246.396
246.74
247.093
247.452
247.819
248.192
248.572
248.957
249.348
249.743
250.144
250.548
250.956
251.367
251.775
252.183
252.592
253.004
253.418
253.836
254.256
254.678
255.102
255.527
255.953
256.38
256.807
257.235
257.661
258.088
258.513
258.938
259.36
259.781
260.2
260.617
261.03
261.442
261.85
262.255
262.656
263.053
263.447
263.836
264.221
264.601
264.976
265.347
265.711
266.071
266.42
266.774
180.074
181.958
183.812
185.639
187.462
189.288
191.129
193.003
194.938
196.895
198.665
200.349
202.017
203.676
205.329
206.971
208.603
210.222
211.827
213.417
214.991
216.547
218.085
219.602
221.1
222.575
224.028
225.459
226.87
228.261
229.621
230.908
232.163
233.399
234.619
235.825
237.017
238.194
239.358
240.508
241.645
242.768
243.878
244.974
246.057
247.127
248.183
249.226
250.256
251.272
252.274
253.263
254.238
255.2
256.147
257.08
258
258.905
259.795
260.672
261.533
262.376
263.196
264.005
264.795
265.57
266.332
267.08
267.814
268.534
269.239
269.931
270.607
271.269
271.916
272.548
273.164
273.766
274.352
274.923
275.477
276.017
276.541
277.049
277.541
278.018
278.478
278.924
279.352
279.765
280.162
280.544
280.909
281.259
281.592
281.911
282.214
282.501
282.764
283.057
317.158
315.33
313.287
311.275
309.309
307.359
305.408
303.437
301.379
299.2
297.536
295.917
294.289
292.706
291.173
289.689
288.255
286.875
285.55
284.282
283.072
281.922
280.833
279.804
278.833
277.921
277.07
276.278
275.547
274.864
274.205
273.678
273.152
272.626
272.139
271.695
271.291
270.924
270.594
270.3
270.041
269.817
269.625
269.465
269.335
269.235
269.164
269.119
269.101
269.107
269.137
269.189
269.262
269.355
269.467
269.596
269.742
269.903
270.078
270.268
270.463
270.654
270.867
271.111
271.325
271.544
271.779
272.03
272.29
272.561
272.842
273.132
273.43
273.736
274.048
274.367
274.691
275.02
275.354
275.692
276.032
276.375
276.721
277.068
277.416
277.765
278.114
278.463
278.811
279.158
279.503
279.848
280.189
280.528
280.863
281.197
281.524
281.842
282.14
282.796
64.383
72.7706
79.0057
86.1489
93.8367
101.775
110.049
119.094
127.484
130.257
132.675
138.195
144.078
149.707
155.266
160.776
166.232
171.618
176.932
182.162
187.309
192.363
197.325
202.188
206.954
211.607
216.149
220.632
225.14
229.255
231.966
234.701
238.418
241.861
245.178
248.428
251.616
254.734
257.784
260.764
263.676
266.517
269.291
271.996
274.632
277.2
279.701
282.133
284.499
286.797
289.029
291.195
293.296
295.331
297.305
299.219
301.072
302.861
304.594
306.276
307.85
309.176
310.481
312.122
313.523
314.821
316.087
317.316
318.501
319.644
320.743
321.801
322.818
323.795
324.732
325.631
326.491
327.314
328.101
328.853
329.57
330.253
330.904
331.523
332.111
332.67
333.199
333.702
334.176
334.626
335.05
335.451
335.828
336.184
336.519
336.838
337.129
337.334
337.482
339.004
315.832
315.415
315.105
314.936
314.82
314.729
314.674
314.652
314.67
314.719
314.804
314.919
315.063
315.232
315.43
315.657
315.9
316.157
316.447
316.762
317.097
317.451
317.823
318.212
318.619
319.043
319.482
319.937
320.408
320.897
321.399
321.868
322.31
322.888
323.531
324.101
324.666
325.249
325.845
326.452
327.069
327.697
328.334
328.985
329.653
330.323
330.865
331.384
332.23
333.151
333.869
334.569
335.291
336.03
336.777
337.543
338.336
339.11
339.579
340.124
341.347
342.576
343.406
344.23
345.128
345.899
345.947
347.5
349.385
349.069
299.196
299.337
299.85
300.378
300.858
301.32
301.779
302.232
302.684
303.132
303.581
304.03
304.482
304.935
305.391
305.849
306.31
306.773
307.24
307.71
308.183
308.659
309.138
309.621
310.107
310.597
311.09
311.588
312.089
312.595
313.106
313.62
314.135
314.659
315.19
315.72
316.252
316.791
317.334
317.883
318.435
318.994
319.557
320.126
320.7
321.281
321.86
322.44
323.036
323.643
324.238
324.837
325.441
326.053
326.669
327.293
327.922
328.559
329.184
329.81
330.478
331.153
331.8
332.455
333.128
333.809
334.447
335.187
336.034
336.464
291.823
292.125
292.717
293.301
293.844
294.373
294.903
295.43
295.957
296.481
297.006
297.531
298.055
298.58
299.104
299.628
300.152
300.675
301.199
301.722
302.245
302.768
303.291
303.815
304.338
304.862
305.386
305.911
306.436
306.962
307.488
308.016
308.541
309.066
309.592
310.116
310.639
311.164
311.689
312.214
312.739
313.266
313.792
314.32
314.847
315.376
315.904
316.428
316.95
317.473
317.99
318.507
319.024
319.542
320.059
320.576
321.092
321.61
322.125
322.629
323.131
323.631
324.122
324.614
325.109
325.606
326.095
326.574
327.101
327.469
283.789
284.149
284.784
285.4
285.976
286.545
287.116
287.686
288.256
288.824
289.393
289.961
290.53
291.097
291.665
292.232
292.799
293.366
293.932
294.498
295.064
295.629
296.193
296.758
297.322
297.885
298.449
299.013
299.576
300.14
300.703
301.267
301.828
302.389
302.949
303.506
304.061
304.617
305.173
305.729
306.285
306.842
307.398
307.956
308.513
309.073
309.631
310.185
310.737
311.289
311.833
312.378
312.925
313.475
314.025
314.578
315.132
315.689
316.244
316.792
317.337
317.878
318.41
318.947
319.489
320.038
320.575
321.112
321.688
322.094
278.559
278.924
279.551
280.16
280.734
281.303
281.875
282.447
283.019
283.591
284.162
284.732
285.303
285.873
286.443
287.013
287.584
288.153
288.724
289.293
289.863
290.432
291
291.569
292.137
292.705
293.273
293.842
294.41
294.98
295.549
296.119
296.686
297.252
297.817
298.378
298.939
299.501
300.062
300.625
301.187
301.75
302.313
302.878
303.443
304.011
304.578
305.14
305.699
306.256
306.807
307.36
307.915
308.472
309.032
309.594
310.159
310.728
311.296
311.855
312.41
312.959
313.501
314.05
314.606
315.172
315.727
316.279
316.87
317.296
273.182
273.563
274.197
274.812
275.395
275.976
276.562
277.149
277.734
278.319
278.902
279.485
280.067
280.648
281.229
281.811
282.392
282.973
283.555
284.136
284.716
285.297
285.877
286.457
287.037
287.618
288.199
288.78
289.362
289.945
290.529
291.114
291.698
292.279
292.859
293.435
294.013
294.591
295.17
295.75
296.331
296.914
297.497
298.082
298.668
299.257
299.846
300.431
301.01
301.585
302.153
302.725
303.298
303.874
304.451
305.03
305.612
306.198
306.782
307.356
307.921
308.475
309.024
309.581
310.147
310.722
311.288
311.848
312.441
312.88
269.44
269.818
270.44
271.049
271.629
272.208
272.793
273.378
273.962
274.544
275.126
275.706
276.287
276.867
277.447
278.028
278.61
279.191
279.773
280.354
280.935
281.517
282.097
282.679
283.26
283.842
284.424
285.007
285.591
286.176
286.762
287.349
287.934
288.518
289.097
289.675
290.253
290.834
291.414
291.995
292.577
293.162
293.746
294.334
294.922
295.514
296.106
296.693
297.273
297.846
298.415
298.987
299.561
300.137
300.715
301.296
301.88
302.468
303.055
303.631
304.194
304.745
305.293
305.85
306.417
306.995
307.566
308.129
308.718
309.163
266.063
266.457
267.085
267.701
268.288
268.877
269.468
270.06
270.648
271.234
271.818
272.402
272.984
273.567
274.149
274.731
275.313
275.895
276.476
277.057
277.637
278.216
278.795
279.374
279.952
280.531
281.109
281.689
282.268
282.849
283.43
284.013
284.593
285.17
285.743
286.314
286.885
287.457
288.029
288.603
289.177
289.753
290.329
290.908
291.488
292.072
292.656
293.236
293.807
294.371
294.93
295.495
296.062
296.634
297.208
297.786
298.369
298.958
299.549
300.129
300.694
301.246
301.798
302.362
302.938
303.528
304.112
304.688
305.283
305.742
263.547
263.944
264.565
265.171
265.749
266.327
266.907
267.486
268.063
268.638
269.212
269.786
270.36
270.934
271.508
272.083
272.658
273.234
273.809
274.384
274.958
275.532
276.105
276.679
277.252
277.826
278.4
278.976
279.551
280.129
280.707
281.286
281.864
282.438
283.006
283.573
284.14
284.71
285.279
285.849
286.42
286.994
287.567
288.144
288.722
289.304
289.886
290.464
291.031
291.59
292.145
292.706
293.27
293.838
294.409
294.985
295.565
296.152
296.741
297.319
297.88
298.425
298.972
299.533
300.107
300.697
301.281
301.856
302.445
302.905
261.832
262.238
262.853
263.453
264.023
264.594
265.166
265.737
266.306
266.874
267.44
268.007
268.574
269.14
269.706
270.273
270.839
271.405
271.971
272.536
273.1
273.664
274.227
274.791
275.354
275.918
276.482
277.048
277.614
278.181
278.75
279.321
279.89
280.454
281.013
281.571
282.129
282.69
283.251
283.814
284.378
284.944
285.512
286.083
286.655
287.232
287.81
288.383
288.945
289.496
290.044
290.598
291.156
291.716
292.28
292.849
293.421
294.001
294.582
295.152
295.699
296.23
296.762
297.31
297.871
298.448
299.02
299.582
300.152
300.602
260.367
260.771
261.371
261.952
262.506
263.06
263.617
264.174
264.729
265.285
265.84
266.395
266.95
267.507
268.062
268.619
269.175
269.733
270.29
270.847
271.402
271.958
272.514
273.07
273.626
274.184
274.741
275.3
275.86
276.421
276.984
277.549
278.112
278.671
279.223
279.774
280.326
280.881
281.436
281.993
282.55
283.11
283.672
284.237
284.803
285.375
285.947
286.515
287.069
287.612
288.152
288.699
289.249
289.803
290.359
290.921
291.486
292.06
292.636
293.199
293.737
294.258
294.782
295.322
295.876
296.449
297.016
297.575
298.135
298.584
260.331
260.732
261.315
261.883
262.426
262.97
263.517
264.065
264.61
265.156
265.7
266.244
266.787
267.33
267.872
268.415
268.956
269.498
270.039
270.579
271.118
271.656
272.193
272.731
273.268
273.806
274.343
274.882
275.421
275.962
276.503
277.047
277.588
278.124
278.652
279.179
279.707
280.238
280.768
281.3
281.832
282.367
282.904
283.443
283.985
284.531
285.079
285.622
286.15
286.666
287.18
287.702
288.227
288.757
289.291
289.831
290.377
290.932
291.491
292.038
292.558
293.06
293.567
294.094
294.636
295.2
295.76
296.312
296.858
297.3
259.643
260.031
260.59
261.136
261.658
262.182
262.71
263.239
263.766
264.294
264.822
265.35
265.878
266.407
266.935
267.464
267.993
268.524
269.053
269.583
270.111
270.639
271.167
271.695
272.223
272.753
273.282
273.813
274.343
274.877
275.411
275.948
276.482
277.011
277.531
278.051
278.572
279.095
279.618
280.144
280.669
281.198
281.728
282.262
282.797
283.337
283.879
284.416
284.938
285.446
285.953
286.468
286.986
287.51
288.038
288.572
289.112
289.662
290.215
290.758
291.271
291.765
292.266
292.788
293.325
293.886
294.443
294.993
295.533
295.976
261.739
262.116
262.652
263.178
263.682
264.188
264.695
265.203
265.709
266.215
266.719
267.223
267.726
268.229
268.731
269.233
269.734
270.236
270.736
271.235
271.733
272.231
272.727
273.224
273.72
274.217
274.713
275.212
275.71
276.211
276.713
277.217
277.719
278.215
278.701
279.187
279.674
280.164
280.653
281.146
281.638
282.135
282.632
283.133
283.637
284.147
284.658
285.165
285.653
286.126
286.599
287.08
287.566
288.057
288.551
289.053
289.561
290.08
290.603
291.114
291.589
292.043
292.506
292.991
293.493
294.02
294.546
295.062
295.558
295.967
261.458
261.811
262.321
262.826
263.31
263.795
264.282
264.771
265.258
265.747
266.235
266.724
267.213
267.702
268.191
268.681
269.17
269.661
270.149
270.639
271.126
271.614
272.1
272.588
273.075
273.563
274.051
274.541
275.031
275.524
276.017
276.514
277.008
277.496
277.973
278.451
278.93
279.413
279.894
280.378
280.863
281.352
281.841
282.335
282.83
283.333
283.836
284.336
284.816
285.282
285.746
286.221
286.699
287.183
287.67
288.165
288.666
289.178
289.694
290.199
290.669
291.117
291.575
292.056
292.555
293.078
293.6
294.116
294.61
295.024
267.56
267.881
268.345
268.811
269.257
269.702
270.147
270.593
271.036
271.479
271.919
272.36
272.798
273.236
273.671
274.107
274.541
274.976
275.408
275.839
276.267
276.695
277.121
277.548
277.973
278.399
278.824
279.251
279.677
280.106
280.535
280.968
281.398
281.819
282.228
282.638
283.048
283.461
283.874
284.289
284.705
285.124
285.544
285.97
286.397
286.83
287.267
287.697
288.103
288.491
288.879
289.278
289.68
290.089
290.503
290.925
291.354
291.796
292.244
292.677
293.065
293.427
293.803
294.206
294.63
295.084
295.543
295.984
296.391
296.733
267.16
267.359
267.769
268.213
268.63
269.042
269.454
269.868
270.279
270.691
271.101
271.512
271.92
272.33
272.737
273.145
273.551
273.959
274.364
274.768
275.17
275.573
275.974
276.376
276.776
277.178
277.58
277.984
278.387
278.794
279.202
279.613
280.022
280.424
280.812
281.203
281.595
281.991
282.387
282.786
283.186
283.591
283.997
284.409
284.823
285.245
285.67
286.09
286.489
286.87
287.253
287.648
288.047
288.453
288.864
289.284
289.712
290.152
290.598
291.032
291.427
291.799
292.184
292.596
293.027
293.486
293.946
294.4
294.822
295.189
283.444
283.501
283.792
284.144
284.465
284.772
285.075
285.377
285.673
285.965
286.251
286.535
286.814
287.09
287.36
287.628
287.891
288.154
288.41
288.663
288.91
289.156
289.396
289.636
289.871
290.107
290.339
290.573
290.805
291.039
291.273
291.511
291.743
291.961
292.161
292.361
292.562
292.766
292.968
293.174
293.38
293.591
293.804
294.023
294.246
294.477
294.714
294.942
295.131
295.294
295.462
295.643
295.831
296.028
296.234
296.453
296.683
296.932
297.192
297.43
297.597
297.733
297.894
298.093
298.325
298.598
298.892
299.142
299.342
299.522
283.275
282.023
282.017
282.437
282.732
282.952
283.173
283.4
283.622
283.839
284.049
284.258
284.46
284.66
284.854
285.046
285.233
285.421
285.602
285.781
285.954
286.126
286.294
286.462
286.627
286.792
286.956
287.121
287.285
287.452
287.62
287.793
287.962
288.116
288.251
288.391
288.534
288.68
288.827
288.978
289.131
289.291
289.454
289.624
289.8
289.984
290.175
290.36
290.512
290.642
290.781
290.936
291.098
291.272
291.455
291.651
291.859
292.084
292.32
292.541
292.712
292.864
293.04
293.249
293.485
293.756
294.036
294.294
294.54
294.726
340.969
336.64
335.23
335.129
334.79
334.243
333.699
333.181
332.661
332.136
331.604
331.071
330.533
329.993
329.448
328.901
328.35
327.801
327.245
326.685
326.12
325.553
324.982
324.411
323.838
323.267
322.695
322.126
321.559
320.996
320.436
319.884
319.323
318.718
318.07
317.425
316.781
316.139
315.495
314.855
314.217
313.586
312.959
312.342
311.733
311.136
310.551
309.94
309.216
308.417
307.629
306.856
306.091
305.34
304.605
303.892
303.201
302.541
301.914
301.211
300.282
299.254
298.291
297.406
296.597
295.882
295.269
294.404
293.396
292.584
342.455
331.932
324.196
318.627
314.433
311.201
308.703
306.754
305.206
303.951
302.911
302.034
301.282
300.631
300.06
299.559
299.115
298.722
298.373
298.062
297.785
297.538
297.317
297.12
296.944
296.787
296.647
296.522
296.41
296.311
296.222
296.144
296.075
296.014
295.96
295.912
295.871
295.835
295.803
295.776
295.753
295.733
295.716
295.702
295.69
295.681
295.673
295.666
295.661
295.657
295.654
295.651
295.65
295.648
295.647
295.646
295.645
295.644
295.643
295.641
295.639
295.636
295.633
295.629
295.624
295.618
295.612
295.605
295.598
295.591
295.584
295.577
295.572
295.566
295.556
335.427
329.838
324.655
320.527
316.923
313.725
311.013
308.776
306.936
305.421
304.168
303.125
302.245
301.496
300.849
300.286
299.792
299.355
298.966
298.619
298.309
298.032
297.783
297.559
297.359
297.18
297.019
296.876
296.747
296.632
296.529
296.436
296.354
296.281
296.215
296.157
296.105
296.059
296.019
295.983
295.951
295.923
295.899
295.878
295.859
295.843
295.828
295.816
295.805
295.796
295.787
295.78
295.773
295.767
295.762
295.757
295.751
295.746
295.741
295.736
295.73
295.724
295.717
295.71
295.702
295.693
295.683
295.673
295.662
295.65
295.637
295.624
295.611
295.597
295.569
327.739
324.467
320.991
318.389
316.133
313.922
311.836
309.954
308.272
306.776
305.458
304.307
303.306
302.435
301.68
301.025
300.455
299.96
299.526
299.145
298.807
298.506
298.236
297.994
297.777
297.581
297.404
297.244
297.101
296.971
296.854
296.749
296.655
296.57
296.493
296.425
296.363
296.308
296.259
296.214
296.175
296.139
296.108
296.079
296.054
296.032
296.011
295.993
295.976
295.961
295.948
295.935
295.924
295.913
295.903
295.893
295.884
295.874
295.865
295.856
295.846
295.836
295.826
295.815
295.803
295.79
295.776
295.761
295.745
295.727
295.707
295.685
295.662
295.635
295.582
322.863
320.837
318.38
316.44
314.664
312.855
311.133
309.594
308.232
307.015
305.924
304.946
304.063
303.262
302.531
301.865
301.263
300.721
300.235
299.801
299.413
299.068
298.76
298.485
298.24
298.021
297.826
297.65
297.493
297.351
297.222
297.107
297.002
296.907
296.821
296.743
296.672
296.608
296.549
296.495
296.447
296.403
296.363
296.327
296.294
296.265
296.238
296.213
296.191
296.17
296.151
296.133
296.117
296.101
296.086
296.072
296.058
296.044
296.031
296.017
296.004
295.99
295.975
295.96
295.944
295.926
295.908
295.887
295.864
295.839
295.81
295.778
295.743
295.701
295.619
318.337
316.808
314.984
313.741
312.622
311.372
310.086
308.868
307.735
306.684
305.721
304.854
304.077
303.379
302.749
302.176
301.656
301.184
300.753
300.36
299.999
299.666
299.358
299.073
298.811
298.57
298.35
298.149
297.967
297.802
297.653
297.518
297.398
297.289
297.192
297.104
297.024
296.952
296.885
296.825
296.769
296.717
296.669
296.625
296.585
296.547
296.513
296.481
296.452
296.425
296.4
296.376
296.354
296.332
296.312
296.293
296.274
296.255
296.237
296.219
296.202
296.183
296.165
296.145
296.125
296.103
296.08
296.054
296.026
295.994
295.958
295.917
295.87
295.815
295.706
314.191
313.108
311.756
311.009
310.352
309.514
308.597
307.711
306.875
306.079
305.329
304.633
303.988
303.388
302.83
302.31
301.831
301.392
300.994
300.635
300.309
300.014
299.743
299.494
299.264
299.051
298.852
298.667
298.494
298.332
298.18
298.038
297.905
297.782
297.669
297.564
297.469
297.381
297.301
297.227
297.159
297.096
297.037
296.983
296.933
296.886
296.844
296.804
296.767
296.734
296.702
296.673
296.645
296.619
296.593
296.569
296.545
296.521
296.498
296.475
296.453
296.43
296.406
296.382
296.358
296.332
296.304
296.275
296.242
296.206
296.165
296.119
296.065
296.005
295.877
310.629
309.854
308.833
308.435
308.121
307.605
306.982
306.365
305.768
305.185
304.623
304.092
303.593
303.123
302.679
302.258
301.862
301.493
301.151
300.835
300.543
300.274
300.023
299.79
299.573
299.373
299.187
299.016
298.857
298.71
298.573
298.445
298.325
298.214
298.11
298.013
297.923
297.838
297.758
297.683
297.611
297.542
297.476
297.413
297.352
297.293
297.238
297.186
297.138
297.093
297.051
297.013
296.978
296.945
296.914
296.884
296.856
296.829
296.802
296.775
296.749
296.722
296.696
296.669
296.642
296.614
296.584
296.553
296.52
296.483
296.443
296.398
296.346
296.291
296.162
307.402
306.887
306.136
306.028
306.002
305.757
305.386
305.003
304.622
304.235
303.849
303.474
303.114
302.766
302.428
302.101
301.788
301.491
301.213
300.955
300.714
300.49
300.28
300.082
299.895
299.718
299.552
299.395
299.247
299.107
298.974
298.848
298.729
298.618
298.513
298.416
298.326
298.242
298.166
298.094
298.027
297.964
297.903
297.843
297.785
297.728
297.672
297.618
297.565
297.515
297.468
297.424
297.382
297.342
297.305
297.269
297.235
297.201
297.169
297.137
297.105
297.073
297.042
297.012
296.981
296.95
296.919
296.888
296.857
296.824
296.789
296.752
296.711
296.673
296.567
304.672
304.346
303.794
303.894
304.077
304.034
303.858
303.66
303.455
303.233
302.998
302.762
302.527
302.292
302.056
301.821
301.591
301.368
301.156
300.955
300.766
300.587
300.417
300.255
300.1
299.952
299.811
299.678
299.55
299.428
299.311
299.198
299.09
298.986
298.887
298.794
298.706
298.623
298.546
298.473
298.405
298.34
298.278
298.217
298.157
298.097
298.039
297.983
297.928
297.876
297.827
297.782
297.74
297.701
297.665
297.632
297.6
297.569
297.539
297.509
297.48
297.45
297.42
297.391
297.361
297.331
297.302
297.274
297.246
297.219
297.193
297.169
297.145
297.129
297.07
302.408
302.227
301.831
302.093
302.44
302.558
302.54
302.496
302.439
302.357
302.254
302.14
302.017
301.885
301.743
301.594
301.441
301.288
301.138
300.994
300.854
300.719
300.589
300.461
300.338
300.217
300.101
299.988
299.878
299.771
299.667
299.565
299.465
299.369
299.276
299.187
299.102
299.023
298.948
298.878
298.812
298.748
298.687
298.627
298.567
298.506
298.446
298.386
298.327
298.27
298.216
298.165
298.117
298.073
298.033
297.996
297.961
297.929
297.899
297.87
297.842
297.814
297.787
297.761
297.735
297.71
297.686
297.664
297.644
297.627
297.614
297.605
297.601
297.606
297.612
300.472
300.385
300.087
300.458
300.919
301.154
301.253
301.327
301.387
301.422
301.43
301.422
301.399
301.361
301.307
301.24
301.163
301.079
300.993
300.906
300.819
300.732
300.644
300.555
300.466
300.377
300.288
300.199
300.111
300.023
299.935
299.847
299.76
299.673
299.589
299.507
299.428
299.353
299.282
299.215
299.151
299.09
299.03
298.971
298.912
298.852
298.792
298.731
298.672
298.613
298.557
298.505
298.456
298.41
298.369
298.332
298.298
298.266
298.237
298.209
298.183
298.157
298.133
298.109
298.086
298.064
298.044
298.026
298.012
298.001
297.995
297.995
298.004
298.016
298.068
299.163
299.137
298.923
299.367
299.9
300.211
300.392
300.551
300.7
300.821
300.917
300.992
301.049
301.086
301.103
301.103
301.087
301.061
301.027
300.988
300.943
300.894
300.841
300.783
300.721
300.656
300.588
300.518
300.445
300.37
300.294
300.215
300.135
300.055
299.975
299.896
299.819
299.745
299.675
299.607
299.543
299.481
299.42
299.359
299.298
299.236
299.173
299.109
299.046
298.984
298.924
298.868
298.815
298.766
298.722
298.682
298.646
298.613
298.583
298.556
298.53
298.506
298.484
298.462
298.442
298.424
298.407
298.394
298.384
298.378
298.377
298.382
298.396
298.41
298.472
297.934
297.899
297.671
298.133
298.702
299.063
299.305
299.535
299.762
299.967
300.147
300.308
300.447
300.565
300.659
300.731
300.785
300.822
300.848
300.862
300.867
300.863
300.851
300.831
300.803
300.768
300.728
300.682
300.632
300.576
300.517
300.453
300.386
300.317
300.247
300.176
300.106
300.038
299.972
299.909
299.847
299.787
299.728
299.669
299.609
299.547
299.485
299.421
299.357
299.295
299.234
299.176
299.122
299.072
299.027
298.986
298.949
298.917
298.887
298.86
298.836
298.813
298.793
298.773
298.756
298.74
298.727
298.717
298.71
298.707
298.71
298.718
298.735
298.751
298.813
297.679
297.595
297.37
297.807
298.354
298.711
298.966
299.224
299.489
299.74
299.971
300.184
300.377
300.547
300.692
300.812
300.911
300.991
301.054
301.102
301.137
301.159
301.17
301.169
301.159
301.139
301.11
301.074
301.032
300.982
300.927
300.867
300.802
300.734
300.663
300.591
300.519
300.449
300.379
300.312
300.246
300.182
300.119
300.055
299.99
299.924
299.857
299.789
299.721
299.654
299.589
299.527
299.469
299.415
299.366
299.321
299.282
299.246
299.214
299.186
299.16
299.137
299.116
299.097
299.08
299.065
299.053
299.044
299.039
299.038
299.042
299.051
299.069
299.086
299.145
296.901
296.646
296.244
296.611
297.153
297.539
297.845
298.17
298.516
298.854
299.174
299.475
299.753
300.004
300.226
300.42
300.587
300.729
300.85
300.951
301.034
301.1
301.15
301.186
301.208
301.217
301.215
301.203
301.182
301.151
301.113
301.068
301.016
300.959
300.899
300.836
300.771
300.706
300.642
300.578
300.516
300.454
300.392
300.33
300.267
300.201
300.135
300.067
300
299.932
299.867
299.804
299.746
299.691
299.641
299.596
299.556
299.52
299.487
299.459
299.433
299.411
299.391
299.373
299.357
299.344
299.334
299.327
299.323
299.324
299.33
299.341
299.36
299.378
299.437
297.918
297.386
296.85
297.032
297.412
297.699
297.965
298.29
298.659
299.035
299.401
299.751
300.078
300.374
300.636
300.864
301.059
301.226
301.365
301.479
301.571
301.643
301.695
301.731
301.751
301.756
301.75
301.731
301.703
301.665
301.618
301.565
301.504
301.439
301.37
301.297
301.224
301.15
301.077
301.004
300.933
300.862
300.792
300.721
300.649
300.577
300.503
300.428
300.354
300.28
300.209
300.141
300.077
300.017
299.962
299.912
299.868
299.827
299.792
299.76
299.732
299.707
299.684
299.665
299.649
299.635
299.624
299.617
299.614
299.616
299.622
299.633
299.653
299.67
299.728
296.772
295.769
294.942
295.17
295.667
296.06
296.445
296.904
297.411
297.919
298.412
298.881
299.319
299.718
300.075
300.39
300.666
300.904
301.108
301.281
301.426
301.545
301.64
301.714
301.769
301.805
301.826
301.832
301.825
301.806
301.777
301.738
301.69
301.636
301.577
301.513
301.447
301.38
301.311
301.243
301.175
301.107
301.038
300.968
300.897
300.824
300.75
300.676
300.601
300.527
300.455
300.387
300.322
300.261
300.205
300.155
300.109
300.068
300.031
299.999
299.97
299.945
299.922
299.903
299.887
299.874
299.864
299.858
299.856
299.859
299.867
299.88
299.901
299.92
299.977
299.089
296.677
295.317
295.265
295.668
296.137
296.682
297.316
297.987
298.643
299.256
299.815
300.315
300.752
301.127
301.445
301.71
301.928
302.105
302.247
302.357
302.441
302.501
302.54
302.561
302.565
302.555
302.531
302.495
302.448
302.392
302.328
302.258
302.182
302.102
302.02
301.936
301.852
301.768
301.685
301.603
301.521
301.44
301.357
301.275
301.191
301.107
301.022
300.938
300.856
300.776
300.699
300.627
300.56
300.498
300.442
300.391
300.345
300.305
300.268
300.236
300.207
300.182
300.16
300.142
300.127
300.116
300.11
300.108
300.111
300.12
300.135
300.156
300.176
300.23
294.698
293.281
292.466
292.263
292.597
293.308
294.169
295.068
295.983
296.886
297.738
298.517
299.214
299.827
300.359
300.814
301.199
301.521
301.787
302.006
302.183
302.326
302.438
302.523
302.584
302.623
302.643
302.645
302.631
302.602
302.561
302.509
302.449
302.382
302.309
302.233
302.154
302.075
301.994
301.914
301.834
301.753
301.672
301.59
301.506
301.421
301.335
301.249
301.163
301.078
300.996
300.917
300.842
300.773
300.709
300.65
300.597
300.55
300.507
300.469
300.435
300.405
300.378
300.355
300.336
300.32
300.309
300.303
300.303
300.308
300.32
300.338
300.364
300.389
300.447
280.983
282.953
287.42
289.53
291.314
293.337
295.185
296.728
298.043
299.168
300.109
300.884
301.518
302.032
302.444
302.767
303.016
303.204
303.341
303.439
303.504
303.545
303.567
303.571
303.56
303.536
303.498
303.447
303.383
303.31
303.227
303.137
303.041
302.941
302.839
302.735
302.632
302.53
302.43
302.331
302.234
302.137
302.042
301.945
301.849
301.752
301.654
301.556
301.459
301.364
301.272
301.184
301.101
301.024
300.954
300.889
300.831
300.779
300.733
300.691
300.653
300.619
300.59
300.563
300.541
300.523
300.511
300.503
300.503
300.509
300.524
300.547
300.583
300.616
300.706
275.268
275.475
275.128
278.566
283.025
286.598
289.434
291.974
294.252
296.18
297.762
299.057
300.117
300.975
301.657
302.194
302.609
302.925
303.161
303.335
303.462
303.553
303.617
303.658
303.679
303.682
303.667
303.634
303.585
303.521
303.445
303.358
303.264
303.164
303.061
302.956
302.85
302.746
302.643
302.542
302.442
302.343
302.245
302.146
302.047
301.946
301.845
301.743
301.641
301.54
301.442
301.349
301.26
301.177
301.101
301.032
300.969
300.912
300.862
300.816
300.776
300.739
300.706
300.677
300.653
300.633
300.619
300.61
300.61
300.617
300.636
300.664
300.714
300.758
300.937
281.316
281.36
281.685
286.943
291.829
294.584
296.396
298.053
299.524
300.691
301.593
302.311
302.89
303.345
303.691
303.945
304.122
304.235
304.298
304.325
304.327
304.314
304.292
304.263
304.227
304.183
304.129
304.063
303.985
303.896
303.796
303.688
303.574
303.456
303.336
303.216
303.098
302.982
302.869
302.759
302.651
302.545
302.44
302.336
302.233
302.129
302.025
301.92
301.815
301.711
301.611
301.514
301.423
301.339
301.262
301.192
301.129
301.073
301.023
300.977
300.937
300.9
300.867
300.837
300.812
300.791
300.775
300.765
300.763
300.77
300.787
300.816
300.864
300.91
301.074
298.488
296.398
294.669
295.499
296.661
297.255
297.737
298.416
299.202
299.964
300.674
301.338
301.95
302.493
302.959
303.344
303.651
303.886
304.06
304.185
304.273
304.335
304.379
304.407
304.421
304.421
304.403
304.368
304.314
304.243
304.156
304.056
303.945
303.828
303.705
303.581
303.457
303.334
303.214
303.098
302.985
302.875
302.766
302.658
302.549
302.438
302.325
302.211
302.095
301.981
301.868
301.759
301.656
301.559
301.47
301.389
301.315
301.249
301.19
301.136
301.088
301.044
301.005
300.969
300.937
300.91
300.887
300.871
300.861
300.858
300.865
300.879
300.905
300.934
300.991
303.052
301.534
300.709
300.832
301.359
301.893
302.422
303.005
303.608
304.178
304.691
305.145
305.537
305.861
306.112
306.288
306.395
306.44
306.434
306.39
306.321
306.237
306.145
306.05
305.952
305.849
305.738
305.618
305.486
305.342
305.188
305.025
304.856
304.683
304.509
304.335
304.166
304.001
303.841
303.689
303.542
303.402
303.266
303.134
303.003
302.871
302.738
302.605
302.472
302.339
302.209
302.084
301.964
301.852
301.747
301.652
301.565
301.487
301.416
301.352
301.294
301.241
301.193
301.148
301.108
301.072
301.04
301.014
300.994
300.98
300.973
300.973
300.978
300.99
300.982
300.645
300.772
300.565
301.342
302.336
303.074
303.628
304.14
304.634
305.09
305.497
305.859
306.174
306.436
306.64
306.784
306.87
306.903
306.893
306.849
306.783
306.703
306.615
306.524
306.429
306.328
306.219
306.1
305.968
305.822
305.665
305.496
305.319
305.136
304.95
304.764
304.58
304.401
304.227
304.06
303.899
303.744
303.592
303.443
303.296
303.15
303.004
302.858
302.712
302.567
302.425
302.287
302.155
302.03
301.914
301.806
301.708
301.619
301.538
301.464
301.397
301.335
301.278
301.226
301.178
301.134
301.095
301.061
301.033
301.012
300.998
300.991
300.993
300.999
301.021
305.634
305.587
305.444
305.883
306.41
306.742
306.975
307.221
307.486
307.743
307.978
308.187
308.362
308.494
308.579
308.613
308.599
308.54
308.443
308.319
308.176
308.022
307.864
307.704
307.544
307.381
307.214
307.039
306.856
306.662
306.458
306.247
306.029
305.807
305.584
305.363
305.146
304.935
304.732
304.537
304.35
304.17
303.996
303.827
303.661
303.497
303.333
303.169
303.006
302.845
302.687
302.533
302.385
302.246
302.115
301.993
301.882
301.779
301.686
301.6
301.522
301.449
301.382
301.32
301.263
301.211
301.163
301.121
301.086
301.058
301.038
301.027
301.029
301.033
301.083
306.631
306.514
306.171
306.732
307.423
307.847
308.124
308.388
308.649
308.88
309.072
309.224
309.335
309.401
309.42
309.393
309.324
309.217
309.079
308.917
308.74
308.555
308.366
308.178
307.99
307.801
307.61
307.413
307.209
306.997
306.776
306.548
306.314
306.078
305.84
305.606
305.376
305.153
304.939
304.734
304.538
304.349
304.166
303.988
303.812
303.638
303.465
303.293
303.121
302.952
302.786
302.624
302.469
302.321
302.182
302.053
301.933
301.822
301.72
301.627
301.54
301.461
301.387
301.318
301.254
301.195
301.141
301.093
301.053
301.02
300.996
300.982
300.983
300.987
301.047
311.021
310.681
310.301
310.63
311.035
311.205
311.257
311.313
311.375
311.417
311.43
311.413
311.365
311.285
311.171
311.025
310.85
310.649
310.425
310.185
309.935
309.68
309.425
309.172
308.924
308.679
308.434
308.189
307.94
307.686
307.428
307.165
306.898
306.63
306.362
306.099
305.842
305.593
305.354
305.126
304.906
304.696
304.491
304.292
304.097
303.904
303.713
303.523
303.336
303.152
302.972
302.797
302.628
302.467
302.315
302.172
302.039
301.915
301.801
301.694
301.596
301.504
301.419
301.339
301.265
301.196
301.133
301.076
301.027
300.986
300.955
300.935
300.931
300.931
300.986
312.964
312.64
312.148
312.453
312.851
312.993
313.002
313.002
312.998
312.965
312.894
312.788
312.65
312.482
312.284
312.061
311.815
311.549
311.266
310.969
310.664
310.356
310.049
309.746
309.449
309.158
308.871
308.587
308.304
308.02
307.734
307.445
307.155
306.866
306.579
306.299
306.026
305.763
305.51
305.269
305.037
304.813
304.597
304.386
304.18
303.977
303.776
303.578
303.384
303.193
303.006
302.824
302.649
302.481
302.321
302.17
302.028
301.896
301.772
301.657
301.549
301.448
301.354
301.265
301.182
301.105
301.033
300.968
300.911
300.862
300.824
300.798
300.788
300.784
300.836
316.983
316.483
315.897
315.991
316.156
316.095
315.919
315.739
315.559
315.353
315.113
314.846
314.556
314.246
313.919
313.579
313.228
312.866
312.495
312.118
311.736
311.356
310.981
310.614
310.256
309.91
309.572
309.241
308.914
308.59
308.267
307.945
307.623
307.304
306.99
306.684
306.386
306.1
305.825
305.562
305.308
305.064
304.828
304.598
304.374
304.154
303.938
303.726
303.519
303.315
303.116
302.923
302.737
302.557
302.385
302.222
302.068
301.922
301.785
301.657
301.536
301.422
301.315
301.213
301.117
301.027
300.943
300.865
300.796
300.735
300.685
300.648
300.627
300.615
300.656
319.742
319.187
318.481
318.475
318.543
318.378
318.09
317.79
317.484
317.148
316.779
316.385
315.973
315.549
315.118
314.683
314.244
313.802
313.355
312.906
312.457
312.012
311.575
311.151
310.742
310.348
309.967
309.597
309.236
308.88
308.528
308.179
307.834
307.494
307.16
306.836
306.522
306.22
305.931
305.652
305.385
305.128
304.879
304.636
304.401
304.17
303.945
303.725
303.51
303.299
303.094
302.895
302.701
302.515
302.336
302.165
302.002
301.848
301.701
301.563
301.431
301.306
301.186
301.072
300.964
300.86
300.762
300.67
300.586
300.51
300.445
300.392
300.355
300.331
300.348
323.779
323.042
322.195
321.969
321.803
321.424
320.933
320.434
319.932
319.406
318.857
318.294
317.725
317.158
316.597
316.044
315.498
314.957
314.42
313.886
313.358
312.84
312.337
311.851
311.385
310.939
310.51
310.097
309.695
309.301
308.915
308.535
308.16
307.794
307.437
307.09
306.756
306.436
306.128
305.832
305.548
305.274
305.008
304.751
304.501
304.257
304.019
303.786
303.559
303.337
303.121
302.911
302.707
302.51
302.319
302.137
301.963
301.796
301.637
301.485
301.339
301.2
301.066
300.936
300.812
300.692
300.577
300.467
300.364
300.269
300.182
300.106
300.041
299.995
299.945
327.145
326.287
325.273
324.87
324.523
323.963
323.288
322.604
321.918
321.217
320.502
319.785
319.076
318.381
317.704
317.045
316.402
315.772
315.152
314.543
313.946
313.365
312.805
312.269
311.757
311.27
310.803
310.355
309.921
309.498
309.085
308.68
308.284
307.898
307.524
307.162
306.813
306.478
306.156
305.846
305.547
305.259
304.98
304.71
304.447
304.192
303.943
303.702
303.466
303.237
303.014
302.797
302.588
302.385
302.19
302.002
301.821
301.647
301.48
301.318
301.161
301.01
300.862
300.718
300.578
300.442
300.309
300.18
300.056
299.937
299.823
299.716
299.614
299.528
299.392
331.459
330.37
329.151
328.463
327.819
326.978
326.037
325.099
324.173
323.25
322.333
321.434
320.561
319.719
318.909
318.13
317.377
316.648
315.939
315.25
314.582
313.938
313.322
312.735
312.177
311.646
311.139
310.651
310.179
309.721
309.275
308.842
308.421
308.013
307.62
307.242
306.879
306.531
306.197
305.875
305.565
305.266
304.976
304.695
304.422
304.156
303.896
303.644
303.397
303.158
302.924
302.697
302.477
302.264
302.058
301.859
301.667
301.481
301.301
301.126
300.957
300.792
300.632
300.476
300.323
300.175
300.029
299.887
299.747
299.61
299.474
299.34
299.205
299.077
298.878
335.337
334.007
332.501
331.514
330.575
329.452
328.242
327.053
325.899
324.773
323.678
322.622
321.612
320.646
319.724
318.842
317.995
317.178
316.389
315.628
314.897
314.2
313.537
312.91
312.316
311.753
311.216
310.702
310.206
309.728
309.264
308.816
308.383
307.965
307.562
307.174
306.8
306.439
306.092
305.756
305.431
305.116
304.81
304.515
304.228
303.95
303.681
303.42
303.168
302.924
302.688
302.46
302.241
302.029
301.824
301.626
301.435
301.25
301.07
300.895
300.724
300.558
300.395
300.236
300.08
299.926
299.774
299.624
299.475
299.325
299.174
299.02
298.862
298.701
298.472
340.176
338.437
336.52
335.062
333.671
332.148
330.583
329.075
327.635
326.255
324.934
323.68
322.497
321.383
320.334
319.344
318.407
317.516
316.669
315.863
315.097
314.371
313.684
313.032
312.412
311.819
311.25
310.703
310.174
309.663
309.171
308.697
308.241
307.804
307.385
306.984
306.6
306.232
305.878
305.538
305.211
304.897
304.593
304.301
304.018
303.745
303.481
303.226
302.979
302.74
302.509
302.284
302.067
301.857
301.652
301.454
301.26
301.073
300.89
300.711
300.537
300.368
300.201
300.039
299.879
299.721
299.566
299.411
299.257
299.101
298.944
298.783
298.615
298.44
298.212
344.455
342.299
339.867
337.891
336
334.016
332.054
330.221
328.528
326.956
325.492
324.13
322.861
321.672
320.554
319.497
318.494
317.54
316.633
315.773
314.959
314.19
313.464
312.777
312.127
311.51
310.924
310.366
309.834
309.327
308.843
308.382
307.942
307.521
307.117
306.731
306.359
306.001
305.657
305.324
305.003
304.693
304.393
304.103
303.823
303.552
303.289
303.035
302.79
302.552
302.321
302.098
301.881
301.671
301.467
301.269
301.076
300.889
300.707
300.529
300.356
300.187
300.022
299.86
299.701
299.545
299.39
299.237
299.084
298.931
298.777
298.619
298.457
298.284
298.081
349.617
346.285
342.872
340.131
337.676
335.281
333.008
330.917
328.993
327.213
325.566
324.044
322.638
321.336
320.13
319.011
317.97
317.002
316.101
315.261
314.476
313.741
313.049
312.396
311.777
311.188
310.626
310.089
309.575
309.084
308.613
308.161
307.727
307.311
306.911
306.525
306.155
305.798
305.453
305.122
304.802
304.493
304.195
303.908
303.63
303.362
303.103
302.852
302.609
302.374
302.146
301.925
301.71
301.502
301.3
301.104
300.913
300.727
300.546
300.37
300.198
300.031
299.867
299.707
299.551
299.397
299.246
299.097
298.95
298.804
298.658
298.512
298.364
298.206
298.04
354.342
349.804
345.386
341.724
338.397
335.305
332.538
330.116
327.993
326.124
324.469
322.993
321.666
320.46
319.354
318.333
317.382
316.492
315.656
314.867
314.121
313.413
312.74
312.099
311.488
310.905
310.348
309.816
309.308
308.821
308.355
307.908
307.48
307.069
306.674
306.295
305.93
305.578
305.24
304.913
304.599
304.295
304.002
303.719
303.445
303.181
302.925
302.677
302.437
302.205
301.98
301.761
301.55
301.344
301.144
300.951
300.762
300.579
300.401
300.227
300.058
299.893
299.732
299.575
299.422
299.272
299.125
298.981
298.84
298.701
298.566
298.433
298.301
298.164
298.041
359.427
351.063
344.71
339.924
336.129
333.029
330.467
328.316
326.474
324.862
323.425
322.123
320.927
319.819
318.784
317.814
316.901
316.039
315.224
314.453
313.722
313.028
312.368
311.74
311.142
310.572
310.027
309.508
309.01
308.534
308.078
307.641
307.22
306.817
306.429
306.056
305.697
305.352
305.019
304.698
304.388
304.089
303.801
303.522
303.253
302.993
302.741
302.497
302.261
302.032
301.811
301.596
301.388
301.186
300.989
300.799
300.613
300.433
300.258
300.087
299.921
299.759
299.601
299.447
299.297
299.15
299.007
298.868
298.732
298.601
298.474
298.353
298.237
298.123
298.039
124.276
127.406
132.966
137.492
141.415
145.335
149.259
153.093
156.825
160.476
164.05
167.55
170.977
174.334
177.622
180.846
184.008
187.128
190.195
193.199
196.138
199.01
201.811
204.54
207.193
209.771
212.27
214.692
217.036
219.301
221.488
223.601
225.654
227.663
229.658
231.615
233.514
235.341
237.095
238.781
240.396
241.944
243.424
244.838
246.187
247.474
248.71
249.918
251.083
252.234
253.374
254.466
255.49
256.45
257.352
258.2
258.994
259.744
260.481
261.183
261.815
262.441
263.066
263.642
264.155
264.634
265.174
265.564
265.769
266.105
281.467
283.257
283.26
282.658
282.234
281.916
281.569
281.194
280.811
280.427
280.039
279.649
279.257
278.867
278.477
278.091
277.705
277.316
276.92
276.522
276.122
275.726
275.331
274.943
274.56
274.189
273.826
273.478
273.143
272.828
272.529
272.256
272.013
271.694
271.296
270.925
270.582
270.259
269.952
269.671
269.411
269.182
268.979
268.809
268.669
268.568
268.514
268.494
268.275
267.926
267.67
267.489
267.344
267.24
267.181
267.174
267.216
267.32
267.535
267.677
267.455
267.157
267.075
267.132
267.276
267.548
268.133
268.131
267.834
267.802
208.602
210.389
211.668
212.704
213.782
214.902
216.023
217.145
218.272
219.408
220.553
221.71
222.878
224.06
225.257
226.47
227.7
228.948
230.21
231.484
232.768
234.061
235.361
236.667
237.975
239.288
240.602
241.917
243.23
244.543
245.852
247.16
248.449
249.774
251.125
252.454
253.779
255.107
256.429
257.747
259.057
260.361
261.656
262.943
264.219
265.488
266.741
267.975
269.263
270.582
271.85
273.11
274.361
275.601
276.824
278.035
279.231
280.418
281.577
282.731
283.953
285.172
286.325
287.465
288.596
289.725
290.791
291.945
293.236
294.197
280.203
280.636
280.89
281.09
281.311
281.548
281.786
282.026
282.268
282.514
282.759
283.008
283.256
283.506
283.755
284.005
284.253
284.498
284.74
284.982
285.224
285.468
285.714
285.964
286.219
286.48
286.747
287.022
287.304
287.597
287.899
288.214
288.532
288.839
289.123
289.397
289.681
289.976
290.28
290.596
290.922
291.261
291.614
291.981
292.363
292.764
293.179
293.59
293.984
294.332
294.662
295.018
295.397
295.798
296.219
296.664
297.133
297.631
298.138
298.637
299.108
299.508
299.905
300.361
300.876
301.449
301.99
302.619
303.225
303.708
241.446
242.254
243.145
243.971
244.775
245.586
246.398
247.21
248.019
248.829
249.638
250.448
251.257
252.067
252.876
253.686
254.495
255.307
256.115
256.925
257.732
258.54
259.348
260.156
260.964
261.772
262.581
263.39
264.2
265.01
265.822
266.636
267.443
268.258
269.069
269.869
270.673
271.48
272.287
273.096
273.905
274.716
275.528
276.342
277.158
277.977
278.797
279.608
280.433
281.246
282.04
282.844
283.653
284.466
285.281
286.1
286.924
287.756
288.582
289.405
290.249
291.062
291.854
292.667
293.499
294.349
295.148
296.062
296.993
297.751
275.087
275.51
275.973
276.407
276.83
277.256
277.683
278.111
278.536
278.962
279.385
279.809
280.23
280.652
281.071
281.491
281.907
282.322
282.733
283.142
283.55
283.957
284.364
284.772
285.18
285.59
286.002
286.417
286.835
287.257
287.682
288.114
288.547
288.968
289.369
289.763
290.162
290.565
290.972
291.383
291.798
292.219
292.646
293.08
293.521
293.972
294.433
294.89
295.316
295.703
296.081
296.477
296.885
297.304
297.735
298.18
298.639
299.119
299.612
300.086
300.5
300.859
301.23
301.648
302.108
302.617
303.133
303.625
304.077
304.443
258.37
258.956
259.681
260.362
261.016
261.673
262.332
262.992
263.65
264.309
264.967
265.626
266.284
266.944
267.602
268.264
268.924
269.587
270.248
270.91
271.572
272.235
272.897
273.562
274.225
274.891
275.556
276.223
276.89
277.559
278.228
278.901
279.569
280.239
280.9
281.554
282.211
282.87
283.53
284.192
284.854
285.518
286.184
286.853
287.524
288.199
288.877
289.548
290.216
290.867
291.507
292.155
292.81
293.468
294.13
294.797
295.47
296.152
296.835
297.509
298.171
298.803
299.429
300.078
300.748
301.442
302.116
302.826
303.538
304.115
276.139
276.541
277.054
277.543
278.011
278.483
278.958
279.435
279.911
280.389
280.866
281.346
281.825
282.306
282.787
283.27
283.751
284.233
284.713
285.193
285.671
286.15
286.629
287.108
287.588
288.069
288.551
289.036
289.521
290.01
290.501
290.997
291.492
291.979
292.453
292.92
293.391
293.866
294.341
294.82
295.301
295.787
296.276
296.77
297.268
297.773
298.285
298.792
299.28
299.74
300.193
300.658
301.131
301.612
302.101
302.6
303.108
303.631
304.162
304.679
305.157
305.596
306.04
306.518
307.027
307.571
308.113
308.65
309.168
309.58
270.326
270.795
271.424
272.02
272.588
273.159
273.734
274.313
274.89
275.471
276.051
276.633
277.216
277.801
278.387
278.976
279.566
280.157
280.747
281.338
281.929
282.52
283.111
283.704
284.295
284.888
285.481
286.076
286.67
287.267
287.864
288.464
289.061
289.657
290.244
290.825
291.408
291.994
292.58
293.167
293.756
294.348
294.94
295.537
296.135
296.737
297.343
297.943
298.537
299.113
299.68
300.255
300.836
301.422
302.011
302.607
303.209
303.82
304.433
305.036
305.623
306.182
306.739
307.318
307.918
308.541
309.151
309.784
310.415
310.919
281.031
281.41
281.938
282.444
282.926
283.413
283.903
284.398
284.892
285.388
285.884
286.383
286.882
287.384
287.885
288.389
288.892
289.395
289.897
290.398
290.898
291.399
291.899
292.4
292.901
293.403
293.906
294.41
294.914
295.421
295.93
296.442
296.952
297.458
297.953
298.442
298.933
299.428
299.923
300.42
300.919
301.421
301.925
302.433
302.945
303.461
303.982
304.499
305.002
305.485
305.959
306.443
306.934
307.431
307.933
308.443
308.961
309.49
310.023
310.545
311.04
311.504
311.971
312.463
312.981
313.524
314.063
314.605
315.139
315.556
280.672
281.07
281.638
282.181
282.698
283.221
283.75
284.284
284.818
285.356
285.895
286.438
286.983
287.532
288.081
288.634
289.187
289.741
290.294
290.846
291.397
291.949
292.498
293.048
293.597
294.146
294.695
295.245
295.795
296.346
296.898
297.452
298.004
298.553
299.095
299.63
300.168
300.707
301.247
301.788
302.33
302.875
303.421
303.969
304.52
305.074
305.631
306.183
306.728
307.257
307.778
308.306
308.84
309.378
309.919
310.466
311.019
311.58
312.142
312.696
313.234
313.747
314.258
314.789
315.339
315.909
316.468
317.044
317.622
318.078
288.549
288.911
289.445
289.963
290.457
290.957
291.46
291.968
292.473
292.981
293.488
293.998
294.507
295.018
295.527
296.037
296.543
297.049
297.55
298.05
298.547
299.042
299.535
300.029
300.52
301.013
301.504
301.997
302.49
302.983
303.478
303.976
304.471
304.962
305.446
305.925
306.405
306.887
307.37
307.854
308.34
308.828
309.318
309.81
310.306
310.805
311.308
311.805
312.295
312.769
313.236
313.709
314.189
314.673
315.162
315.656
316.157
316.665
317.177
317.68
318.164
318.625
319.085
319.566
320.066
320.585
321.096
321.618
322.14
322.541
291.15
291.546
292.136
292.71
293.256
293.808
294.357
294.908
295.452
295.996
296.533
297.07
297.601
298.131
298.656
299.177
299.694
300.207
300.716
301.222
301.725
302.227
302.727
303.226
303.724
304.221
304.719
305.216
305.714
306.212
306.711
307.211
307.709
308.204
308.695
309.179
309.665
310.151
310.639
311.127
311.617
312.107
312.6
313.094
313.591
314.09
314.592
315.089
315.581
316.061
316.534
317.012
317.496
317.982
318.473
318.967
319.467
319.974
320.482
320.982
321.471
321.941
322.409
322.893
323.393
323.908
324.415
324.938
325.469
325.875
298.148
298.532
299.123
299.702
300.249
300.794
301.331
301.862
302.382
302.896
303.4
303.901
304.393
304.881
305.363
305.843
306.318
306.791
307.261
307.729
308.195
308.66
309.124
309.588
310.051
310.513
310.976
311.438
311.901
312.365
312.829
313.295
313.758
314.219
314.676
315.127
315.579
316.033
316.487
316.942
317.398
317.855
318.314
318.775
319.238
319.703
320.171
320.633
321.091
321.538
321.979
322.424
322.873
323.325
323.781
324.24
324.704
325.174
325.645
326.107
326.56
326.995
327.428
327.874
328.335
328.81
329.273
329.752
330.236
330.592
301.815
302.168
302.737
303.291
303.81
304.325
304.834
305.34
305.839
306.335
306.827
307.318
307.806
308.293
308.779
309.265
309.749
310.232
310.714
311.195
311.675
312.154
312.632
313.11
313.586
314.063
314.539
315.015
315.491
315.967
316.443
316.92
317.394
317.866
318.336
318.799
319.263
319.728
320.193
320.658
321.124
321.59
322.057
322.526
322.996
323.467
323.94
324.408
324.873
325.331
325.78
326.233
326.689
327.147
327.608
328.072
328.539
329.012
329.483
329.948
330.407
330.854
331.295
331.747
332.212
332.687
333.153
333.635
334.128
334.49
308.644
308.941
309.441
309.926
310.381
310.836
311.294
311.755
312.215
312.678
313.141
313.606
314.072
314.539
315.005
315.473
315.939
316.406
316.872
317.337
317.801
318.265
318.727
319.19
319.651
320.112
320.572
321.033
321.492
321.952
322.412
322.872
323.329
323.785
324.238
324.686
325.134
325.582
326.03
326.478
326.926
327.375
327.824
328.274
328.725
329.178
329.63
330.079
330.524
330.965
331.398
331.833
332.27
332.71
333.152
333.597
334.044
334.496
334.946
335.39
335.83
336.259
336.682
337.114
337.557
338.011
338.452
338.914
339.39
339.723
312.645
312.94
313.444
313.929
314.387
314.847
315.311
315.778
316.246
316.714
317.183
317.652
318.121
318.591
319.059
319.528
319.996
320.465
320.931
321.398
321.863
322.329
322.793
323.257
323.72
324.183
324.645
325.108
325.57
326.033
326.495
326.958
327.417
327.877
328.336
328.79
329.242
329.696
330.149
330.603
331.057
331.512
331.966
332.422
332.878
333.336
333.794
334.247
334.7
335.151
335.592
336.036
336.481
336.929
337.377
337.829
338.282
338.739
339.194
339.643
340.092
340.535
340.968
341.409
341.858
342.314
342.759
343.225
343.711
344.05
321.073
321.358
321.845
322.316
322.76
323.205
323.651
324.098
324.543
324.988
325.431
325.875
326.317
326.759
327.2
327.64
328.079
328.518
328.956
329.393
329.828
330.263
330.697
331.13
331.562
331.994
332.424
332.855
333.284
333.714
334.142
334.572
334.997
335.422
335.847
336.267
336.686
337.106
337.524
337.943
338.36
338.778
339.195
339.613
340.03
340.448
340.866
341.278
341.689
342.1
342.502
342.905
343.309
343.714
344.119
344.525
344.932
345.342
345.748
346.148
346.546
346.941
347.328
347.719
348.117
348.521
348.914
349.319
349.755
350.029
324.832
324.933
325.335
325.743
326.116
326.485
326.854
327.225
327.594
327.964
328.333
328.703
329.073
329.444
329.816
330.19
330.563
330.94
331.317
331.697
332.078
332.461
332.846
333.234
333.626
334.021
334.42
334.823
335.23
335.641
336.056
336.476
336.894
337.32
337.753
338.184
338.616
339.054
339.496
339.943
340.394
340.849
341.309
341.774
342.243
342.718
343.194
343.664
344.149
344.645
345.128
345.613
346.104
346.602
347.103
347.612
348.126
348.648
349.16
349.667
350.209
350.758
351.281
351.813
352.36
352.914
353.429
354.049
354.719
355.088
336.071
335.852
335.752
335.725
335.728
335.755
335.81
335.892
335.998
336.129
336.281
336.456
336.652
336.868
337.103
337.353
337.616
337.902
338.21
338.533
338.87
339.222
339.587
339.965
340.355
340.757
341.169
341.592
342.025
342.47
342.929
343.38
343.736
344.211
344.805
345.308
345.796
346.297
346.807
347.324
347.845
348.373
348.906
349.445
349.995
350.554
351.047
351.38
351.989
352.789
353.372
353.922
354.488
355.064
355.644
356.232
356.838
357.436
357.817
358.104
358.95
359.947
360.579
361.184
361.842
362.395
362.365
363.513
364.873
364.659
45.5086
40.6259
38.2735
34.2429
29.4866
24.918
20.9118
17.8069
16.1909
17.4418
16.9607
9.19184
7.9618
8.58904
8.57215
8.33787
8.26829
8.34101
8.5015
8.75156
9.10003
9.55029
10.1024
10.7584
11.5192
12.3871
13.3638
14.4407
15.5565
16.8436
19.043
17.5857
16.9981
18.2388
19.5983
20.7539
21.9189
23.1571
24.4437
25.7662
27.1273
28.5279
29.968
31.4461
32.9625
34.5159
36.1066
37.7332
39.3961
41.0941
42.8172
44.5528
46.3018
48.0652
49.8444
51.6384
53.4484
55.2752
57.1193
58.9407
60.6111
63.0682
64.3182
65.6308
67.4032
69.2229
70.9887
72.7494
74.5248
76.3065
78.0912
79.8766
81.6639
83.4504
85.2366
87.0201
88.8014
90.5783
92.3514
94.1185
95.8803
97.6345
99.3822
101.122
102.854
104.576
106.291
107.996
109.692
111.377
113.052
114.717
116.371
118.014
119.646
121.267
122.858
124.415
126.283
130.19
319.47
320.459
321.037
321.748
322.519
323.226
323.802
324.185
324.396
324.539
324.322
324.086
324.167
324.24
324.21
324.101
323.93
323.698
323.402
323.044
322.626
322.149
321.615
321.025
320.38
319.685
318.938
318.14
317.297
316.518
315.692
314.87
314.261
313.734
313.165
312.552
311.912
311.25
310.565
309.858
309.131
308.385
307.622
306.843
306.049
305.242
304.422
303.593
302.753
301.906
301.061
300.232
299.418
298.62
297.838
297.072
296.322
295.59
294.875
294.179
293.555
292.897
292.17
291.585
291.098
290.621
290.146
289.687
289.247
288.824
288.418
288.029
287.658
287.306
286.972
286.657
286.361
286.084
285.827
285.589
285.371
285.168
284.973
284.786
284.606
284.43
284.259
284.089
283.921
283.752
283.581
283.406
283.228
283.044
282.853
282.655
282.449
282.241
282.036
281.33
178.572
177.74
177.035
176.272
175.505
174.792
174.156
173.616
173.193
172.879
172.596
172.322
172.04
171.801
171.611
171.463
171.353
171.283
171.25
171.255
171.297
171.374
171.486
171.632
171.81
172.021
172.261
172.532
172.83
173.162
173.473
173.773
174.071
174.389
174.733
175.1
175.487
175.895
176.321
176.766
177.228
177.707
178.202
178.712
179.236
179.773
180.324
180.886
181.459
182.043
182.635
183.237
183.846
184.461
185.081
185.705
186.332
186.961
187.591
188.22
188.854
189.467
190.075
190.69
191.305
191.915
192.52
193.119
193.711
194.294
194.869
195.433
195.985
196.525
197.052
197.565
198.063
198.544
199.009
199.455
199.884
200.298
200.703
201.1
201.495
201.892
202.289
202.688
203.09
203.495
203.904
204.317
204.735
205.16
205.59
206.027
206.473
206.929
207.386
207.364
253.69
254.187
254.636
255.119
255.613
256.093
256.547
256.968
257.343
257.679
258.011
258.368
258.735
259.086
259.42
259.742
260.051
260.349
260.634
260.907
261.167
261.417
261.654
261.88
262.094
262.298
262.491
262.674
262.846
263.01
263.186
263.386
263.603
263.816
264.019
264.217
264.41
264.6
264.785
264.966
265.143
265.318
265.49
265.659
265.826
265.992
266.155
266.318
266.479
266.641
266.802
266.964
267.125
267.289
267.453
267.619
267.786
267.956
268.128
268.303
268.481
268.67
268.867
269.077
269.292
269.51
269.731
269.957
270.188
270.424
270.665
270.913
271.166
271.426
271.692
271.966
272.246
272.535
272.831
273.136
273.45
273.772
274.105
274.448
274.795
275.145
275.497
275.848
276.198
276.545
276.89
277.232
277.571
277.907
278.24
278.57
278.896
279.219
279.54
279.812
209.721
209.478
209.277
209.061
208.85
208.662
208.502
208.376
208.287
208.236
208.197
208.166
208.145
208.144
208.163
208.202
208.259
208.334
208.427
208.539
208.667
208.814
208.976
209.157
209.352
209.564
209.792
210.035
210.293
210.566
210.841
211.118
211.4
211.694
212
212.318
212.647
212.988
213.338
213.698
214.068
214.447
214.834
215.231
215.634
216.047
216.465
216.891
217.323
217.762
218.205
218.655
219.109
219.568
220.031
220.498
220.968
221.442
221.918
222.396
222.877
223.355
223.835
224.317
224.798
225.281
225.762
226.245
226.725
227.206
227.684
228.162
228.637
229.11
229.58
230.048
230.511
230.972
231.429
231.882
232.33
232.775
233.213
233.648
234.076
234.498
234.915
235.337
235.762
236.194
236.628
237.069
237.515
237.969
238.428
238.895
239.369
239.851
240.345
240.729
228.886
229.281
229.665
230.063
230.472
230.886
231.302
231.72
232.135
232.549
232.967
233.39
233.82
234.254
234.69
235.131
235.575
236.022
236.472
236.926
237.381
237.84
238.301
238.765
239.23
239.698
240.167
240.639
241.111
241.585
242.064
242.55
243.042
243.537
244.032
244.529
245.028
245.529
246.031
246.535
247.04
247.547
248.054
248.562
249.071
249.581
250.091
250.602
251.112
251.623
252.134
252.645
253.154
253.665
254.174
254.683
255.19
255.697
256.202
256.707
257.209
257.712
258.214
258.718
259.219
259.718
260.215
260.711
261.205
261.697
262.186
262.674
263.159
263.643
264.123
264.602
265.078
265.552
266.024
266.493
266.96
267.425
267.886
268.347
268.804
269.26
269.711
270.156
270.59
271.015
271.43
271.835
272.23
272.614
272.986
273.347
273.695
274.031
274.356
274.628
213.713
213.809
213.927
214.041
214.162
214.301
214.457
214.633
214.83
215.049
215.276
215.509
215.751
216.009
216.281
216.567
216.867
217.18
217.506
217.845
218.196
218.561
218.937
219.326
219.725
220.137
220.56
220.994
221.438
221.893
222.351
222.813
223.279
223.755
224.239
224.731
225.23
225.737
226.25
226.771
227.296
227.828
228.364
228.907
229.452
230.004
230.558
231.116
231.677
232.241
232.807
233.375
233.945
234.517
235.088
235.661
236.234
236.807
237.379
237.951
238.521
239.088
239.652
240.215
240.775
241.333
241.888
242.44
242.988
243.533
244.074
244.611
245.143
245.672
246.195
246.714
247.227
247.735
248.237
248.735
249.225
249.711
250.189
250.662
251.128
251.588
252.042
252.495
252.945
253.394
253.842
254.289
254.734
255.18
255.624
256.07
256.516
256.961
257.413
257.792
215.685
216.078
216.475
216.882
217.301
217.735
218.181
218.641
219.115
219.601
220.095
220.594
221.103
221.627
222.161
222.708
223.265
223.834
224.413
225.004
225.603
226.214
226.834
227.464
228.102
228.75
229.405
230.07
230.741
231.42
232.105
232.794
233.489
234.192
234.9
235.614
236.333
237.057
237.785
238.518
239.254
239.993
240.735
241.48
242.225
242.973
243.721
244.471
245.22
245.97
246.718
247.465
248.211
248.955
249.697
250.436
251.172
251.905
252.633
253.359
254.079
254.794
255.502
256.207
256.906
257.599
258.285
258.966
259.639
260.305
260.964
261.615
262.258
262.894
263.521
264.14
264.75
265.352
265.943
266.526
267.099
267.663
268.217
268.761
269.295
269.819
270.33
270.828
271.312
271.783
272.24
272.683
273.111
273.525
273.925
274.31
274.68
275.034
275.38
275.66
208.225
208.536
208.864
209.195
209.539
209.902
210.283
210.683
211.103
211.543
211.995
212.452
212.922
213.41
213.914
214.434
214.968
215.518
216.083
216.663
217.256
217.864
218.486
219.121
219.769
220.43
221.103
221.789
222.485
223.193
223.908
224.627
225.352
226.088
226.832
227.586
228.345
229.114
229.887
230.668
231.452
232.243
233.036
233.834
234.634
235.437
236.24
237.046
237.851
238.657
239.461
240.264
241.065
241.864
242.658
243.45
244.237
245.02
245.796
246.568
247.334
248.091
248.841
249.584
250.319
251.046
251.765
252.476
253.177
253.87
254.552
255.225
255.888
256.541
257.182
257.814
258.434
259.044
259.642
260.229
260.805
261.369
261.921
262.462
262.991
263.511
264.021
264.522
265.014
265.498
265.972
266.437
266.894
267.342
267.782
268.214
268.639
269.053
269.469
269.816
204.748
205.19
205.644
206.109
206.591
207.094
207.617
208.162
208.727
209.314
209.915
210.524
211.15
211.796
212.46
213.144
213.844
214.564
215.3
216.055
216.826
217.615
218.419
219.24
220.076
220.928
221.793
222.673
223.566
224.472
225.388
226.31
227.241
228.184
229.137
230.1
231.071
232.051
233.037
234.032
235.03
236.035
237.043
238.055
239.069
240.085
241.101
242.119
243.134
244.15
245.162
246.172
247.177
248.179
249.175
250.166
251.149
252.126
253.093
254.053
255.002
255.94
256.866
257.783
258.687
259.581
260.463
261.333
262.189
263.033
263.863
264.68
265.481
266.268
267.039
267.795
268.535
269.26
269.968
270.66
271.335
271.994
272.634
273.257
273.861
274.447
275.012
275.559
276.086
276.594
277.082
277.551
278
278.43
278.839
279.229
279.601
279.951
280.293
280.561
198.613
199.045
199.496
199.957
200.437
200.941
201.469
202.021
202.599
203.203
203.825
204.458
205.11
205.788
206.486
207.208
207.95
208.715
209.501
210.31
211.139
211.991
212.862
213.755
214.666
215.598
216.548
217.518
218.504
219.508
220.524
221.549
222.585
223.637
224.701
225.778
226.865
227.963
229.069
230.184
231.304
232.432
233.563
234.699
235.836
236.975
238.113
239.251
240.385
241.516
242.642
243.763
244.876
245.984
247.082
248.174
249.254
250.326
251.386
252.436
253.471
254.493
255.498
256.489
257.463
258.423
259.365
260.292
261.202
262.097
262.973
263.833
264.674
265.498
266.302
267.089
267.855
268.602
269.329
270.038
270.726
271.397
272.047
272.68
273.294
273.89
274.466
275.025
275.563
276.084
276.585
277.067
277.531
277.977
278.403
278.811
279.201
279.571
279.933
280.219
193.103
193.568
194.054
194.555
195.079
195.63
196.208
196.816
197.454
198.122
198.813
199.522
200.257
201.022
201.815
202.636
203.485
204.362
205.267
206.201
207.162
208.153
209.169
210.214
211.285
212.383
213.505
214.654
215.826
217.021
218.236
219.465
220.71
221.976
223.259
224.559
225.872
227.199
228.536
229.885
231.24
232.604
233.972
235.345
236.721
238.099
239.476
240.853
242.226
243.596
244.957
246.311
247.654
248.988
250.307
251.614
252.907
254.186
255.45
256.7
257.933
259.15
260.347
261.527
262.687
263.827
264.944
266.041
267.115
268.167
269.196
270.204
271.188
272.151
273.09
274.007
274.898
275.765
276.606
277.422
278.212
278.976
279.713
280.424
281.108
281.767
282.397
283.002
283.579
284.129
284.652
285.147
285.615
286.055
286.468
286.855
287.216
287.548
287.866
288.101
186.524
187.014
187.519
188.038
188.578
189.144
189.736
190.356
191.007
191.689
192.396
193.122
193.876
194.664
195.483
196.335
197.218
198.137
199.088
200.075
201.096
202.154
203.246
204.375
205.538
206.739
207.974
209.245
210.55
211.89
213.258
214.652
216.071
217.522
218.998
220.5
222.022
223.564
225.121
226.692
228.271
229.858
231.446
233.036
234.623
236.209
237.789
239.364
240.931
242.492
244.042
245.582
247.106
248.617
250.108
251.579
253.028
254.455
255.858
257.239
258.595
259.929
261.239
262.528
263.794
265.037
266.255
267.447
268.612
269.75
270.858
271.94
272.992
274.018
275.017
275.989
276.933
277.852
278.742
279.605
280.439
281.245
282.022
282.77
283.488
284.179
284.839
285.471
286.073
286.647
287.19
287.704
288.187
288.64
289.063
289.457
289.822
290.156
290.472
290.698
178.996
179.498
180.021
180.559
181.123
181.718
182.343
183.002
183.696
184.426
185.187
185.973
186.793
187.651
188.548
189.484
190.458
191.474
192.529
193.627
194.767
195.949
197.174
198.442
199.753
201.108
202.505
203.946
205.428
206.953
208.515
210.111
211.742
213.413
215.119
216.863
218.638
220.446
222.281
224.144
226.025
227.925
229.833
231.748
233.658
235.563
237.456
239.336
241.198
243.045
244.874
246.688
248.482
250.26
252.015
253.748
255.453
257.13
258.774
260.385
261.961
263.501
265.006
266.481
267.925
269.34
270.726
272.084
273.411
274.707
275.969
277.198
278.392
279.553
280.679
281.772
282.832
283.86
284.855
285.818
286.747
287.642
288.502
289.328
290.117
290.872
291.591
292.275
292.922
293.536
294.112
294.655
295.16
295.632
296.067
296.468
296.834
297.165
297.475
297.685
172.796
172.973
173.208
173.485
173.802
174.164
174.571
175.026
175.528
176.079
176.676
177.315
178.003
178.745
179.54
180.392
181.302
182.272
183.304
184.402
185.565
186.797
188.098
189.472
190.918
192.439
194.034
195.705
197.449
199.266
201.15
203.093
205.094
207.154
209.262
211.416
213.603
215.819
218.054
220.305
222.563
224.828
227.092
229.357
231.611
233.852
236.067
238.253
240.401
242.512
244.58
246.612
248.605
250.567
252.498
254.401
256.275
258.122
259.935
261.714
263.454
265.152
266.806
268.419
269.989
271.521
273.015
274.475
275.902
277.296
278.657
279.984
281.275
282.529
283.744
284.922
286.061
287.165
288.231
289.262
290.257
291.216
292.138
293.023
293.869
294.675
295.441
296.167
296.851
297.494
298.094
298.652
299.166
299.637
300.062
300.442
300.777
301.063
301.313
301.449
168.255
168.568
168.876
169.219
169.585
169.964
170.361
170.778
171.22
171.687
172.177
172.685
173.222
173.792
174.397
175.041
175.725
176.455
177.234
178.066
178.954
179.904
180.92
182.008
183.172
184.421
185.76
187.197
188.737
190.392
192.163
194.058
196.08
198.244
200.545
202.989
205.562
208.259
211.057
213.937
216.859
219.796
222.718
225.619
228.491
231.339
234.15
236.918
239.627
242.269
244.832
247.314
249.709
252.025
254.264
256.437
258.551
260.616
262.635
264.612
266.547
268.438
270.28
272.073
273.813
275.501
277.139
278.731
280.281
281.794
283.27
284.711
286.118
287.488
288.821
290.113
291.365
292.576
293.746
294.877
295.968
297.021
298.036
299.011
299.946
300.839
301.69
302.496
303.258
303.974
304.642
305.264
305.836
306.358
306.828
307.246
307.609
307.913
308.172
308.309
147.975
149.055
149.997
150.844
151.661
152.473
153.283
154.101
154.938
155.802
156.69
157.602
158.55
159.542
160.582
161.672
162.82
164.027
165.3
166.641
168.056
169.548
171.122
172.78
174.526
176.362
178.291
180.314
182.429
184.639
186.935
189.312
191.767
194.308
196.924
199.619
202.376
205.205
208.088
211.044
214.074
217.171
220.283
223.366
226.392
229.376
232.332
235.277
238.203
241.105
243.963
246.761
249.477
252.103
254.63
257.062
259.401
261.659
263.851
265.988
268.076
270.117
272.11
274.054
275.944
277.776
279.55
281.266
282.927
284.54
286.107
287.635
289.125
290.579
291.996
293.374
294.712
296.007
297.26
298.471
299.641
300.769
301.858
302.906
303.913
304.877
305.797
306.67
307.495
308.268
308.987
309.651
310.255
310.796
311.271
311.674
312.001
312.243
312.407
312.418
136.748
135.823
135.16
134.494
133.856
133.293
132.8
132.365
131.979
131.644
131.368
131.155
131
130.903
130.869
130.903
131.009
131.196
131.471
131.845
132.33
132.94
133.691
134.602
135.697
137
138.542
140.355
142.479
144.957
147.835
151.169
155.006
159.412
164.429
170.109
176.456
183.474
190.797
197.983
204.584
210.481
215.772
220.629
225.119
229.241
233.013
236.515
239.831
243.019
246.105
249.105
252.01
254.809
257.491
260.057
262.516
264.877
267.153
269.356
271.499
273.592
275.64
277.646
279.609
281.524
283.389
285.202
286.961
288.67
290.332
291.951
293.531
295.076
296.587
298.062
299.502
300.903
302.265
303.587
304.871
306.115
307.322
308.492
309.625
310.72
311.777
312.793
313.767
314.697
315.58
316.413
317.194
317.919
318.583
319.181
319.707
320.15
320.513
320.717
208.697
207.707
206.775
206.079
205.456
204.827
204.197
203.575
202.951
202.317
201.67
201.004
200.315
199.606
198.87
198.109
197.319
196.501
195.65
194.768
193.85
192.896
191.902
190.864
189.78
188.644
187.452
186.195
184.868
183.462
181.972
180.39
178.718
176.989
175.266
173.701
172.604
172.831
176.145
182.646
190.925
199.266
206.34
212.433
218.124
223.521
228.485
232.982
237.104
240.96
244.601
248.051
251.335
254.478
257.493
260.378
263.132
265.756
268.258
270.648
272.942
275.152
277.292
279.371
281.396
283.369
285.292
287.161
288.978
290.741
292.453
294.118
295.739
297.321
298.866
300.378
301.856
303.299
304.708
306.082
307.42
308.722
309.991
311.227
312.43
313.602
314.74
315.845
316.915
317.947
318.94
319.891
320.797
321.653
322.455
323.196
323.868
324.46
324.946
325.177
140.21
140.863
141.134
141.462
141.775
142.005
142.172
142.303
142.403
142.475
142.51
142.526
142.511
142.471
142.403
142.311
142.191
142.048
141.879
141.689
141.479
141.258
141.029
140.812
140.619
140.48
140.431
140.524
140.834
141.459
142.534
144.253
146.867
150.714
156.235
163.986
174.232
187.134
195.825
204.972
209.187
212.496
216.969
222.271
227.38
232.023
236.379
240.529
244.38
247.882
251.088
254.102
257.001
259.823
262.578
265.266
267.883
270.42
272.872
275.238
277.523
279.735
281.886
283.985
286.04
288.052
290.024
291.953
293.837
295.674
297.463
299.206
300.905
302.563
304.185
305.772
307.326
308.847
310.335
311.79
313.212
314.601
315.961
317.292
318.597
319.877
321.135
322.372
323.588
324.784
325.963
327.125
328.27
329.4
330.517
331.618
332.705
333.767
334.778
335.823
)
;

boundaryField
{
    airfoil
    {
        type            zeroGradient;
    }
    farBoundaries
    {
        type            zeroGradient;
    }
    inlet
    {
        type            freestream;
        freestreamValue uniform 15;
        value           nonuniform List<scalar> 
200
(
15
15
15
15
15
15
15
15
15
15
15
15
15
15
15
15
15
15
15
15
15
15
15
15
15
15
15
15
15
15
15
15
15
15
15
15
15
93.906
93.377
188.811
209.032
212.493
216.969
222.271
227.38
232.023
236.379
240.529
244.38
247.882
251.088
254.102
257.001
259.823
262.578
265.266
267.883
270.42
272.872
275.238
277.523
279.735
281.886
283.985
286.04
288.052
290.024
291.953
293.837
295.674
297.463
299.206
300.905
302.563
304.185
305.772
307.326
308.847
310.335
311.79
313.212
314.601
315.961
317.292
318.597
319.877
321.135
322.372
323.588
324.784
325.963
327.125
328.27
329.4
330.517
331.618
332.705
333.767
334.778
335.823
15
15
15
15
15
15
15
15
15
15
15
15
15
15
15
15
15
15
15
15
15
15
15
15
15
15
15
15
15
15
15
15
15
15
15
15
15
15
15
15
15
15
15
15
15
15
15
15
15
15
15
15
15
15
15
15
15
15
15
15
15
15
15
15
15
15
15
15
15
15
15
81.4163
132.719
212.667
219.41
224.281
230.103
235.845
240.912
245.618
250.233
254.695
258.871
262.76
266.469
270.1
273.702
277.271
280.783
284.206
287.529
290.751
293.892
296.97
300.004
303.004
305.975
308.922
311.804
314.685
)
;
    }
    outlet
    {
        type            freestream;
        freestreamValue uniform 1;
        value           nonuniform List<scalar> 
40
(
300.937
301.074
300.991
300.982
301.021
301.083
301.047
300.986
300.836
300.656
300.348
299.945
299.392
298.878
298.472
298.212
298.081
298.04
298.041
298.039
295.556
295.569
295.582
295.619
295.706
295.877
296.162
296.567
297.07
297.612
298.068
298.472
298.813
299.145
299.437
299.728
299.977
300.23
300.447
300.706
)
;
    }
    defaultFaces
    {
        type            empty;
    }
}


// ************************************************************************* //
