/*--------------------------------*- C++ -*----------------------------------*\
  =========                 |
  \\      /  F ield         | OpenFOAM: The Open Source CFD Toolbox
   \\    /   O peration     | Website:  https://openfoam.org
    \\  /    A nd           | Version:  6.0
     \\/     M anipulation  |
\*---------------------------------------------------------------------------*/
FoamFile
{
    version     2.0;
    format      ascii;
    class       volVectorField;
    location    "61";
    object      U;
}
// * * * * * * * * * * * * * * * * * * * * * * * * * * * * * * * * * * * * * //

dimensions      [0 1 -1 0 0 0 0];

internalField   nonuniform List<vector> 
2000
(
(-0.00199122 0.00173832 5.72897e-20)
(-0.00762155 0.00330247 6.80425e-20)
(-0.0153301 0.00366169 -6.48677e-20)
(-0.0223323 0.00333734 -1.32364e-19)
(-0.0276803 0.00263967 -9.24634e-20)
(-0.0312213 0.00177182 1.23181e-19)
(-0.0330527 0.000879164 7.17491e-20)
(-0.0334436 6.84183e-05 -2.90248e-20)
(-0.0328262 -0.0005813 -7.24566e-20)
(-0.0314952 -0.0010061 5.28305e-20)
(-0.00248969 0.00512127 -1.42005e-19)
(-0.00837064 0.00968535 1.96035e-19)
(-0.0157251 0.0106973 1.95484e-20)
(-0.022025 0.00969708 -1.13551e-19)
(-0.0264593 0.00759782 5.43355e-19)
(-0.0289517 0.00499633 -2.39137e-19)
(-0.0296475 0.00232092 -2.58715e-19)
(-0.0288424 -0.000110097 3.12043e-19)
(-0.0269847 -0.00205501 -3.07747e-19)
(-0.0244468 -0.00332137 1.55254e-19)
(-0.00343574 0.00822482 2.35846e-20)
(-0.00972805 0.0154094 8.3882e-21)
(-0.0163014 0.0168859 5.87514e-19)
(-0.0211436 0.0151399 2.06094e-19)
(-0.0237175 0.0116329 4.08752e-20)
(-0.0240981 0.00731651 3.3802e-19)
(-0.0225237 0.00287655 -6.42024e-19)
(-0.0193385 -0.00116418 1.39244e-20)
(-0.0150202 -0.0043889 -3.79647e-19)
(-0.0101031 -0.00647402 4.18227e-19)
(-0.00472402 0.0108679 -4.4365e-20)
(-0.0114033 0.0200601 2.55239e-19)
(-0.0166177 0.0217187 -7.43651e-19)
(-0.0191361 0.0191489 -9.61237e-20)
(-0.018832 0.0142672 -5.47352e-19)
(-0.0160035 0.00831129 5.66872e-19)
(-0.0110227 0.00217596 -6.01274e-19)
(-0.00429656 -0.00342977 4.22266e-19)
(0.00366269 -0.00789614 1.77522e-19)
(0.012063 -0.010764 -2.00596e-19)
(-0.00618704 0.0128747 -4.93784e-19)
(-0.0129399 0.0232572 4.45591e-21)
(-0.0159822 0.0247662 9.1607e-19)
(-0.0151343 0.0213425 2.74634e-19)
(-0.0108146 0.0152249 -8.73239e-19)
(-0.00361588 0.00783519 5.42998e-19)
(0.00591809 0.000196218 6.15479e-19)
(0.0173136 -0.00683859 -5.48747e-19)
(0.0300352 -0.0124519 3.91252e-19)
(0.042923 -0.0160462 9.60768e-20)
(-0.00758375 0.0140743 6.7497e-20)
(-0.0136957 0.0246647 1.25187e-20)
(-0.0134291 0.0257004 -1.17119e-18)
(-0.00792071 0.0215113 -6.55218e-19)
(0.00173556 0.014492 7.8162e-19)
(0.0145785 0.0061154 -9.15309e-19)
(0.0298492 -0.00258966 1.04885e-18)
(0.0470084 -0.010714 -9.05979e-20)
(0.0655389 -0.0172483 -2.95075e-19)
(0.0837985 -0.0214696 -8.57616e-19)
(-0.0085878 0.014304 -1.46871e-19)
(-0.0128317 0.0240055 -2.68247e-19)
(-0.00771333 0.0243086 -3.29555e-19)
(0.00407928 0.0196268 7.03031e-19)
(0.0206595 0.0123268 1.30412e-18)
(0.0406175 0.00378469 -2.69543e-19)
(0.0629138 -0.00513204 -6.5602e-19)
(0.0869287 -0.0136318 2.00087e-19)
(0.112249 -0.020614 -1.26006e-18)
(0.136672 -0.0252821 1.38407e-18)
(-0.00878373 0.0134241 8.98269e-19)
(-0.00932803 0.0210859 -4.90318e-19)
(0.00264608 0.0205022 9.57249e-19)
(0.0227355 0.0158174 -1.56395e-18)
(0.0481732 0.00920559 -7.4728e-19)
(0.0770138 0.00182627 -1.03508e-18)
(0.107829 -0.00579393 3.00719e-19)
(0.139842 -0.0132482 -8.37261e-19)
(0.172876 -0.0195726 1.82327e-18)
(0.204272 -0.0240791 5.10389e-19)
(-0.00768223 0.0113475 6.61293e-20)
(-0.00204466 0.015839 7.98689e-19)
(0.0192553 0.0143225 1.58718e-18)
(0.0500645 0.0103001 4.85007e-19)
(0.0867017 0.00565931 1.43555e-18)
(0.126594 0.0013601 7.86848e-20)
(0.167732 -0.00240708 -7.09216e-22)
(0.208919 -0.00569221 5.78752e-19)
(0.250232 -0.00783843 4.68105e-19)
(0.289113 -0.00926202 -1.51927e-18)
(-0.00477046 0.00808577 -5.32098e-19)
(0.0101469 0.00838451 -8.91187e-19)
(0.0436435 0.00593786 -1.29537e-18)
(0.0879959 0.00320911 3.0611e-20)
(0.138749 0.00175691 -6.60369e-19)
(0.192804 0.00254294 1.04082e-18)
(0.247586 0.0058895 -2.86548e-18)
(0.301159 0.0120154 1.28647e-18)
(0.352881 0.0215154 4.83549e-19)
(0.400028 0.0302481 1.51713e-18)
(0.000388681 0.00380852 2.66173e-19)
(0.0281179 -0.000874418 -1.01894e-18)
(0.0768093 -0.00427283 9.09816e-19)
(0.137563 -0.0054614 -3.52977e-19)
(0.205553 -0.00344238 3.83943e-19)
(0.277819 0.0027079 8.35867e-19)
(0.352527 0.0137259 -1.12225e-18)
(0.429273 0.0305533 1.45809e-19)
(0.509035 0.0524535 -5.37766e-19)
(0.594169 0.0694539 1.0911e-18)
(0.00806019 -0.00110794 3.81364e-19)
(0.0522601 -0.0110931 -9.23804e-19)
(0.118756 -0.0153294 1.25868e-18)
(0.197748 -0.0150187 -7.83865e-19)
(0.284048 -0.0102793 -2.87556e-19)
(0.374602 -0.000971782 1.70247e-19)
(0.467604 0.0128154 8.80211e-20)
(0.562487 0.0307703 1.19394e-18)
(0.658901 0.0501773 3.4371e-19)
(0.754557 0.0623404 1.46941e-18)
(0.018352 -0.00610193 -3.40399e-19)
(0.0826125 -0.0209185 1.19443e-18)
(0.169007 -0.0252636 -9.96637e-19)
(0.267054 -0.022831 -1.16885e-18)
(0.371087 -0.0151006 1.63535e-18)
(0.477614 -0.00286559 -1.24343e-18)
(0.584238 0.0129433 3.28446e-19)
(0.689404 0.0312141 -1.94708e-18)
(0.791332 0.0492643 1.45849e-18)
(0.886039 0.0617496 7.28722e-20)
(0.0312702 -0.0105458 -4.43622e-19)
(0.118976 -0.0287937 -4.28431e-19)
(0.226869 -0.0317842 -9.1231e-19)
(0.344062 -0.0258912 1.10583e-18)
(0.464446 -0.0140392 -5.58542e-20)
(0.584059 0.00207635 7.14918e-19)
(0.699967 0.0208543 1.30421e-18)
(0.809928 0.0407968 -4.00789e-19)
(0.911575 0.0598094 -1.4176e-18)
(1.0009 0.0748785 2.81449e-18)
(0.0467452 -0.0138316 -2.29305e-19)
(0.16091 -0.0332167 -2.73515e-19)
(0.291339 -0.03278 4.92212e-19)
(0.427113 -0.0216645 -9.1489e-19)
(0.561883 -0.00426152 1.56304e-19)
(0.691439 0.0168805 1.39095e-19)
(0.812661 0.039613 6.1e-20)
(0.923199 0.0622304 -9.85865e-21)
(1.02086 0.0832295 -1.49426e-19)
(1.10226 0.100992 -2.37938e-18)
(0.0646184 -0.0153976 9.30814e-19)
(0.207682 -0.0328631 -6.49605e-19)
(0.360982 -0.0265371 8.30768e-21)
(0.514052 -0.00833832 -9.89342e-19)
(0.660652 0.0159069 -3.53958e-19)
(0.7967 0.0428758 3.30956e-19)
(0.919359 0.0699943 2.57015e-19)
(1.02673 0.0954718 -9.15863e-19)
(1.11735 0.118343 7.48588e-19)
(1.18885 0.137793 -9.81504e-19)
(0.0846109 -0.0147325 4.01744e-19)
(0.258228 -0.0266431 -3.57043e-19)
(0.433899 -0.0118354 1.48301e-18)
(0.602223 0.015101 1.51203e-19)
(0.757549 0.0470193 3.47494e-19)
(0.89641 0.0799696 1.54879e-18)
(1.01678 0.111131 -2.36812e-19)
(1.11772 0.138798 2.1577e-19)
(1.19888 0.162564 8.93471e-20)
(1.25919 0.182097 -1.09969e-19)
(0.106293 -0.0113861 2.80676e-19)
(0.31114 -0.0137427 6.7481e-19)
(0.507779 0.0120121 -7.22883e-19)
(0.688607 0.0488896 -2.44722e-19)
(0.849157 0.0886661 -3.02307e-19)
(0.987142 0.127018 4.68411e-19)
(1.10185 0.161148 -2.43644e-19)
(1.19374 0.189675 6.55496e-19)
(1.26384 0.212847 2.20581e-19)
(1.31249 0.230667 -3.59616e-19)
(0.129071 -0.00499455 -3.02463e-19)
(0.364701 0.00632851 2.68841e-19)
(0.580014 0.0451371 -5.73656e-19)
(0.770037 0.092543 2.47447e-19)
(0.932157 0.139656 -2.56758e-19)
(1.06583 0.182158 -3.20444e-19)
(1.17213 0.217628 -2.57328e-19)
(1.25319 0.245301 2.8758e-19)
(1.3115 0.266204 -5.42199e-19)
(1.34885 0.280637 3.27669e-19)
(0.152191 0.00468204 -1.07814e-19)
(0.416945 0.0336823 -2.10896e-19)
(0.647852 0.0871017 1.00428e-19)
(0.84343 0.144924 6.1918e-21)
(1.0036 0.198186 8.3329e-20)
(1.13007 0.243068 1.1432e-19)
(1.22601 0.277938 1.05949e-19)
(1.29535 0.302935 -1.40493e-19)
(1.34201 0.31998 1.19606e-19)
(1.36911 0.329676 -1.87177e-19)
(0.174775 0.017719 -6.2409e-20)
(0.465772 0.0680015 -2.34114e-20)
(0.708577 0.1369 9.31611e-20)
(0.906006 0.204326 -4.28881e-20)
(1.0611 0.262007 1.14309e-19)
(1.17821 0.307192 -1.47593e-19)
(1.26274 0.33945 3.42079e-20)
(1.32037 0.360077 3.67045e-20)
(1.35627 0.371952 -1.53843e-20)
(1.37464 0.375987 5.82064e-20)
(0.195856 0.0339917 -6.73276e-20)
(0.509069 0.10851 -3.04676e-19)
(0.759689 0.192985 -2.11022e-20)
(0.955467 0.268575 6.27142e-21)
(1.10299 0.328579 -3.96269e-19)
(1.20943 0.371907 5.23873e-20)
(1.28239 0.399693 -4.46e-20)
(1.3291 0.414557 -1.07575e-19)
(1.35567 0.42033 2.24274e-19)
(1.36714 0.418232 -4.0892e-19)
(0.214444 0.0531504 -3.25169e-20)
(0.54485 0.15397 6.17055e-19)
(0.799063 0.253335 9.94241e-20)
(0.990133 0.335148 -5.43236e-19)
(1.12837 0.395217 -4.40512e-20)
(1.22372 0.434653 -5.20568e-19)
(1.28574 0.456425 3.81585e-19)
(1.32289 0.464538 -1.38445e-19)
(1.34191 0.463703 2.45594e-19)
(1.34841 0.45542 -1.79439e-19)
(0.229586 0.0746121 -2.0505e-19)
(0.571392 0.202718 1.95837e-19)
(0.825092 0.315541 -1.41351e-19)
(1.00902 0.401307 1.06544e-18)
(1.13708 0.459222 5.25825e-19)
(1.22172 0.493027 -1.21913e-19)
(1.27409 0.507671 4.10712e-19)
(1.30345 0.508499 -2.7025e-19)
(1.31688 0.500956 -7.52864e-20)
(1.32028 0.486799 4.93966e-19)
(0.240435 0.0975683 -3.54914e-19)
(0.587355 0.252731 4.51646e-19)
(0.836772 0.376931 -8.88608e-19)
(1.01185 0.464233 1.24791e-19)
(1.12966 0.51799 2.78861e-19)
(1.20468 0.544843 -4.27647e-19)
(1.24914 0.551725 -4.97907e-19)
(1.27272 0.545172 2.18553e-19)
(1.28252 0.531184 -2.63162e-19)
(1.28453 0.511755 3.15937e-19)
(0.246311 0.121012 -8.96743e-20)
(0.591872 0.301725 -4.59564e-19)
(0.833754 0.434707 2.5425e-19)
(0.999029 0.521159 4.26361e-19)
(1.10725 0.569097 -2.564e-19)
(1.17428 0.588156 -1.91024e-19)
(1.21287 0.587119 -1.04298e-19)
(1.23273 0.573484 -5.15615e-20)
(1.24077 0.553598 1.07858e-20)
(1.24291 0.52972 1.07507e-19)
(0.246758 0.143785 6.5818e-20)
(0.584617 0.347278 -3.85616e-19)
(0.816339 0.486098 6.43162e-19)
(0.971581 0.569494 -3.81066e-19)
(1.07145 0.610386 1.06475e-19)
(1.13247 0.621291 -1.51051e-19)
(1.16741 0.612602 1.62613e-19)
(1.18559 0.592496 3.11453e-20)
(1.19356 0.567431 -7.80191e-20)
(1.19711 0.540022 1.51532e-19)
(0.241593 0.164635 -1.73025e-19)
(0.565832 0.386974 3.38031e-19)
(0.785448 0.528508 -1.52033e-20)
(0.931025 0.60695 -7.32218e-20)
(1.02419 0.640033 -2.01308e-19)
(1.08145 0.642882 2.48047e-20)
(1.11501 0.627183 6.15373e-20)
(1.1335 0.601458 -1.51526e-19)
(1.14302 0.571983 1.76974e-19)
(1.1492 0.541879 1.5033e-19)
(0.230935 0.18231 3.84255e-20)
(0.536325 0.418561 -8.09269e-20)
(0.742531 0.559669 2.42483e-20)
(0.879238 0.631621 1.24393e-20)
(0.967553 0.656554 7.79803e-20)
(1.02334 0.651785 -1.4407e-19)
(1.05788 0.629967 -3.01356e-19)
(1.07891 0.599657 -1.22932e-19)
(1.09213 0.566623 -1.57126e-19)
(1.10255 0.534701 1.3313e-19)
(0.21523 0.195653 1.1079e-19)
(0.497429 0.44013 -1.71725e-19)
(0.689467 0.577805 1.6575e-19)
(0.818262 0.64211 -3.14837e-19)
(0.903421 0.658818 7.63862e-20)
(0.959695 0.646834 5.16206e-19)
(0.997277 0.619363 -1.58295e-19)
(1.02316 0.584703 1.88173e-19)
(1.04271 0.548005 2.75481e-19)
(1.05903 0.515028 1.002e-18)
(0.195249 0.203726 6.80466e-19)
(0.450967 0.450295 -4.63022e-19)
(0.628513 0.581864 1.12683e-18)
(0.750268 0.637905 -1.92984e-19)
(0.833389 0.646758 9.66777e-19)
(0.891057 0.628052 6.06548e-19)
(0.93231 0.594737 -1.42499e-18)
(0.96357 0.55388 2.16352e-18)
(0.989456 0.507899 -4.57216e-19)
(1.00632 0.461007 8.99681e-19)
(0.17205 0.205874 -3.75361e-19)
(0.399204 0.448254 -2.67608e-19)
(0.562391 0.571529 2.58805e-19)
(0.677928 0.619481 -6.41015e-19)
(0.759661 0.622009 -2.00217e-18)
(0.818699 0.598991 -8.05201e-19)
(0.862692 0.563188 -7.25751e-19)
(0.897113 0.521741 3.51223e-19)
(0.925116 0.478159 2.92727e-18)
(0.942605 0.437392 -6.08909e-19)
(0.146894 0.201721 1.97538e-19)
(0.344727 0.433649 -7.99431e-19)
(0.494241 0.546774 1.75834e-19)
(0.604666 0.587133 -1.28048e-18)
(0.686058 0.585016 2.80349e-18)
(0.747292 0.559929 -3.24926e-19)
(0.794583 0.52408 1.52765e-18)
(0.832423 0.484256 -2.18835e-18)
(0.863341 0.443962 6.8654e-19)
(0.884648 0.407477 1.06207e-19)
(0.121118 0.191156 1.4562e-19)
(0.290163 0.40655 8.8173e-19)
(0.427119 0.507894 -2.58996e-18)
(0.533587 0.541229 1.26029e-18)
(0.615632 0.535982 -4.16092e-21)
(0.679887 0.510616 -4.25288e-19)
(0.731204 0.476429 5.35228e-19)
(0.773235 0.439624 -5.31935e-19)
(0.808164 0.403351 -1.82851e-18)
(0.834247 0.370865 -5.01007e-19)
(0.0960486 0.174334 4.76481e-19)
(0.238033 0.367474 5.34623e-19)
(0.363854 0.455615 2.20822e-18)
(0.467419 0.482513 -1.22844e-18)
(0.550831 0.4755 2.53214e-18)
(0.618565 0.451352 -5.45426e-19)
(0.674213 0.420139 -5.76535e-19)
(0.720699 0.387299 6.81307e-19)
(0.759931 0.355514 4.4421e-19)
(0.790869 0.327125 1.6106e-18)
(0.0729448 0.15167 -4.8356e-19)
(0.190664 0.317376 1.57842e-19)
(0.306988 0.391111 4.26869e-20)
(0.408535 0.412151 1.25235e-18)
(0.493702 0.404588 -3.12607e-18)
(0.56499 0.382953 5.31054e-19)
(0.624864 0.35582 1.17263e-18)
(0.675617 0.327751 -1.41765e-18)
(0.718933 0.30091 4.99431e-19)
(0.754394 0.276898 -2.31789e-18)
(0.0529468 0.123826 1.0305e-19)
(0.150114 0.257626 5.55921e-19)
(0.258722 0.315974 2.16216e-19)
(0.358945 0.331692 2.93022e-19)
(0.445941 0.324635 5.61475e-19)
(0.520504 0.306609 1.67169e-18)
(0.584154 0.284488 -2.04677e-18)
(0.638655 0.261882 -1.1528e-18)
(0.685522 0.240441 1.9104e-19)
(0.724903 0.221195 1.50298e-18)
(0.0370318 0.0916908 -6.23151e-19)
(0.118111 0.189953 -7.41314e-20)
(0.220874 0.23216 -6.20981e-19)
(0.320288 0.243022 8.84369e-20)
(0.408909 0.237333 -5.31594e-19)
(0.486184 0.2238 -6.0691e-19)
(0.55289 0.207442 -9.04451e-19)
(0.610384 0.190868 2.43725e-18)
(0.660066 0.175233 4.20486e-19)
(0.702561 0.161149 -6.40957e-19)
(0.0259729 0.0563424 3.35847e-19)
(0.0960029 0.116392 4.43912e-19)
(0.194847 0.141927 1.74894e-19)
(0.293812 0.148292 -9.43904e-19)
(0.38364 0.144613 -4.3943e-19)
(0.462844 0.136226 -9.4624e-20)
(0.531693 0.126185 1.84898e-19)
(0.591264 0.116066 1.48465e-19)
(0.642892 0.106552 -1.14804e-18)
(0.687548 0.0979586 6.58768e-19)
(0.0203063 0.0190052 -1.74895e-19)
(0.084714 0.0392055 -1.98972e-19)
(0.181592 0.0477519 1.58584e-19)
(0.280361 0.0498476 1.40795e-19)
(0.37083 0.0485767 1.44295e-19)
(0.451036 0.045736 2.20675e-19)
(0.520987 0.0423507 -1.16023e-20)
(0.581621 0.0389482 -2.89467e-19)
(0.634242 0.0357541 2.74962e-19)
(0.680003 0.0328652 -4.13692e-19)
(0.0203063 -0.0190052 -1.76045e-19)
(0.084714 -0.0392057 -1.89616e-19)
(0.181592 -0.0477521 1.74745e-19)
(0.280362 -0.0498478 3.42135e-19)
(0.370831 -0.0485769 2.27968e-19)
(0.451036 -0.0457362 -3.00378e-19)
(0.520987 -0.0423509 -1.63223e-19)
(0.581621 -0.0389484 7.11807e-20)
(0.634242 -0.0357543 1.60033e-19)
(0.680003 -0.0328653 -9.52972e-20)
(0.0259729 -0.0563424 4.20122e-19)
(0.0960029 -0.116392 -5.3393e-19)
(0.194847 -0.141927 -4.44096e-20)
(0.293812 -0.148292 2.95834e-19)
(0.38364 -0.144614 -1.33752e-18)
(0.462844 -0.136227 5.71508e-19)
(0.531693 -0.126185 5.8996e-19)
(0.591264 -0.116066 -6.96475e-19)
(0.642892 -0.106552 6.65299e-19)
(0.687548 -0.0979587 -2.92006e-19)
(0.0370318 -0.0916908 -7.26359e-20)
(0.118111 -0.189953 -9.26705e-21)
(0.220874 -0.23216 -1.44218e-18)
(0.320288 -0.243022 -4.58787e-19)
(0.408909 -0.237333 -4.83722e-20)
(0.486184 -0.2238 -7.54747e-19)
(0.55289 -0.207442 1.40629e-18)
(0.610384 -0.190868 -4.94209e-20)
(0.660066 -0.175233 8.03023e-19)
(0.702561 -0.161149 -7.06085e-19)
(0.0529469 -0.123826 1.22673e-19)
(0.150114 -0.257626 -5.67947e-19)
(0.258722 -0.315974 1.74758e-18)
(0.358945 -0.331692 2.47299e-19)
(0.445941 -0.324635 1.21578e-18)
(0.520504 -0.306609 -1.18859e-18)
(0.584154 -0.284488 1.24778e-18)
(0.638655 -0.261882 -8.99614e-19)
(0.685522 -0.240441 -3.95066e-19)
(0.724903 -0.221195 3.35615e-19)
(0.0729448 -0.15167 1.09541e-18)
(0.190664 -0.317377 2.80495e-21)
(0.306988 -0.391112 -1.84178e-18)
(0.408535 -0.412151 -5.34359e-19)
(0.493702 -0.404589 1.77429e-18)
(0.56499 -0.382954 -1.03984e-18)
(0.624864 -0.355821 -1.2038e-18)
(0.675617 -0.327751 1.08311e-18)
(0.718933 -0.300911 -7.37382e-19)
(0.754394 -0.276898 -1.58974e-19)
(0.0960486 -0.174334 -1.63517e-19)
(0.238033 -0.367474 -7.75591e-21)
(0.363854 -0.455615 1.99878e-18)
(0.467419 -0.482513 1.14608e-18)
(0.550831 -0.4755 -1.35151e-18)
(0.618565 -0.451352 1.63639e-18)
(0.674213 -0.420139 -1.77566e-18)
(0.720699 -0.387299 1.76701e-19)
(0.759931 -0.355515 5.2888e-19)
(0.790869 -0.327125 1.22377e-18)
(0.121118 -0.191156 1.87439e-19)
(0.290163 -0.40655 3.01847e-19)
(0.427119 -0.507894 3.2834e-19)
(0.533587 -0.541229 -1.05559e-18)
(0.615632 -0.535983 -1.8803e-18)
(0.679887 -0.510616 3.95966e-19)
(0.731204 -0.47643 1.14585e-18)
(0.773236 -0.439624 -3.27996e-19)
(0.808165 -0.403351 1.97471e-18)
(0.834247 -0.370865 -1.92479e-18)
(0.146894 -0.201721 -1.06107e-18)
(0.344727 -0.433649 4.07729e-19)
(0.494241 -0.546774 -1.10093e-18)
(0.604666 -0.587133 1.77982e-18)
(0.686058 -0.585016 8.89983e-19)
(0.747292 -0.559929 1.25656e-18)
(0.794583 -0.52408 -2.90795e-19)
(0.832423 -0.484257 1.14574e-18)
(0.863341 -0.443962 -2.42576e-18)
(0.884648 -0.407477 -6.32411e-19)
(0.17205 -0.205874 6.24626e-20)
(0.399204 -0.448254 -7.12843e-19)
(0.562391 -0.571529 -1.14141e-18)
(0.677928 -0.619481 -4.83607e-19)
(0.759661 -0.622009 -1.36659e-18)
(0.818699 -0.598991 -1.38992e-19)
(0.862692 -0.563188 1.18832e-19)
(0.897113 -0.521741 -5.3402e-19)
(0.925116 -0.478159 -5.968e-19)
(0.942605 -0.437392 1.57391e-18)
(0.195249 -0.203726 3.3542e-19)
(0.450967 -0.450295 4.68417e-19)
(0.628513 -0.581864 8.39157e-19)
(0.750268 -0.637905 3.72162e-20)
(0.833389 -0.646759 5.59894e-19)
(0.891057 -0.628052 -7.66693e-19)
(0.93231 -0.594737 2.34079e-18)
(0.96357 -0.553881 -1.03351e-18)
(0.989456 -0.507899 -5.07573e-19)
(1.00632 -0.461007 -1.53054e-18)
(0.21523 -0.195653 -1.32115e-19)
(0.49743 -0.44013 2.33405e-19)
(0.689467 -0.577805 -2.39181e-19)
(0.818263 -0.64211 1.28947e-19)
(0.903421 -0.658818 -1.52379e-19)
(0.959695 -0.646834 -3.90805e-19)
(0.997278 -0.619363 5.14084e-19)
(1.02316 -0.584703 -1.68155e-19)
(1.04271 -0.548005 2.60874e-19)
(1.05903 -0.515028 -5.69261e-19)
(0.230935 -0.18231 -7.39293e-21)
(0.536325 -0.418562 -1.06459e-19)
(0.742531 -0.559669 2.11689e-20)
(0.879239 -0.631621 1.44576e-19)
(0.967553 -0.656554 -6.53306e-20)
(1.02334 -0.651785 1.75392e-20)
(1.05788 -0.629967 -1.71898e-20)
(1.07891 -0.599657 -3.8337e-19)
(1.09213 -0.566623 -1.77961e-19)
(1.10255 -0.534701 -5.59994e-19)
(0.241593 -0.164635 -9.6128e-20)
(0.565832 -0.386974 3.39232e-19)
(0.785448 -0.528508 -2.10752e-19)
(0.931025 -0.60695 -7.59509e-20)
(1.02419 -0.640034 3.3908e-20)
(1.08145 -0.642882 7.15254e-20)
(1.11501 -0.627184 -7.02396e-21)
(1.1335 -0.601458 2.92468e-19)
(1.14302 -0.571983 -2.52729e-19)
(1.1492 -0.541879 -3.58086e-21)
(0.246759 -0.143785 -2.36704e-19)
(0.584617 -0.347278 -1.48237e-19)
(0.816339 -0.486098 -3.68094e-19)
(0.971581 -0.569494 4.18719e-19)
(1.07145 -0.610386 -3.0702e-20)
(1.13247 -0.621291 1.36099e-19)
(1.16741 -0.612602 1.53587e-19)
(1.18559 -0.592496 -5.58709e-20)
(1.19356 -0.567431 5.05039e-20)
(1.19711 -0.540022 -1.599e-19)
(0.246311 -0.121012 -1.61017e-19)
(0.591872 -0.301725 -2.06832e-19)
(0.833754 -0.434707 3.11655e-19)
(0.999029 -0.521159 -4.68253e-19)
(1.10725 -0.569097 8.2257e-20)
(1.17428 -0.588156 4.15732e-20)
(1.21287 -0.587119 9.19865e-20)
(1.23273 -0.573485 -6.04728e-20)
(1.24077 -0.553598 -7.24202e-20)
(1.24291 -0.52972 -2.35864e-19)
(0.240435 -0.0975683 6.71295e-19)
(0.587355 -0.252731 -5.25369e-19)
(0.836772 -0.376931 2.45462e-20)
(1.01185 -0.464233 -6.73194e-19)
(1.12966 -0.51799 -1.95425e-19)
(1.20468 -0.544843 1.56343e-19)
(1.24914 -0.551725 1.14543e-19)
(1.27272 -0.545172 -3.8206e-19)
(1.28252 -0.531184 1.67682e-19)
(1.28453 -0.511755 -3.02424e-19)
(0.229586 -0.0746121 3.33147e-19)
(0.571392 -0.202718 -3.29717e-19)
(0.825092 -0.315541 1.18316e-18)
(1.00902 -0.401307 9.43458e-20)
(1.13708 -0.459223 2.68321e-19)
(1.22172 -0.493028 9.57147e-19)
(1.27409 -0.507671 -1.98961e-19)
(1.30345 -0.508499 4.83136e-20)
(1.31688 -0.500956 -2.8439e-20)
(1.32028 -0.486799 -4.95283e-20)
(0.214444 -0.0531504 2.56805e-19)
(0.54485 -0.15397 5.83527e-19)
(0.799063 -0.253335 -5.94775e-19)
(0.990133 -0.335148 -1.80661e-19)
(1.12837 -0.395217 -1.91267e-19)
(1.22372 -0.434653 3.76543e-19)
(1.28574 -0.456425 -1.77681e-19)
(1.32289 -0.464539 4.18931e-19)
(1.34191 -0.463703 1.00803e-19)
(1.34841 -0.455421 -1.77283e-19)
(0.195856 -0.0339917 -2.77401e-19)
(0.509069 -0.10851 2.57422e-19)
(0.759689 -0.192986 -5.28491e-19)
(0.955467 -0.268575 2.21265e-19)
(1.10299 -0.328579 -2.21762e-19)
(1.20943 -0.371907 -2.63695e-19)
(1.28239 -0.399693 -2.04601e-19)
(1.3291 -0.414557 2.25738e-19)
(1.35567 -0.42033 -3.92356e-19)
(1.36714 -0.418232 2.48386e-19)
(0.174775 -0.017719 -1.03925e-19)
(0.465772 -0.0680015 -2.03935e-19)
(0.708577 -0.1369 9.59353e-20)
(0.906006 -0.204326 7.08307e-21)
(1.0611 -0.262007 7.63529e-20)
(1.17821 -0.307193 1.09396e-19)
(1.26274 -0.339451 9.31489e-20)
(1.32037 -0.360077 -1.2603e-19)
(1.35627 -0.371952 1.02735e-19)
(1.37464 -0.375987 -1.62285e-19)
(0.152191 -0.00468204 -6.54857e-20)
(0.416945 -0.0336823 -2.63952e-20)
(0.647852 -0.0871018 9.83492e-20)
(0.84343 -0.144924 -4.43695e-20)
(1.0036 -0.198186 1.2417e-19)
(1.13007 -0.243068 -1.56951e-19)
(1.22601 -0.277938 4.03216e-20)
(1.29535 -0.302935 3.46031e-20)
(1.34201 -0.31998 -1.23614e-20)
(1.36911 -0.329676 5.67346e-20)
(0.129071 0.00499455 -7.85608e-20)
(0.364701 -0.00632851 -3.33061e-19)
(0.580014 -0.0451371 -2.68241e-20)
(0.770037 -0.092543 1.07068e-20)
(0.932157 -0.139656 -4.61989e-19)
(1.06583 -0.182158 4.87855e-20)
(1.17213 -0.217628 -5.16874e-20)
(1.25319 -0.245301 -1.40585e-19)
(1.3115 -0.266204 3.11069e-19)
(1.34885 -0.280637 -5.6593e-19)
(0.106293 0.0113861 -4.45383e-20)
(0.31114 0.0137427 7.14363e-19)
(0.507779 -0.0120121 9.5279e-20)
(0.688607 -0.0488896 -6.45309e-19)
(0.849157 -0.0886661 -7.72718e-20)
(0.987142 -0.127018 -7.27702e-19)
(1.10185 -0.161148 5.65835e-19)
(1.19374 -0.189675 -2.29656e-19)
(1.26384 -0.212847 4.35298e-19)
(1.31249 -0.230667 -3.84018e-19)
(0.0846109 0.0147325 -2.51896e-19)
(0.258228 0.0266431 2.93296e-19)
(0.433899 0.0118353 -2.04868e-19)
(0.602223 -0.015101 1.41611e-18)
(0.757549 -0.0470193 7.49593e-19)
(0.89641 -0.0799696 -1.96286e-19)
(1.01678 -0.111131 7.6324e-19)
(1.11772 -0.138798 -4.99033e-19)
(1.19888 -0.162564 -1.60482e-19)
(1.25919 -0.182097 1.15951e-18)
(0.0646184 0.0153976 -4.65666e-19)
(0.207682 0.0328631 6.95266e-19)
(0.360982 0.0265371 -1.31852e-18)
(0.514052 0.0083383 2.28231e-19)
(0.660652 -0.0159069 5.69047e-19)
(0.7967 -0.0428758 -7.15098e-19)
(0.919359 -0.0699943 -1.26652e-18)
(1.02673 -0.0954718 6.78961e-19)
(1.11735 -0.118343 -8.83001e-19)
(1.18885 -0.137793 1.41308e-18)
(0.0467451 0.0138316 -1.15116e-19)
(0.16091 0.0332167 -6.99805e-19)
(0.291339 0.03278 3.45452e-19)
(0.427113 0.0216645 8.64152e-19)
(0.561883 0.00426149 -4.6418e-19)
(0.691439 -0.0168806 -4.58077e-19)
(0.812661 -0.0396131 -7.76647e-19)
(0.923199 -0.0622304 -3.55877e-19)
(1.02086 -0.0832296 -8.54664e-20)
(1.10226 -0.100992 1.4122e-18)
(0.0312702 0.0105458 1.93283e-19)
(0.118976 0.0287937 -9.50652e-19)
(0.226869 0.0317842 1.62604e-18)
(0.344062 0.0258912 -9.05439e-19)
(0.464446 0.0140392 5.86632e-19)
(0.584059 -0.00207638 -7.29947e-19)
(0.699967 -0.0208544 8.12985e-19)
(0.809928 -0.0407969 7.10027e-19)
(0.911575 -0.0598094 1.55132e-18)
(1.0009 -0.0748786 -2.56469e-18)
(0.018352 0.00610193 -6.00579e-19)
(0.0826125 0.0209185 1.20597e-18)
(0.169007 0.0252636 1.60936e-20)
(0.267054 0.0228309 -4.34377e-19)
(0.371087 0.0151006 -2.30674e-19)
(0.477614 0.00286555 1.84367e-19)
(0.584238 -0.0129434 -1.30891e-18)
(0.689404 -0.0312141 1.01127e-18)
(0.791332 -0.0492644 -1.30332e-18)
(0.886039 -0.0617497 -5.94913e-19)
(0.00806018 0.00110793 1.03348e-18)
(0.05226 0.011093 -3.22396e-19)
(0.118756 0.0153294 -6.04768e-19)
(0.197748 0.0150186 1.64253e-18)
(0.284048 0.0102792 -1.61348e-18)
(0.374602 0.000971727 9.01467e-19)
(0.467604 -0.0128154 9.60102e-19)
(0.562487 -0.0307704 2.62725e-19)
(0.658901 -0.0501773 2.7325e-19)
(0.754557 -0.0623405 -3.87624e-19)
(0.000388668 -0.00380853 -9.88386e-19)
(0.0281179 0.000874389 9.39446e-19)
(0.0768093 0.00427279 -8.31375e-19)
(0.137563 0.00546134 1.04308e-18)
(0.205553 0.00344231 -3.11633e-19)
(0.277819 -0.00270798 -1.0823e-18)
(0.352527 -0.013726 3.10374e-19)
(0.429273 -0.0305534 -5.1209e-19)
(0.509035 -0.0524535 -6.06526e-19)
(0.594169 -0.069454 -1.8922e-18)
(-0.00477047 -0.00808578 -1.23468e-18)
(0.0101469 -0.00838455 9.81591e-19)
(0.0436435 -0.00593792 -1.92323e-18)
(0.0879959 -0.00320919 3.43907e-19)
(0.138749 -0.001757 -1.33239e-18)
(0.192804 -0.00254304 -7.99099e-19)
(0.247586 -0.00588961 1.91234e-18)
(0.301159 -0.0120155 -2.61443e-18)
(0.352881 -0.0215155 5.03224e-19)
(0.400028 -0.0302483 -8.28662e-19)
(-0.00768224 -0.0113475 6.08184e-19)
(-0.00204469 -0.015839 2.5733e-19)
(0.0192553 -0.0143225 -7.6539e-20)
(0.0500644 -0.0103002 7.30846e-19)
(0.0867017 -0.00565943 2.14607e-18)
(0.126594 -0.00136023 7.40702e-19)
(0.167732 0.00240694 7.65348e-19)
(0.208919 0.00569206 -2.64639e-19)
(0.250232 0.00783825 -2.46851e-18)
(0.289113 0.00926182 6.26041e-19)
(-0.00878374 -0.0134242 -1.71696e-19)
(-0.00932806 -0.0210859 5.46474e-19)
(0.00264604 -0.0205023 -1.43157e-19)
(0.0227355 -0.0158175 1.0108e-18)
(0.0481732 -0.00920574 -2.33706e-18)
(0.0770138 -0.00182644 1.98369e-19)
(0.107829 0.00579376 -1.11226e-18)
(0.139842 0.013248 1.63666e-18)
(0.172876 0.0195723 -4.78384e-19)
(0.204272 0.0240789 -6.83586e-20)
(-0.00858781 -0.014304 -1.16885e-19)
(-0.0128318 -0.0240056 -6.57199e-19)
(-0.00771336 -0.0243087 1.65281e-18)
(0.00407925 -0.0196269 -8.71448e-19)
(0.0206595 -0.012327 6.12484e-20)
(0.0406175 -0.00378489 2.79662e-19)
(0.0629138 0.00513182 -2.55578e-19)
(0.0869287 0.0136316 3.32159e-19)
(0.112249 0.0206138 1.15098e-18)
(0.136672 0.0252818 3.01187e-19)
(-0.00758376 -0.0140743 -2.62164e-19)
(-0.0136957 -0.0246648 -2.916e-19)
(-0.0134291 -0.0257005 -1.29432e-18)
(-0.00792074 -0.0215115 6.89178e-19)
(0.00173554 -0.0144922 -1.4215e-18)
(0.0145785 -0.00611564 3.22935e-19)
(0.0298492 0.0025894 3.63117e-19)
(0.0470084 0.0107138 -3.8374e-19)
(0.065539 0.017248 -2.48272e-19)
(0.0837986 0.0214692 -1.1158e-18)
(-0.00618705 -0.0128748 2.04799e-19)
(-0.0129399 -0.0232573 -4.81727e-20)
(-0.0159822 -0.0247663 9.78713e-22)
(-0.0151343 -0.0213427 -6.21997e-19)
(-0.0108146 -0.0152251 1.57456e-18)
(-0.00361589 -0.00783546 -2.45593e-19)
(0.0059181 -0.000196512 -6.12886e-19)
(0.0173136 0.00683827 7.50145e-19)
(0.0300352 0.0124516 -2.63614e-19)
(0.0429231 0.0160458 1.45709e-18)
(-0.00472403 -0.010868 -3.84395e-20)
(-0.0114033 -0.0200602 -2.25368e-19)
(-0.0166177 -0.0217189 -8.89466e-20)
(-0.0191361 -0.0191491 -1.13633e-19)
(-0.018832 -0.0142674 -2.44308e-19)
(-0.0160035 -0.00831159 -7.67216e-19)
(-0.0110227 -0.00217628 9.59693e-19)
(-0.00429653 0.00342942 5.60607e-19)
(0.00366273 0.00789576 -1.00427e-19)
(0.012063 0.0107636 -8.93744e-19)
(-0.00343575 -0.00822487 2.18285e-19)
(-0.00972807 -0.0154095 3.81455e-20)
(-0.0163015 -0.016886 2.582e-19)
(-0.0211436 -0.0151402 -2.9552e-20)
(-0.0237175 -0.0116332 2.3511e-19)
(-0.0240981 -0.00731683 2.65259e-19)
(-0.0225237 -0.0028769 3.97676e-19)
(-0.0193385 0.00116381 -1.12655e-18)
(-0.0150202 0.0043885 -2.07925e-19)
(-0.010103 0.00647359 3.72645e-19)
(-0.00248969 -0.00512132 -1.10222e-19)
(-0.00837065 -0.00968548 -1.56659e-19)
(-0.0157252 -0.0106975 -7.53632e-20)
(-0.022025 -0.00969734 3.6861e-19)
(-0.0264593 -0.00759813 1.78924e-19)
(-0.0289517 -0.00499667 3.66934e-20)
(-0.0296475 -0.00232129 -7.95543e-20)
(-0.0288423 0.000109708 -6.17121e-20)
(-0.0269846 0.0020546 5.29712e-19)
(-0.0244467 0.00332093 -3.60774e-19)
(-0.00199122 -0.00173837 5.61899e-20)
(-0.00762156 -0.00330261 6.99162e-20)
(-0.0153301 -0.0036619 -5.96169e-20)
(-0.0223323 -0.0033376 -5.45289e-20)
(-0.0276804 -0.00263998 -5.65382e-20)
(-0.0312213 -0.00177216 -9.02156e-20)
(-0.0330527 -0.000879537 2.89767e-21)
(-0.0334436 -6.88152e-05 1.25173e-19)
(-0.0328262 0.000580878 -1.25683e-19)
(-0.0314952 0.00100566 2.2867e-19)
(-0.00813522 -0.00258597 1.65342e-20)
(0.0621205 -0.00662731 9.88734e-21)
(0.277545 -0.00670963 1.33753e-21)
(0.376953 -0.00438732 -9.02388e-22)
(0.479665 -0.00368165 -6.3541e-23)
(0.553544 -0.00263872 1.48038e-22)
(0.60604 -0.00218563 1.66305e-22)
(0.660333 -0.00158262 -3.39892e-23)
(0.683567 -0.00146262 -2.49097e-24)
(0.73379 -0.00100802 2.43901e-22)
(0.00866431 -0.00806071 2.62204e-20)
(0.0773745 -0.0197194 1.25331e-21)
(0.289036 -0.0199758 -1.74798e-20)
(0.38571 -0.0130626 1.40441e-20)
(0.486374 -0.0109682 8.8713e-22)
(0.558779 -0.00786304 -5.9403e-22)
(0.610311 -0.00651387 6.88647e-22)
(0.663692 -0.00471534 6.96576e-23)
(0.686499 -0.00436582 1.39974e-22)
(0.736013 -0.00301377 -2.23512e-22)
(0.0419688 -0.0144158 2.68567e-20)
(0.107409 -0.0323304 -3.61024e-20)
(0.311589 -0.0327829 1.78689e-20)
(0.402911 -0.0214372 -1.16342e-20)
(0.499557 -0.0180275 8.28207e-22)
(0.569083 -0.0129358 -6.45413e-22)
(0.618728 -0.0107271 -2.56766e-22)
(0.670324 -0.00776837 8.14607e-25)
(0.692296 -0.00720319 -1.07193e-22)
(0.740418 -0.00497998 -3.2633e-22)
(0.0911765 -0.0221294 -4.16265e-20)
(0.151301 -0.0441612 -5.01134e-20)
(0.344375 -0.044846 -2.31228e-20)
(0.427949 -0.0293275 1.21275e-20)
(0.518763 -0.0247198 -1.45358e-20)
(0.58413 -0.0177637 3.84416e-21)
(0.631048 -0.0147537 -2.08834e-22)
(0.680058 -0.0106919 1.20724e-22)
(0.700826 -0.00993314 -1.2879e-22)
(0.746924 -0.00688131 1.21108e-22)
(0.155356 -0.0314743 1.15127e-19)
(0.207725 -0.0549242 7.22382e-20)
(0.386206 -0.0559014 2.59797e-20)
(0.459959 -0.0365713 -2.35672e-20)
(0.543346 -0.030921 1.19317e-20)
(0.603455 -0.0222639 3.16012e-21)
(0.646919 -0.0185295 2.20903e-21)
(0.692647 -0.013441 2.39082e-22)
(0.711896 -0.0125175 2.86008e-22)
(0.755412 -0.00869402 -6.42705e-22)
(0.233227 -0.042378 -5.08262e-20)
(0.275004 -0.0643043 3.90005e-20)
(0.435603 -0.0656958 4.82045e-21)
(0.497858 -0.0430254 2.6283e-20)
(0.572504 -0.0365244 -5.94616e-21)
(0.626479 -0.026366 -3.68277e-21)
(0.665902 -0.0219993 -2.28184e-21)
(0.707782 -0.0159769 -1.47292e-22)
(0.725263 -0.0149223 -1.5533e-22)
(0.765727 -0.0103965 6.89538e-22)
(0.32316 -0.0545604 -3.86775e-20)
(0.351167 -0.0720369 -1.00778e-19)
(0.490866 -0.0740262 -1.70463e-20)
(0.54041 -0.0485739 -1.46382e-20)
(0.605323 -0.0414473 6.97178e-21)
(0.652535 -0.0300144 -1.94181e-21)
(0.687491 -0.0251188 2.45494e-21)
(0.725098 -0.0182678 4.49292e-22)
(0.740641 -0.0171194 -4.65208e-23)
(0.777687 -0.0119691 2.65522e-22)
(0.423221 -0.068292 1.12702e-19)
(0.434015 -0.0784146 2.52651e-20)
(0.550172 -0.0809691 6.89996e-20)
(0.586292 -0.0532193 -4.01295e-20)
(0.640821 -0.0456692 1.19566e-20)
(0.680904 -0.0331837 -8.14507e-21)
(0.711133 -0.0278618 -3.53221e-21)
(0.744199 -0.0202909 -4.76457e-22)
(0.757712 -0.0190885 -4.47218e-22)
(0.791084 -0.0133935 3.81443e-22)
(0.531157 -0.0834153 -1.42359e-19)
(0.521205 -0.0843809 -2.21954e-20)
(0.611683 -0.0869379 -5.7294e-20)
(0.634175 -0.0571869 4.79461e-20)
(0.678011 -0.0492595 -1.49718e-20)
(0.710851 -0.0358973 6.39762e-21)
(0.736259 -0.0302261 3.99379e-21)
(0.764665 -0.0220368 -7.75009e-23)
(0.776139 -0.0208158 3.01683e-22)
(0.805692 -0.0146555 -8.05515e-22)
(0.644403 -0.0912982 -1.00105e-19)
(0.610253 -0.087677 -1.11941e-19)
(0.673646 -0.0910337 1.5419e-20)
(0.682794 -0.0603621 -2.57614e-20)
(0.715946 -0.0521218 -2.25585e-20)
(0.741661 -0.0381444 -4.88963e-21)
(0.762301 -0.0321957 1.02712e-21)
(0.786075 -0.0235096 -7.46162e-22)
(0.795575 -0.0222799 2.21037e-22)
(0.821269 -0.0157636 3.67893e-22)
(1.02788 -0.0577086 0)
(0.905511 -0.0718405 0)
(0.883013 -0.0906607 0)
(0.852299 -0.0655393 0)
(0.851368 -0.0582967 0)
(0.854006 -0.0440759 0)
(0.858623 -0.0376953 0)
(0.866015 -0.0278867 0)
(0.868264 -0.0265166 0)
(0.879415 -0.0192764 0)
(1.30372 0.00302551 0)
(1.20182 -0.0230601 0)
(1.13726 -0.0495316 0)
(1.08335 -0.0481711 0)
(1.053 -0.0456413 0)
(1.03018 -0.0374126 0)
(1.01633 -0.0329592 0)
(1.00243 -0.025835 0)
(0.995504 -0.024214 0)
(0.985616 -0.0192587 0)
(1.30368 0.05538 0)
(1.25701 0.00742706 0)
(1.2094 -0.0227699 0)
(1.1684 -0.0302927 0)
(1.14224 -0.0305866 0)
(1.11865 -0.0262779 0)
(1.10397 -0.023568 0)
(1.08501 -0.0192094 0)
(1.07719 -0.0177901 0)
(1.0595 -0.015286 0)
(1.24303 0.0496247 0)
(1.22609 0.0060134 0)
(1.19765 -0.0161781 0)
(1.1711 -0.0219117 0)
(1.15447 -0.0216106 0)
(1.1373 -0.018582 0)
(1.12771 -0.0163336 0)
(1.11227 -0.0134815 0)
(1.10732 -0.0120317 0)
(1.09155 -0.0109556 0)
(1.17793 0.0434369 0)
(1.17676 0.00606756 0)
(1.16171 -0.0107898 0)
(1.1448 -0.0152421 0)
(1.13457 -0.0151895 0)
(1.12292 -0.0133588 0)
(1.11743 -0.0115675 0)
(1.10683 -0.00963496 0)
(1.10436 -0.00822564 0)
(1.09337 -0.00772891 0)
(1.12945 0.034067 0)
(1.13513 0.00586998 0)
(1.12763 -0.00700743 0)
(1.11595 -0.0106783 0)
(1.10864 -0.0109726 0)
(1.10012 -0.00998676 0)
(1.09652 -0.00861631 0)
(1.08922 -0.0072257 0)
(1.08789 -0.00598088 0)
(1.08065 -0.00561848 0)
(1.09586 0.0259737 0)
(1.10466 0.00562128 0)
(1.10165 -0.00441984 0)
(1.09294 -0.00755529 0)
(1.08679 -0.00802198 0)
(1.07971 -0.00751974 0)
(1.07663 -0.00652457 0)
(1.07094 -0.00549862 0)
(1.06984 -0.00450818 0)
(1.06451 -0.00416146 0)
(1.07431 0.0179369 0)
(1.08426 0.00445056 0)
(1.08394 -0.00279998 0)
(1.07704 -0.00518305 0)
(1.07133 -0.00558712 0)
(1.06479 -0.00533048 0)
(1.06171 -0.0046706 0)
(1.05657 -0.00395714 0)
(1.05535 -0.00325713 0)
(1.05062 -0.00295708 0)
(1.06144 0.0105708 0)
(1.07179 0.00284164 0)
(1.07309 -0.00156964 0)
(1.06731 -0.00304358 0)
(1.06181 -0.00329204 0)
(1.05542 -0.00317933 0)
(1.05223 -0.00281681 0)
(1.04717 -0.00240472 0)
(1.0458 -0.00199239 0)
(1.04108 -0.00179414 0)
(1.05547 0.00347371 0)
(1.06591 0.000962981 0)
(1.06798 -0.000513396 0)
(1.06274 -0.00100442 0)
(1.05733 -0.00108257 0)
(1.05096 -0.00105332 0)
(1.0477 -0.000940303 0)
(1.0426 -0.00080821 0)
(1.04115 -0.000671863 0)
(1.03633 -0.000604057 0)
(1.41026 0.307508 1.65019e-20)
(1.42207 0.286961 5.88592e-20)
(1.42728 0.263797 -1.25141e-19)
(1.42481 0.238264 -3.88646e-20)
(1.41367 0.210907 2.63689e-19)
(1.39311 0.182635 2.37972e-19)
(1.36271 0.15476 -4.69721e-19)
(1.32243 0.128947 3.47677e-20)
(1.27243 0.107034 -1.33499e-19)
(1.19466 0.088263 -6.10145e-19)
(1.2764 0.200208 -1.28784e-21)
(1.28889 0.190566 4.85314e-20)
(1.30027 0.180008 -4.49489e-20)
(1.31018 0.16844 9.19099e-20)
(1.31818 0.155763 -1.34888e-19)
(1.3238 0.141908 -3.9176e-20)
(1.32655 0.126875 2.06747e-19)
(1.32596 0.110775 -1.67006e-19)
(1.32211 0.0938909 -1.32166e-19)
(1.30817 0.0752135 3.23327e-20)
(1.19559 0.151876 -7.94382e-21)
(1.20612 0.149354 1.55831e-20)
(1.21678 0.146708 -2.13231e-20)
(1.22747 0.143861 -8.89426e-20)
(1.23802 0.140702 1.40969e-19)
(1.24822 0.137093 9.7294e-21)
(1.2578 0.13287 -8.81983e-20)
(1.26642 0.127862 1.48679e-19)
(1.27377 0.121892 1.81313e-20)
(1.27914 0.113974 3.31327e-20)
(1.13262 0.104201 -1.12209e-21)
(1.13968 0.102818 -4.81432e-21)
(1.14698 0.101413 -4.92735e-21)
(1.15453 0.0999982 4.30952e-20)
(1.16232 0.0985781 -5.12116e-20)
(1.17035 0.0971487 2.27423e-20)
(1.17857 0.0956936 -6.68062e-21)
(1.18692 0.094178 -1.93753e-20)
(1.19528 0.0925125 1.11733e-19)
(1.20398 0.090045 -2.30871e-20)
(1.09409 0.0765684 2.07209e-23)
(1.09913 0.0761872 3.93096e-21)
(1.10433 0.07579 2.84763e-21)
(1.10968 0.0753819 1.02293e-20)
(1.1152 0.0749666 2.63582e-20)
(1.12089 0.0745455 -2.63317e-20)
(1.12675 0.0741173 -1.29738e-20)
(1.13275 0.073673 3.39961e-20)
(1.13891 0.0731572 -3.15674e-20)
(1.14552 0.0721037 -2.62044e-21)
(1.06748 0.0538557 -1.43011e-21)
(1.07113 0.0537098 2.31098e-23)
(1.07488 0.0535515 -1.60842e-21)
(1.07873 0.0533873 6.15868e-21)
(1.08268 0.0532235 -2.50936e-20)
(1.08674 0.053066 6.68113e-21)
(1.09091 0.0529198 -1.16996e-20)
(1.09519 0.0527841 -1.60773e-20)
(1.09958 0.0526217 1.4974e-21)
(1.10422 0.0521244 8.51353e-21)
(1.05064 0.0378086 -8.37589e-22)
(1.05339 0.0378263 5.4372e-21)
(1.0562 0.0378258 -3.19246e-21)
(1.05904 0.0378098 -4.58137e-22)
(1.06194 0.0377811 1.16907e-20)
(1.06488 0.0377421 3.19304e-21)
(1.06786 0.0376948 1.40264e-20)
(1.07088 0.0376375 -8.44811e-21)
(1.07396 0.0375446 1.83196e-20)
(1.07712 0.0372297 1.49204e-20)
(1.03967 0.0247079 -2.46931e-22)
(1.04184 0.0247464 -2.95015e-22)
(1.04404 0.0247703 2.05583e-21)
(1.04626 0.0247813 -3.52528e-21)
(1.04849 0.0247807 -4.02831e-21)
(1.05073 0.0247698 1.14545e-20)
(1.05299 0.0247492 -7.36324e-21)
(1.05525 0.024717 5.92385e-21)
(1.05752 0.0246575 -1.89575e-21)
(1.0598 0.0244662 -2.07687e-21)
(1.03325 0.0140693 3.7509e-22)
(1.03508 0.0141092 -3.41341e-21)
(1.03691 0.0141386 1.81291e-21)
(1.03874 0.0141581 7.07077e-21)
(1.04057 0.0141681 -7.46399e-21)
(1.0424 0.0141686 2.46104e-21)
(1.04422 0.0141595 4.35395e-21)
(1.04602 0.0141393 -8.62596e-21)
(1.04781 0.0140998 8.64597e-21)
(1.04957 0.0139896 -2.47858e-21)
(1.03022 0.00452667 -1.02457e-21)
(1.03188 0.00454425 1.9383e-21)
(1.03353 0.00455877 -2.15123e-22)
(1.03518 0.00457001 5.96059e-21)
(1.03682 0.00457767 -1.23695e-21)
(1.03845 0.00458133 1.03797e-21)
(1.04007 0.00458045 -8.30364e-21)
(1.04167 0.00457412 2.38204e-21)
(1.04325 0.0045595 1.4821e-21)
(1.0448 0.00452184 1.02003e-21)
(1.11923 0.39899 -3.3707e-19)
(1.15316 0.395152 -6.91475e-20)
(1.18779 0.391308 -3.47628e-20)
(1.22126 0.386673 -2.9653e-20)
(1.25422 0.380813 -1.60471e-20)
(1.28641 0.373517 -1.37474e-20)
(1.31708 0.364571 2.03112e-20)
(1.34552 0.35373 -4.31424e-20)
(1.37105 0.340749 7.94441e-20)
(1.39292 0.325403 5.7133e-21)
(1.1217 0.249575 1.62827e-20)
(1.13999 0.248411 -8.52446e-20)
(1.15785 0.246537 -5.44026e-20)
(1.17394 0.243866 5.09819e-20)
(1.18938 0.24032 -2.3484e-20)
(1.20473 0.235843 5.75443e-21)
(1.21991 0.230435 -1.32209e-20)
(1.23474 0.224133 1.78835e-20)
(1.24916 0.216978 -1.37671e-20)
(1.26309 0.209002 -1.01813e-20)
(1.10055 0.170162 -6.02889e-21)
(1.11032 0.169568 3.83649e-20)
(1.11964 0.168465 3.6133e-20)
(1.12837 0.167002 1.49169e-20)
(1.13715 0.165285 2.25624e-21)
(1.14626 0.163356 -1.88132e-21)
(1.15566 0.161254 7.49585e-21)
(1.1653 0.159022 -1.06068e-20)
(1.17516 0.156702 5.74689e-21)
(1.18526 0.154319 1.97141e-21)
(1.072 0.114231 3.48822e-21)
(1.07778 0.113752 5.34692e-20)
(1.08342 0.113066 1.79907e-20)
(1.08889 0.112253 -2.86907e-20)
(1.09451 0.111348 5.98116e-21)
(1.10037 0.110352 -3.76727e-21)
(1.10645 0.109266 -4.90919e-21)
(1.11271 0.108096 -1.42834e-21)
(1.11915 0.106854 3.19184e-21)
(1.12578 0.105551 -3.17378e-21)
(1.05121 0.0781244 1.66303e-21)
(1.05516 0.0782504 -2.22086e-20)
(1.05906 0.0782786 1.50993e-20)
(1.06293 0.0782425 8.29857e-21)
(1.06692 0.0781521 -9.66345e-21)
(1.07109 0.0780059 5.37531e-21)
(1.07541 0.0778045 -3.2731e-21)
(1.07987 0.0775529 -6.00497e-22)
(1.08447 0.0772582 1.45906e-22)
(1.08921 0.0769277 8.77237e-22)
(1.03605 0.0533199 8.82492e-21)
(1.03888 0.0536206 -1.13073e-21)
(1.04173 0.0538427 -1.94924e-20)
(1.0446 0.0540058 4.46e-21)
(1.04756 0.0541165 -7.29955e-22)
(1.05063 0.0541759 1.65544e-21)
(1.05381 0.0541869 -4.85601e-21)
(1.05708 0.0541544 -3.264e-22)
(1.06045 0.0540843 4.97199e-22)
(1.06392 0.0539826 -4.5581e-22)
(1.02627 0.0359481 1.41669e-20)
(1.02845 0.0363244 4.16002e-21)
(1.03068 0.0366432 9.94015e-21)
(1.03295 0.0369159 3.83443e-21)
(1.03527 0.0371476 3.42205e-21)
(1.03767 0.0373399 -4.02752e-22)
(1.04015 0.0374951 6.89713e-23)
(1.04269 0.0376162 -1.02e-22)
(1.04528 0.0377067 4.52201e-22)
(1.04793 0.0377697 -6.99938e-22)
(1.01995 0.0230161 -1.31402e-21)
(1.02172 0.0233338 -1.40247e-21)
(1.02353 0.0236076 5.92559e-21)
(1.02539 0.0238444 3.25004e-21)
(1.02729 0.0240483 -5.8814e-21)
(1.02925 0.0242214 8.99062e-22)
(1.03126 0.0243658 9.27725e-22)
(1.03331 0.0244841 2.26822e-23)
(1.0354 0.0245789 -9.80028e-23)
(1.03752 0.0246527 1.29388e-23)
(1.01629 0.0128513 -7.30531e-22)
(1.01782 0.0130651 3.66434e-23)
(1.0194 0.0132517 -1.48591e-21)
(1.02102 0.013415 -3.32853e-22)
(1.02267 0.0135579 -2.49458e-22)
(1.02437 0.0136819 2.01218e-21)
(1.02609 0.0137884 -8.0594e-22)
(1.02785 0.0138791 4.86785e-22)
(1.02963 0.0139553 -5.4365e-22)
(1.03144 0.0140183 2.29165e-22)
(1.0146 0.00412318 7.4915e-22)
(1.01603 0.00419308 2.52192e-22)
(1.0175 0.00425313 -3.48651e-23)
(1.019 0.00430515 2.40061e-21)
(1.02054 0.00435052 -8.00976e-22)
(1.0221 0.0043902 -1.63937e-22)
(1.02369 0.00442498 -7.58615e-22)
(1.02531 0.00445555 -2.07339e-22)
(1.02693 0.00448246 7.38872e-22)
(1.02858 0.00450609 -5.44553e-22)
(1.00013 0.0147522 0)
(1.0009 0.0447635 0)
(1.00228 0.0761215 0)
(1.00455 0.109646 0)
(1.00824 0.14621 0)
(1.01419 0.186688 0)
(1.0236 0.231815 0)
(1.03773 0.282245 0)
(1.05917 0.335905 0)
(1.08484 0.40332 0)
(1.00021 0.0120931 0)
(1.00186 0.0363623 0)
(1.0051 0.0608995 0)
(1.01024 0.0859099 0)
(1.01752 0.111556 0)
(1.02731 0.137919 0)
(1.04007 0.164919 0)
(1.05638 0.192517 0)
(1.07663 0.218987 0)
(1.10289 0.25085 0)
(1.00021 0.00922261 0)
(1.0019 0.0276845 0)
(1.00523 0.0461585 0)
(1.01039 0.0646252 0)
(1.01745 0.0830336 0)
(1.02654 0.101287 0)
(1.03779 0.119207 0)
(1.05158 0.136657 0)
(1.0675 0.152682 0)
(1.0892 0.170458 0)
(1.00016 0.00663221 0)
(1.00151 0.0198938 0)
(1.00417 0.0330815 0)
(1.00829 0.0461067 0)
(1.01386 0.0588683 0)
(1.02088 0.0712484 0)
(1.02933 0.0830918 0)
(1.03933 0.0942679 0)
(1.05042 0.104235 0)
(1.06494 0.1146 0)
(1.00012 0.00464144 0)
(1.0011 0.0139178 0)
(1.00306 0.0231154 0)
(1.0061 0.0321443 0)
(1.0102 0.0409104 0)
(1.0153 0.0493178 0)
(1.02138 0.0572588 0)
(1.02848 0.064647 0)
(1.03627 0.0712054 0)
(1.04617 0.0777748 0)
(1.00009 0.00319455 0)
(1.00079 0.0095773 0)
(1.00221 0.0158973 0)
(1.0044 0.0220837 0)
(1.00735 0.0280647 0)
(1.011 0.0337705 0)
(1.01531 0.039129 0)
(1.02029 0.0440817 0)
(1.02573 0.0484767 0)
(1.03238 0.0527474 0)
(1.00006 0.00214612 0)
(1.00058 0.0064333 0)
(1.00162 0.0106759 0)
(1.00322 0.0148245 0)
(1.00537 0.0188295 0)
(1.00802 0.0226444 0)
(1.01116 0.0262234 0)
(1.01475 0.0295297 0)
(1.01871 0.032481 0)
(1.02337 0.0353063 0)
(1.00005 0.00136759 0)
(1.00044 0.00409924 0)
(1.00123 0.006802 0)
(1.00244 0.00944416 0)
(1.00407 0.0119943 0)
(1.00608 0.014423 0)
(1.00845 0.0167023 0)
(1.01116 0.0188093 0)
(1.01415 0.0206983 0)
(1.01757 0.0224868 0)
(1.00004 0.000758893 0)
(1.00036 0.00227476 0)
(1.00099 0.00377471 0)
(1.00198 0.00524125 0)
(1.0033 0.00665715 0)
(1.00493 0.00800652 0)
(1.00685 0.00927433 0)
(1.00905 0.0104483 0)
(1.01149 0.0115058 0)
(1.01421 0.0125029 0)
(1.00003 0.000243027 0)
(1.00032 0.000728526 0)
(1.00089 0.00120899 0)
(1.00177 0.00167881 0)
(1.00294 0.00213252 0)
(1.0044 0.00256507 0)
(1.00611 0.00297169 0)
(1.00807 0.00334844 0)
(1.01025 0.00368826 0)
(1.01265 0.00400841 0)
(0.999543 0.00080221 2.64588e-20)
(0.995424 0.00244367 -1.36607e-20)
(0.986527 0.00419419 3.50134e-20)
(0.972685 0.00613431 -2.31809e-20)
(0.953597 0.00835503 -2.50502e-20)
(0.928529 0.0109762 9.80772e-20)
(0.896403 0.0141604 -1.87855e-20)
(0.855719 0.0181283 1.35276e-19)
(0.80441 0.0231441 7.86251e-20)
(0.739414 0.0291978 -7.9346e-20)
(0.999532 0.0024018 3.21426e-20)
(0.995436 0.00731506 7.21962e-20)
(0.986626 0.0125507 1.09144e-19)
(0.972952 0.0183489 -1.52092e-19)
(0.954134 0.0249811 2.06827e-20)
(0.929478 0.032804 6.04055e-20)
(0.897966 0.0423011 -1.02876e-19)
(0.858188 0.0541276 1.75447e-19)
(0.808183 0.0690693 -4.69011e-19)
(0.745063 0.0870793 6.42117e-19)
(0.999512 0.0039875 -1.13675e-19)
(0.995461 0.01214 5.08801e-20)
(0.986824 0.0208136 -2.50108e-21)
(0.973481 0.0304043 -2.54576e-19)
(0.9552 0.0413591 6.46884e-20)
(0.931362 0.0542632 -1.47587e-19)
(0.901071 0.0699078 1.99898e-19)
(0.863096 0.089362 -5.21507e-19)
(0.815691 0.113911 8.92821e-19)
(0.75634 0.143418 -6.83873e-19)
(0.999486 0.00555199 7.39855e-20)
(0.995502 0.0168918 -2.81896e-20)
(0.987117 0.0289268 1.77859e-19)
(0.974265 0.0422032 -3.25443e-19)
(0.956779 0.0573363 2.0516e-19)
(0.934157 0.0751261 -4.10105e-19)
(0.905677 0.0966468 -6.1816e-20)
(0.870387 0.123345 1.29338e-18)
(0.826862 0.156965 -3.72487e-19)
(0.773211 0.197179 -8.7492e-19)
(0.99946 0.00709012 -3.04649e-19)
(0.995559 0.0215468 2.71254e-19)
(0.987503 0.0368373 -1.33334e-19)
(0.9753 0.0536537 -5.77683e-19)
(0.958863 0.0727706 5.53248e-19)
(0.937839 0.095183 -7.14417e-19)
(0.911743 0.122211 9.3161e-19)
(0.879991 0.155622 2.59525e-19)
(0.8416 0.197545 6.34361e-19)
(0.79565 0.247318 5.94918e-20)
(0.999438 0.00859954 2.4423e-19)
(0.995633 0.0260802 -6.64818e-20)
(0.987985 0.0444849 3.76583e-19)
(0.976591 0.0646522 -4.20017e-19)
(0.961459 0.0875072 4.03104e-19)
(0.942409 0.114215 -1.12704e-19)
(0.919242 0.146291 2.32417e-19)
(0.891843 0.185742 -7.16794e-19)
(0.859808 0.234963 -1.20794e-18)
(0.823662 0.292767 7.23556e-19)
(0.999419 0.0100887 -1.20473e-19)
(0.995716 0.0304787 -1.12543e-19)
(0.988569 0.0518174 5.56153e-20)
(0.978168 0.0751049 -3.72162e-19)
(0.96461 0.101405 1.30692e-18)
(0.947905 0.132016 -1.06495e-18)
(0.928196 0.168582 5.36377e-19)
(0.905913 0.213246 -8.98185e-19)
(0.881415 0.268499 -2.40143e-19)
(0.85732 0.332472 1.81728e-18)
(0.999398 0.0115977 1.47319e-19)
(0.995811 0.0348008 -1.91393e-20)
(0.9893 0.058909 -1.6669e-19)
(0.980111 0.0851178 2.03201e-19)
(0.968414 0.114613 5.73376e-19)
(0.954429 0.14876 -1.2491e-18)
(0.938683 0.189213 1.00225e-18)
(0.922222 0.238064 -2.23292e-18)
(0.906421 0.297593 1.82091e-18)
(0.896721 0.365492 -4.5616e-19)
(0.999393 0.0131592 -1.64713e-19)
(0.996021 0.0390993 2.15407e-19)
(0.990368 0.0658928 -3.80453e-19)
(0.982677 0.0949498 -2.26925e-19)
(0.973162 0.127559 5.3345e-21)
(0.96226 0.16507 3.19865e-19)
(0.950907 0.208947 -1.61869e-18)
(0.940773 0.260844 1.78687e-18)
(0.93465 0.321943 -1.55913e-18)
(0.941489 0.389904 6.72301e-19)
(0.999479 0.0144433 -1.15709e-19)
(0.99665 0.0425516 1.201e-20)
(0.992211 0.0715479 -4.47325e-20)
(0.98639 0.102936 -3.29112e-19)
(0.979455 0.138057 -2.46784e-19)
(0.972031 0.17819 1.41939e-18)
(0.965373 0.224508 1.12339e-18)
(0.961564 0.277986 -5.00284e-19)
(0.964868 0.337909 -1.02437e-19)
(0.988587 0.400166 -2.2055e-18)
(0.999479 -0.0144433 -1.15583e-19)
(0.99665 -0.0425516 8.85564e-20)
(0.992211 -0.0715479 -3.58985e-20)
(0.98639 -0.102936 5.4232e-19)
(0.979455 -0.138057 3.01421e-19)
(0.972031 -0.17819 -1.19734e-18)
(0.965373 -0.224508 -9.77016e-19)
(0.961564 -0.277986 6.47591e-19)
(0.964868 -0.337909 6.19194e-20)
(0.988587 -0.400166 2.26267e-18)
(0.999393 -0.0131592 7.13735e-20)
(0.996021 -0.0390993 -4.51055e-19)
(0.990368 -0.0658928 2.65826e-19)
(0.982677 -0.0949498 -1.53368e-19)
(0.973162 -0.127559 -2.40815e-19)
(0.96226 -0.16507 -1.31478e-19)
(0.950907 -0.208947 1.3636e-18)
(0.940773 -0.260844 -1.51412e-18)
(0.93465 -0.321943 1.75453e-18)
(0.94149 -0.389905 -9.35998e-19)
(0.999398 -0.0115977 -4.11039e-20)
(0.995811 -0.0348008 1.75534e-19)
(0.9893 -0.058909 2.9012e-19)
(0.980111 -0.0851178 -5.69633e-20)
(0.968414 -0.114613 -7.82664e-19)
(0.954429 -0.14876 9.39959e-19)
(0.938683 -0.189213 -9.20006e-19)
(0.922222 -0.238064 2.06577e-18)
(0.906421 -0.297593 -2.0293e-18)
(0.896721 -0.365492 6.16587e-19)
(0.999419 -0.0100887 -1.08289e-20)
(0.995716 -0.0304787 2.2993e-19)
(0.988569 -0.0518174 -2.10604e-19)
(0.978168 -0.0751049 8.00621e-19)
(0.96461 -0.101405 -1.00605e-19)
(0.947905 -0.132016 -1.12355e-19)
(0.928196 -0.168582 -5.55912e-19)
(0.905913 -0.213246 3.99273e-19)
(0.881415 -0.268499 1.95649e-19)
(0.85732 -0.332472 -1.88946e-18)
(0.999438 -0.00859954 2.15559e-19)
(0.995633 -0.0260802 -7.60103e-20)
(0.987985 -0.0444849 2.12376e-19)
(0.976591 -0.0646522 3.50921e-19)
(0.961459 -0.0875072 -4.93963e-19)
(0.942409 -0.114215 -7.53179e-20)
(0.919242 -0.146291 6.90119e-20)
(0.891843 -0.185742 5.78359e-19)
(0.859808 -0.234963 1.0387e-18)
(0.823662 -0.292767 -6.01826e-19)
(0.99946 -0.00709012 -1.54001e-19)
(0.995559 -0.0215468 -9.33973e-21)
(0.987503 -0.0368374 -4.57125e-19)
(0.9753 -0.0536537 7.14891e-19)
(0.958863 -0.0727706 -6.22444e-19)
(0.937839 -0.095183 1.20709e-18)
(0.911743 -0.122211 -1.41188e-18)
(0.879991 -0.155622 6.62728e-19)
(0.8416 -0.197545 -8.1964e-20)
(0.79565 -0.247318 8.50244e-20)
(0.999486 -0.00555199 1.49716e-19)
(0.995502 -0.0168918 -1.1451e-19)
(0.987117 -0.0289268 1.22503e-19)
(0.974265 -0.0422032 -1.65624e-19)
(0.956779 -0.0573363 4.13684e-20)
(0.934157 -0.0751261 3.04404e-19)
(0.905677 -0.0966468 2.8497e-19)
(0.870387 -0.123345 -1.79995e-18)
(0.826862 -0.156965 2.69844e-20)
(0.773211 -0.197179 8.47921e-19)
(0.999512 -0.0039875 -6.36012e-20)
(0.995461 -0.01214 1.2733e-20)
(0.986824 -0.0208136 -1.65639e-19)
(0.973481 -0.0304043 1.91917e-19)
(0.9552 -0.0413591 -7.60287e-20)
(0.931362 -0.0542633 8.03535e-20)
(0.901071 -0.0699078 -9.17458e-20)
(0.863096 -0.0893621 4.72354e-19)
(0.815691 -0.113911 -9.50773e-19)
(0.75634 -0.143418 5.76624e-19)
(0.999532 -0.0024018 4.48864e-20)
(0.995436 -0.00731506 -2.49288e-20)
(0.986626 -0.0125507 -1.96706e-20)
(0.972952 -0.0183489 2.28829e-19)
(0.954134 -0.0249811 -3.95675e-20)
(0.929478 -0.032804 -2.84922e-20)
(0.897966 -0.0423012 -5.26012e-20)
(0.858188 -0.0541276 -1.04297e-19)
(0.808183 -0.0690694 4.97501e-19)
(0.745063 -0.0870794 -6.87625e-19)
(0.999543 -0.00080221 2.53838e-20)
(0.995424 -0.00244367 -6.87831e-21)
(0.986527 -0.0041942 -3.62148e-20)
(0.972685 -0.00613433 5.38424e-20)
(0.953597 -0.00835506 4.08443e-20)
(0.928529 -0.0109762 -1.49399e-20)
(0.896403 -0.0141605 9.42463e-20)
(0.855719 -0.0181283 -1.73731e-19)
(0.80441 -0.0231442 6.06309e-21)
(0.739414 -0.0291979 1.20063e-19)
(1.00003 -0.000243027 0)
(1.00032 -0.000728526 0)
(1.00089 -0.00120899 0)
(1.00177 -0.00167881 0)
(1.00294 -0.00213252 0)
(1.0044 -0.00256507 0)
(1.00611 -0.00297168 0)
(1.00807 -0.00334844 0)
(1.01025 -0.00368826 0)
(1.01265 -0.0040084 0)
(1.00004 -0.000758893 0)
(1.00036 -0.00227476 0)
(1.00099 -0.00377471 0)
(1.00198 -0.00524125 0)
(1.0033 -0.00665715 0)
(1.00493 -0.00800652 0)
(1.00685 -0.00927433 0)
(1.00905 -0.0104483 0)
(1.01149 -0.0115058 0)
(1.01421 -0.0125029 0)
(1.00005 -0.00136759 0)
(1.00044 -0.00409924 0)
(1.00123 -0.006802 0)
(1.00244 -0.00944416 0)
(1.00407 -0.0119942 0)
(1.00608 -0.014423 0)
(1.00845 -0.0167023 0)
(1.01116 -0.0188092 0)
(1.01415 -0.0206983 0)
(1.01757 -0.0224868 0)
(1.00006 -0.00214612 0)
(1.00058 -0.0064333 0)
(1.00162 -0.0106759 0)
(1.00322 -0.0148245 0)
(1.00537 -0.0188295 0)
(1.00802 -0.0226444 0)
(1.01116 -0.0262234 0)
(1.01475 -0.0295297 0)
(1.01871 -0.032481 0)
(1.02337 -0.0353063 0)
(1.00009 -0.00319455 0)
(1.00079 -0.0095773 0)
(1.00221 -0.0158973 0)
(1.0044 -0.0220837 0)
(1.00735 -0.0280647 0)
(1.011 -0.0337705 0)
(1.01531 -0.039129 0)
(1.02029 -0.0440817 0)
(1.02573 -0.0484767 0)
(1.03238 -0.0527474 0)
(1.00012 -0.00464144 0)
(1.0011 -0.0139178 0)
(1.00306 -0.0231154 0)
(1.0061 -0.0321443 0)
(1.0102 -0.0409104 0)
(1.0153 -0.0493178 0)
(1.02138 -0.0572588 0)
(1.02848 -0.064647 0)
(1.03627 -0.0712054 0)
(1.04617 -0.0777748 0)
(1.00016 -0.00663221 0)
(1.00151 -0.0198938 0)
(1.00417 -0.0330815 0)
(1.00829 -0.0461067 0)
(1.01386 -0.0588683 0)
(1.02088 -0.0712484 0)
(1.02933 -0.0830918 0)
(1.03933 -0.0942679 0)
(1.05042 -0.104235 0)
(1.06494 -0.1146 0)
(1.00021 -0.00922261 0)
(1.0019 -0.0276845 0)
(1.00523 -0.0461585 0)
(1.01039 -0.0646252 0)
(1.01745 -0.0830336 0)
(1.02654 -0.101287 0)
(1.03779 -0.119207 0)
(1.05158 -0.136657 0)
(1.0675 -0.152682 0)
(1.0892 -0.170458 0)
(1.00021 -0.0120931 0)
(1.00186 -0.0363623 0)
(1.0051 -0.0608995 0)
(1.01024 -0.0859099 0)
(1.01752 -0.111556 0)
(1.02731 -0.137919 0)
(1.04007 -0.164919 0)
(1.05638 -0.192517 0)
(1.07663 -0.218987 0)
(1.10289 -0.25085 0)
(1.00013 -0.0147522 0)
(1.0009 -0.0447635 0)
(1.00228 -0.0761215 0)
(1.00455 -0.109646 0)
(1.00824 -0.14621 0)
(1.01419 -0.186688 0)
(1.0236 -0.231815 0)
(1.03773 -0.282245 0)
(1.05917 -0.335906 0)
(1.08484 -0.40332 0)
(1.0146 -0.00412318 5.74687e-22)
(1.01603 -0.00419307 6.67939e-22)
(1.0175 -0.00425313 9.02133e-22)
(1.019 -0.00430515 8.22489e-23)
(1.02054 -0.00435052 -1.70963e-21)
(1.0221 -0.00439019 3.92764e-22)
(1.02369 -0.00442497 7.50205e-22)
(1.02531 -0.00445554 1.70683e-22)
(1.02693 -0.00448245 -7.37035e-22)
(1.02858 -0.00450609 5.27802e-22)
(1.01629 -0.0128513 -1.4337e-21)
(1.01782 -0.0130651 4.35719e-21)
(1.0194 -0.0132517 -4.10326e-21)
(1.02102 -0.013415 -4.90735e-22)
(1.02267 -0.0135579 2.65375e-22)
(1.02437 -0.0136819 -1.37329e-21)
(1.02609 -0.0137884 1.05963e-21)
(1.02785 -0.0138791 -4.47798e-22)
(1.02963 -0.0139553 7.71938e-22)
(1.03144 -0.0140183 -1.72115e-22)
(1.01995 -0.0230161 -1.58164e-21)
(1.02172 -0.0233338 -7.65075e-22)
(1.02353 -0.0236076 3.09745e-21)
(1.02539 -0.0238444 3.85351e-21)
(1.02729 -0.0240483 -3.29775e-23)
(1.02925 -0.0242213 -1.59358e-21)
(1.03126 -0.0243658 -7.39745e-22)
(1.03331 -0.0244841 9.54954e-23)
(1.0354 -0.0245789 -1.64971e-22)
(1.03752 -0.0246527 1.26386e-22)
(1.02627 -0.0359481 1.23917e-20)
(1.02845 -0.0363244 1.24833e-20)
(1.03068 -0.0366432 -4.54207e-21)
(1.03295 -0.0369159 8.3149e-21)
(1.03527 -0.0371476 1.94796e-21)
(1.03767 -0.0373399 4.75623e-21)
(1.04015 -0.0374951 -1.66573e-22)
(1.04269 -0.0376162 -1.41075e-22)
(1.04528 -0.0377067 -6.54925e-22)
(1.04793 -0.0377697 2.08493e-22)
(1.03605 -0.0533199 8.31003e-21)
(1.03888 -0.0536206 1.43094e-21)
(1.04173 -0.0538427 -1.04399e-20)
(1.0446 -0.0540058 -7.24306e-21)
(1.04756 -0.0541164 3.23293e-21)
(1.05063 -0.0541759 -1.00636e-20)
(1.05381 -0.0541869 2.89855e-21)
(1.05708 -0.0541544 1.29739e-22)
(1.06045 -0.0540843 -4.62243e-22)
(1.06392 -0.0539826 4.47528e-22)
(1.05121 -0.0781244 -1.78827e-21)
(1.05516 -0.0782503 -2.24318e-20)
(1.05906 -0.0782786 2.16193e-20)
(1.06293 -0.0782425 -6.98267e-21)
(1.06692 -0.078152 -1.08157e-20)
(1.07109 -0.0780059 1.09507e-20)
(1.07541 -0.0778045 3.5944e-21)
(1.07987 -0.0775529 9.87757e-22)
(1.08447 -0.0772582 -1.39901e-23)
(1.08921 -0.0769277 1.92854e-22)
(1.072 -0.114231 -2.28433e-20)
(1.07778 -0.113752 7.13725e-20)
(1.08342 -0.113066 -1.36925e-20)
(1.08889 -0.112253 9.55459e-22)
(1.09451 -0.111348 1.0049e-20)
(1.10037 -0.110352 -1.31688e-20)
(1.10645 -0.109266 6.78648e-21)
(1.11271 -0.108096 -2.53433e-21)
(1.11915 -0.106854 9.35491e-22)
(1.12578 -0.105551 -1.42783e-22)
(1.10055 -0.170162 2.55094e-20)
(1.11032 -0.169568 1.04913e-20)
(1.11964 -0.168465 6.43998e-20)
(1.12837 -0.167002 -2.71702e-20)
(1.13715 -0.165285 5.74768e-21)
(1.14626 -0.163356 1.15898e-20)
(1.15566 -0.161254 3.02661e-21)
(1.1653 -0.159022 7.71324e-22)
(1.17516 -0.156702 -5.87405e-21)
(1.18526 -0.154319 5.75707e-21)
(1.1217 -0.249575 1.15591e-20)
(1.13999 -0.248411 -7.57897e-20)
(1.15785 -0.246537 -7.44967e-20)
(1.17394 -0.243866 4.03347e-20)
(1.18938 -0.24032 6.57989e-21)
(1.20473 -0.235843 8.97227e-22)
(1.21991 -0.230435 -1.56445e-20)
(1.23474 -0.224133 2.52877e-20)
(1.24916 -0.216978 -2.8976e-20)
(1.26309 -0.209002 -4.98087e-24)
(1.11923 -0.39899 2.64705e-19)
(1.15316 -0.395152 7.69585e-20)
(1.18779 -0.391308 4.04102e-20)
(1.22126 -0.386673 -3.41843e-20)
(1.25422 -0.380813 2.26174e-20)
(1.28641 -0.373517 1.85193e-21)
(1.31708 -0.364571 -2.73394e-21)
(1.34552 -0.35373 1.41167e-20)
(1.37105 -0.340749 2.78242e-20)
(1.39292 -0.325403 -7.86565e-22)
(1.03022 -0.00452666 1.04804e-21)
(1.03188 -0.00454425 -1.94381e-21)
(1.03353 -0.00455876 6.15365e-22)
(1.03518 -0.00457001 -6.07352e-21)
(1.03682 -0.00457767 2.40852e-21)
(1.03845 -0.00458133 6.55186e-21)
(1.04007 -0.00458044 -1.27615e-21)
(1.04167 -0.00457411 -2.91485e-22)
(1.04325 -0.0045595 5.11188e-22)
(1.0448 -0.00452184 1.3642e-21)
(1.03325 -0.0140693 -4.57817e-22)
(1.03508 -0.0141092 2.57528e-21)
(1.03691 -0.0141386 -2.31042e-21)
(1.03874 -0.0141581 -5.24405e-21)
(1.04057 -0.0141681 9.58442e-21)
(1.0424 -0.0141686 -3.51549e-22)
(1.04422 -0.0141595 4.28696e-21)
(1.04602 -0.0141393 -3.27261e-21)
(1.04781 -0.0140998 -6.08015e-22)
(1.04957 -0.0139896 -1.22752e-21)
(1.03967 -0.0247078 2.58417e-23)
(1.04184 -0.0247464 -8.04213e-23)
(1.04404 -0.0247703 4.7279e-22)
(1.04626 -0.0247813 3.78996e-21)
(1.04849 -0.0247807 1.23923e-21)
(1.05073 -0.0247698 -4.20294e-21)
(1.05299 -0.0247491 -8.04186e-21)
(1.05525 -0.024717 1.1573e-20)
(1.05752 -0.0246575 -3.0332e-21)
(1.0598 -0.0244662 -1.67253e-21)
(1.05064 -0.0378086 1.63249e-21)
(1.05339 -0.0378263 -2.63266e-21)
(1.0562 -0.0378258 3.79341e-21)
(1.05904 -0.0378098 -3.39925e-22)
(1.06194 -0.0377811 -1.02369e-21)
(1.06488 -0.0377421 7.96208e-21)
(1.06786 -0.0376947 6.84202e-21)
(1.07088 -0.0376374 1.60527e-20)
(1.07396 -0.0375446 5.11519e-21)
(1.07712 -0.0372297 1.72527e-20)
(1.06748 -0.0538557 1.42298e-21)
(1.07113 -0.0537098 -5.29259e-22)
(1.07488 -0.0535515 -5.60319e-21)
(1.07873 -0.0533873 -1.3714e-20)
(1.08268 -0.0532235 3.84073e-21)
(1.08674 -0.053066 -1.39981e-21)
(1.09091 -0.0529198 6.77915e-21)
(1.09519 -0.0527841 -3.06407e-20)
(1.09958 -0.0526217 -2.13233e-21)
(1.10422 -0.0521244 9.10939e-21)
(1.09409 -0.0765684 -1.64515e-21)
(1.09913 -0.0761871 -4.73736e-21)
(1.10433 -0.07579 7.5848e-21)
(1.10968 -0.0753819 -1.0469e-20)
(1.1152 -0.0749666 2.04707e-20)
(1.12089 -0.0745455 -1.78951e-20)
(1.12675 -0.0741173 1.62141e-20)
(1.13275 -0.073673 2.35732e-20)
(1.13891 -0.0731572 -3.07925e-20)
(1.14552 -0.0721037 1.34767e-21)
(1.13262 -0.104201 5.63085e-21)
(1.13968 -0.102818 -5.39214e-21)
(1.14698 -0.101413 -7.58254e-21)
(1.15453 -0.0999982 -3.93609e-21)
(1.16232 -0.098578 -1.26639e-20)
(1.17035 -0.0971487 1.56279e-20)
(1.17857 -0.0956936 -5.49157e-20)
(1.18692 -0.0941779 3.5166e-20)
(1.19528 -0.0925124 8.90737e-20)
(1.20398 -0.090045 5.6642e-21)
(1.19559 -0.151876 -1.78703e-21)
(1.20612 -0.149354 -1.31412e-20)
(1.21678 -0.146708 2.54541e-20)
(1.22747 -0.143861 -4.3783e-20)
(1.23802 -0.140702 -1.40027e-20)
(1.24822 -0.137093 3.42066e-20)
(1.2578 -0.13287 4.37191e-20)
(1.26642 -0.127862 7.32346e-20)
(1.27377 -0.121892 6.61849e-20)
(1.27914 -0.113974 -1.04394e-20)
(1.2764 -0.200208 1.35125e-20)
(1.28889 -0.190566 2.23377e-20)
(1.30027 -0.180008 -2.36139e-20)
(1.31018 -0.16844 8.07693e-20)
(1.31818 -0.155763 -9.12702e-20)
(1.3238 -0.141908 -1.74123e-19)
(1.32655 -0.126875 2.65001e-19)
(1.32596 -0.110775 -1.226e-19)
(1.32211 -0.0938909 -1.47654e-19)
(1.30817 -0.0752135 3.78075e-20)
(1.41026 -0.307508 -2.22609e-20)
(1.42207 -0.286961 -2.12727e-20)
(1.42728 -0.263797 1.94305e-19)
(1.42481 -0.238264 -3.16273e-20)
(1.41367 -0.210907 -1.40759e-19)
(1.39311 -0.182635 -7.98841e-20)
(1.36271 -0.15476 8.83857e-20)
(1.32243 -0.128947 -1.49773e-20)
(1.27243 -0.107034 1.53085e-19)
(1.19466 -0.0882631 4.88391e-19)
(1.05547 -0.00347371 0)
(1.06591 -0.000962962 0)
(1.06797 0.0005134 0)
(1.06274 0.00100443 0)
(1.05733 0.00108256 0)
(1.05096 0.00105324 0)
(1.0477 0.000940266 0)
(1.0426 0.000808143 0)
(1.04115 0.000671885 0)
(1.03633 0.000604168 0)
(1.06144 -0.0105708 0)
(1.07179 -0.00284158 0)
(1.07309 0.00156965 0)
(1.06731 0.0030436 0)
(1.06181 0.00329199 0)
(1.05542 0.00317907 0)
(1.05223 0.00281669 0)
(1.04717 0.00240451 0)
(1.0458 0.00199246 0)
(1.04108 0.00179449 0)
(1.07431 -0.0179369 0)
(1.08426 -0.00445046 0)
(1.08394 0.0028 0)
(1.07704 0.0051831 0)
(1.07133 0.00558703 0)
(1.06479 0.00533004 0)
(1.06171 0.00467039 0)
(1.05657 0.00395676 0)
(1.05535 0.00325726 0)
(1.05062 0.00295768 0)
(1.09586 -0.0259737 0)
(1.10466 -0.00562113 0)
(1.10165 0.00441989 0)
(1.09294 0.00755538 0)
(1.08679 0.00802184 0)
(1.07971 0.00751909 0)
(1.07663 0.00652424 0)
(1.07095 0.00549801 0)
(1.06984 0.00450838 0)
(1.06451 0.00416235 0)
(1.12945 -0.034067 0)
(1.13513 -0.00586978 0)
(1.12763 0.00700753 0)
(1.11595 0.0106785 0)
(1.10864 0.0109724 0)
(1.10012 0.00998587 0)
(1.09652 0.0086158 0)
(1.08922 0.0072248 0)
(1.08789 0.00598116 0)
(1.08065 0.00561971 0)
(1.17793 -0.0434369 0)
(1.17676 -0.00606729 0)
(1.16171 0.0107899 0)
(1.1448 0.0152424 0)
(1.13457 0.0151892 0)
(1.12292 0.0133576 0)
(1.11743 0.0115667 0)
(1.10683 0.00963368 0)
(1.10437 0.00822602 0)
(1.09337 0.00773051 0)
(1.24303 -0.0496247 0)
(1.22609 -0.00601305 0)
(1.19765 0.0161784 0)
(1.1711 0.0219121 0)
(1.15446 0.0216102 0)
(1.1373 0.0185806 0)
(1.12771 0.0163325 0)
(1.11227 0.0134797 0)
(1.10732 0.0120322 0)
(1.09155 0.0109575 0)
(1.30368 -0.0553801 0)
(1.25701 -0.00742664 0)
(1.2094 0.0227705 0)
(1.1684 0.0302933 0)
(1.14224 0.0305861 0)
(1.11865 0.0262763 0)
(1.10397 0.0235664 0)
(1.08501 0.019207 0)
(1.07719 0.0177905 0)
(1.0595 0.0152882 0)
(1.30372 -0.00302567 0)
(1.20182 0.0230605 0)
(1.13726 0.0495325 0)
(1.08335 0.0481721 0)
(1.053 0.0456411 0)
(1.03018 0.037411 0)
(1.01633 0.0329572 0)
(1.00243 0.0258318 0)
(0.995507 0.024214 0)
(0.985618 0.019261 0)
(1.02788 0.0577084 0)
(0.905512 0.0718407 0)
(0.883015 0.0906616 0)
(0.8523 0.0655408 0)
(0.851366 0.058297 0)
(0.854004 0.0440748 0)
(0.858621 0.0376927 0)
(0.866015 0.0278825 0)
(0.868267 0.0265161 0)
(0.879416 0.0192786 0)
(0.644402 0.0912977 2.72929e-19)
(0.610254 0.0876772 -3.98632e-20)
(0.673648 0.091035 -1.64275e-20)
(0.682794 0.060364 1.49722e-20)
(0.715943 0.0521221 1.88518e-20)
(0.741658 0.0381431 -4.81142e-22)
(0.7623 0.0321925 -1.93247e-21)
(0.786076 0.0235048 -1.35056e-22)
(0.795578 0.0222796 -2.38304e-23)
(0.82127 0.0157662 4.21215e-22)
(0.531157 0.0834148 -2.04475e-20)
(0.521206 0.084381 -4.20657e-20)
(0.611685 0.0869393 3.00469e-20)
(0.634174 0.0571889 -2.03373e-20)
(0.678009 0.0492598 -1.51525e-21)
(0.710849 0.0358959 3.74358e-21)
(0.736257 0.0302228 5.44187e-22)
(0.764666 0.0220318 1.69632e-21)
(0.776141 0.0208156 6.06831e-23)
(0.805693 0.0146581 -7.49609e-22)
(0.423221 0.0682915 1.76628e-19)
(0.434017 0.0784147 2.49506e-20)
(0.550173 0.0809706 2.04587e-20)
(0.586292 0.0532214 2.80146e-20)
(0.640819 0.0456695 -6.30142e-21)
(0.680902 0.0331822 -1.94086e-21)
(0.711132 0.0278584 -3.00625e-21)
(0.7442 0.0202858 -1.2022e-21)
(0.757715 0.0190883 -2.21095e-22)
(0.791085 0.0133962 4.09504e-22)
(0.32316 0.0545598 -3.60007e-19)
(0.351169 0.072037 3.92242e-20)
(0.490867 0.0740279 -7.07071e-20)
(0.540409 0.0485761 3.25288e-21)
(0.60532 0.0414476 -1.44387e-21)
(0.652533 0.0300129 6.65262e-21)
(0.68749 0.0251152 -4.7923e-22)
(0.725099 0.0182626 2.71991e-23)
(0.740643 0.0171193 1.22912e-23)
(0.777688 0.0119719 2.69502e-22)
(0.233227 0.0423774 2.95134e-19)
(0.275005 0.0643044 -1.2218e-19)
(0.435604 0.0656975 -1.79308e-20)
(0.497857 0.0430277 1.37017e-20)
(0.572502 0.0365247 4.16924e-21)
(0.626478 0.0263644 -5.13309e-21)
(0.665901 0.0219955 -1.19604e-21)
(0.707783 0.0159716 -5.35526e-22)
(0.725265 0.0149222 -1.40299e-22)
(0.765728 0.0103993 6.582e-22)
(0.155356 0.0314737 -2.80473e-20)
(0.207726 0.0549243 1.31075e-19)
(0.386208 0.0559032 1.34897e-20)
(0.459958 0.0365737 -1.59054e-20)
(0.543344 0.0309213 1.85786e-20)
(0.603454 0.0222623 6.64491e-22)
(0.646918 0.0185257 2.18298e-21)
(0.692648 0.0134356 1.65112e-22)
(0.711897 0.0125174 4.07759e-22)
(0.755412 0.00869689 -6.90425e-22)
(0.0911765 0.0221286 -1.25512e-19)
(0.151302 0.0441613 -1.89981e-20)
(0.344376 0.0448479 5.01823e-20)
(0.427949 0.02933 -7.28687e-21)
(0.518761 0.0247201 -8.07573e-21)
(0.584129 0.017762 1.26327e-21)
(0.631047 0.0147498 -4.65408e-22)
(0.680059 0.0106864 1.15127e-22)
(0.700827 0.00993313 -7.89061e-23)
(0.746925 0.00688423 1.17504e-22)
(0.0419688 0.014415 2.93939e-20)
(0.107409 0.0323305 6.15359e-23)
(0.31159 0.0327849 1.57796e-20)
(0.40291 0.0214398 -7.1075e-21)
(0.499556 0.0180278 -1.71553e-21)
(0.569082 0.0129341 1.10763e-21)
(0.618728 0.010723 -6.90293e-22)
(0.670325 0.0077628 1.61478e-22)
(0.692297 0.0072032 -1.41107e-22)
(0.740419 0.00498294 -3.39283e-22)
(0.00866435 0.00805995 2.01932e-20)
(0.077375 0.0197194 -2.39825e-20)
(0.289036 0.0199778 -1.93325e-20)
(0.385709 0.0130652 4.42784e-21)
(0.486373 0.0109685 1.1319e-21)
(0.558779 0.00786123 -7.9523e-22)
(0.610311 0.00650977 5.20413e-22)
(0.663692 0.00470973 7.92421e-23)
(0.6865 0.00436586 1.09559e-22)
(0.736013 0.00301675 -2.23778e-22)
(-0.0081352 0.0025852 -1.9937e-21)
(0.0621207 0.0066274 1.52156e-20)
(0.277546 0.00671167 5.87723e-21)
(0.376953 0.00438995 -3.47626e-22)
(0.479665 0.00368192 1.01666e-21)
(0.553544 0.00263689 -1.86849e-22)
(0.60604 0.0021815 1.56503e-22)
(0.660333 0.001577 1.86253e-23)
(0.683567 0.00146271 2.25135e-24)
(0.73379 0.00101101 2.37789e-22)
)
;

boundaryField
{
    inlet
    {
        type            uniformFixedValue;
        uniformValue    constant (1 0 0);
        value           uniform (1 0 0);
    }
    outlet
    {
        type            pressureInletOutletVelocity;
        value           nonuniform List<vector> 
40
(
(0.879415 -0.0192764 0)
(0.985616 -0.0192587 0)
(1.0595 -0.015286 0)
(1.09155 -0.0109556 0)
(1.09337 -0.00772891 0)
(1.08065 -0.00561848 0)
(1.06451 -0.00416146 0)
(1.05062 -0.00295708 0)
(1.04108 -0.00179414 0)
(1.03633 -0.000604057 0)
(0.73379 -0.00100802 2.43901e-22)
(0.736013 -0.00301377 -2.23512e-22)
(0.740418 -0.00497998 -3.2633e-22)
(0.746924 -0.00688131 1.21108e-22)
(0.755412 -0.00869402 -6.42705e-22)
(0.765727 -0.0103965 6.89538e-22)
(0.777687 -0.0119691 2.65522e-22)
(0.791084 -0.0133935 3.81443e-22)
(0.805692 -0.0146555 -8.05515e-22)
(0.821269 -0.0157636 3.67893e-22)
(0.82127 0.0157662 4.21215e-22)
(0.805693 0.0146581 -7.49609e-22)
(0.791085 0.0133962 4.09504e-22)
(0.777688 0.0119719 2.69502e-22)
(0.765728 0.0103993 6.582e-22)
(0.755412 0.00869689 -6.90425e-22)
(0.746925 0.00688423 1.17504e-22)
(0.740419 0.00498294 -3.39283e-22)
(0.736013 0.00301675 -2.23778e-22)
(0.73379 0.00101101 2.37789e-22)
(1.03633 0.000604168 0)
(1.04108 0.00179449 0)
(1.05062 0.00295768 0)
(1.06451 0.00416235 0)
(1.08065 0.00561971 0)
(1.09337 0.00773051 0)
(1.09155 0.0109575 0)
(1.0595 0.0152882 0)
(0.985618 0.019261 0)
(0.879416 0.0192786 0)
)
;
    }
    cylinder
    {
        type            fixedValue;
        value           uniform (0 0 0);
    }
    top
    {
        type            symmetryPlane;
    }
    bottom
    {
        type            symmetryPlane;
    }
    defaultFaces
    {
        type            empty;
    }
}


// ************************************************************************* //
