/*--------------------------------*- C++ -*----------------------------------*\
  =========                 |
  \\      /  F ield         | OpenFOAM: The Open Source CFD Toolbox
   \\    /   O peration     | Website:  https://openfoam.org
    \\  /    A nd           | Version:  6.0
     \\/     M anipulation  |
\*---------------------------------------------------------------------------*/
FoamFile
{
    version     2.0;
    format      ascii;
    class       volVectorField;
    location    "38";
    object      U;
}
// * * * * * * * * * * * * * * * * * * * * * * * * * * * * * * * * * * * * * //

dimensions      [0 1 -1 0 0 0 0];

internalField   nonuniform List<vector> 
2000
(
(-0.0019913 0.00173831 5.72968e-20)
(-0.00762182 0.00330235 6.80509e-20)
(-0.0153305 0.00366146 -6.48757e-20)
(-0.022333 0.00333697 -1.3238e-19)
(-0.0276811 0.00263918 -9.24747e-20)
(-0.031222 0.00177119 1.23196e-19)
(-0.0330532 0.000878387 7.1758e-20)
(-0.0334438 6.74783e-05 -2.90284e-20)
(-0.0328259 -0.00058242 -7.24656e-20)
(-0.0314944 -0.00100742 5.2837e-20)
(-0.00248977 0.00512138 -1.42023e-19)
(-0.0083709 0.00968544 1.9606e-19)
(-0.0157256 0.0106972 1.95507e-20)
(-0.0220255 0.00969685 -1.13565e-19)
(-0.0264599 0.00759735 5.43421e-19)
(-0.0289521 0.00499558 -2.39166e-19)
(-0.0296477 0.00231986 -2.58747e-19)
(-0.0288422 -0.000111511 3.12082e-19)
(-0.026984 -0.00205682 -3.07786e-19)
(-0.0244455 -0.0033236 1.55273e-19)
(-0.00343584 0.00822503 2.35876e-20)
(-0.00972829 0.0154096 8.38915e-21)
(-0.0163018 0.016886 5.87585e-19)
(-0.0211439 0.0151398 2.0612e-19)
(-0.0237178 0.0116324 4.08802e-20)
(-0.0240982 0.00731564 3.38061e-19)
(-0.0225234 0.00287521 -6.42103e-19)
(-0.0193377 -0.00116605 1.3926e-20)
(-0.0150188 -0.00439135 -3.79695e-19)
(-0.0101009 -0.00647711 4.18279e-19)
(-0.00472414 0.0108682 -4.43705e-20)
(-0.0114035 0.0200605 2.5527e-19)
(-0.0166179 0.0217189 -7.43741e-19)
(-0.0191362 0.0191488 -9.61356e-20)
(-0.0188318 0.0142667 -5.47419e-19)
(-0.0160029 0.00831028 5.66942e-19)
(-0.0110217 0.00217435 -6.01348e-19)
(-0.00429486 -0.00343206 4.22318e-19)
(0.00366518 -0.00789919 1.77543e-19)
(0.0120664 -0.0107679 -2.00621e-19)
(-0.00618716 0.012875 -4.93844e-19)
(-0.01294 0.0232575 4.45624e-21)
(-0.0159822 0.0247664 9.16179e-19)
(-0.015134 0.0213423 2.74668e-19)
(-0.0108139 0.0152243 -8.73345e-19)
(-0.00361459 0.00783401 5.43065e-19)
(0.00592008 0.000194343 6.15555e-19)
(0.0173164 -0.00684127 -5.48815e-19)
(0.030039 -0.0124555 3.91302e-19)
(0.042928 -0.0160508 9.60887e-20)
(-0.00758386 0.0140745 6.75052e-20)
(-0.0136957 0.0246651 1.25202e-20)
(-0.0134288 0.0257005 -1.17133e-18)
(-0.00791995 0.021511 -6.55296e-19)
(0.00173696 0.0144912 7.81714e-19)
(0.0145807 0.00611402 -9.15421e-19)
(0.0298523 -0.00259179 1.04898e-18)
(0.0470125 -0.0107171 -9.06084e-20)
(0.0655443 -0.0172524 -2.95111e-19)
(0.0838051 -0.0214748 -8.57727e-19)
(-0.00858788 0.0143042 -1.46887e-19)
(-0.0128316 0.0240057 -2.68277e-19)
(-0.00771272 0.0243086 -3.29593e-19)
(0.00408058 0.0196263 7.03113e-19)
(0.0206616 0.0123258 1.30428e-18)
(0.0406206 0.00378308 -2.69575e-19)
(0.0629181 -0.00513443 -6.56101e-19)
(0.0869341 -0.0136351 2.00112e-19)
(0.112255 -0.0206184 -1.26023e-18)
(0.136681 -0.0252877 1.38425e-18)
(-0.00878375 0.0134243 8.98368e-19)
(-0.0093277 0.0210859 -4.90371e-19)
(0.00264708 0.0205019 9.57357e-19)
(0.0227374 0.0158167 -1.56413e-18)
(0.0481762 0.00920435 -7.47368e-19)
(0.0770179 0.00182439 -1.0352e-18)
(0.107834 -0.00579657 3.00755e-19)
(0.139849 -0.0132518 -8.3737e-19)
(0.172884 -0.0195771 1.82351e-18)
(0.204282 -0.0240849 5.10459e-19)
(-0.00768216 0.0113475 6.61341e-20)
(-0.00204408 0.0158388 7.98775e-19)
(0.0192568 0.0143219 1.58735e-18)
(0.050067 0.0102991 4.85064e-19)
(0.0867055 0.00565774 1.43571e-18)
(0.126599 0.0013579 7.86943e-20)
(0.167739 -0.00240999 -7.11856e-22)
(0.208927 -0.00569595 5.78824e-19)
(0.250241 -0.00784312 4.68172e-19)
(0.289124 -0.00926793 -1.51947e-18)
(-0.00477028 0.00808568 -5.32152e-19)
(0.0101478 0.00838407 -8.9128e-19)
(0.0436454 0.005937 -1.29552e-18)
(0.087999 0.00320776 3.06123e-20)
(0.138754 0.00175499 -6.60445e-19)
(0.19281 0.00254038 1.04094e-18)
(0.247593 0.00588624 -2.86583e-18)
(0.301168 0.0120114 1.28663e-18)
(0.352891 0.0215105 4.83617e-19)
(0.400039 0.0302421 1.51735e-18)
(0.00038898 0.00380834 2.66201e-19)
(0.0281191 -0.00087506 -1.01904e-18)
(0.0768117 -0.00427395 9.09909e-19)
(0.137566 -0.00546304 -3.53016e-19)
(0.205558 -0.00344462 3.83984e-19)
(0.277826 0.00270501 8.35963e-19)
(0.352535 0.0137223 -1.12238e-18)
(0.429282 0.0305489 1.45828e-19)
(0.509045 0.0524483 -5.3783e-19)
(0.59418 0.0694481 1.09121e-18)
(0.00806062 -0.00110819 3.81399e-19)
(0.0522616 -0.0110938 -9.23893e-19)
(0.118759 -0.0153307 1.25881e-18)
(0.197752 -0.0150205 -7.83948e-19)
(0.284053 -0.0102817 -2.87586e-19)
(0.374609 -0.000974857 1.70265e-19)
(0.467613 0.0128116 8.80307e-20)
(0.562496 0.0307658 1.19408e-18)
(0.658911 0.0501721 3.4375e-19)
(0.754567 0.0623348 1.46956e-18)
(0.0183525 -0.00610223 -3.40429e-19)
(0.0826143 -0.0209194 1.19454e-18)
(0.16901 -0.025265 -9.96735e-19)
(0.267059 -0.0228329 -1.16897e-18)
(0.371093 -0.0151031 1.63552e-18)
(0.477621 -0.00286864 -1.24356e-18)
(0.584246 0.0129397 3.28481e-19)
(0.689413 0.0312098 -1.9473e-18)
(0.791341 0.0492594 1.45866e-18)
(0.886049 0.0617443 7.28803e-20)
(0.0312709 -0.0105461 -4.43659e-19)
(0.118978 -0.0287946 -4.2847e-19)
(0.226872 -0.0317856 -9.12397e-19)
(0.344067 -0.0258931 1.10594e-18)
(0.464452 -0.0140416 -5.58603e-20)
(0.584067 0.00207349 7.14994e-19)
(0.699975 0.0208509 1.30435e-18)
(0.809937 0.0407929 -4.00832e-19)
(0.911584 0.0598049 -1.41776e-18)
(1.00091 0.0748737 2.81479e-18)
(0.046746 -0.0138319 -2.29323e-19)
(0.160913 -0.0332176 -2.73537e-19)
(0.291343 -0.0327813 4.92257e-19)
(0.427119 -0.0216662 -9.14978e-19)
(0.561889 -0.00426364 1.56318e-19)
(0.691447 0.016878 1.39109e-19)
(0.81267 0.03961 6.10064e-20)
(0.923207 0.0622268 -9.85859e-21)
(1.02086 0.0832255 -1.49442e-19)
(1.10226 0.100988 -2.37965e-18)
(0.0646193 -0.0153979 9.30888e-19)
(0.207685 -0.0328639 -6.49657e-19)
(0.360986 -0.0265382 8.3082e-21)
(0.514058 -0.0083398 -9.89433e-19)
(0.660659 0.015905 -3.53994e-19)
(0.796708 0.0428735 3.30988e-19)
(0.919367 0.0699916 2.57043e-19)
(1.02674 0.0954686 -9.15962e-19)
(1.11735 0.118339 7.48673e-19)
(1.18885 0.137789 -9.81619e-19)
(0.084612 -0.0147327 4.01775e-19)
(0.258231 -0.0266438 -3.57072e-19)
(0.433903 -0.0118363 1.48313e-18)
(0.602229 0.0150997 1.51218e-19)
(0.757555 0.0470178 3.47526e-19)
(0.896418 0.0799676 1.54895e-18)
(1.01678 0.111129 -2.36834e-19)
(1.11772 0.138795 2.15796e-19)
(1.19889 0.162561 8.93592e-20)
(1.25919 0.182093 -1.0998e-19)
(0.106294 -0.0113863 2.80697e-19)
(0.311143 -0.0137432 6.74864e-19)
(0.507784 0.0120114 -7.22946e-19)
(0.688613 0.0488886 -2.44746e-19)
(0.849164 0.0886649 -3.02338e-19)
(0.987149 0.127017 4.68457e-19)
(1.10186 0.161146 -2.43671e-19)
(1.19375 0.189672 6.55569e-19)
(1.26385 0.212844 2.20609e-19)
(1.3125 0.230663 -3.5966e-19)
(0.129072 -0.00499466 -3.02485e-19)
(0.364704 0.00632823 2.68863e-19)
(0.580019 0.0451367 -5.73704e-19)
(0.770043 0.0925423 2.47469e-19)
(0.932164 0.139655 -2.56782e-19)
(1.06584 0.182156 -3.20476e-19)
(1.17214 0.217626 -2.57356e-19)
(1.25319 0.245299 2.87614e-19)
(1.3115 0.266201 -5.4227e-19)
(1.34886 0.280634 3.27712e-19)
(0.152193 0.00468201 -1.07822e-19)
(0.416948 0.0336823 -2.10913e-19)
(0.647857 0.0871016 1.00436e-19)
(0.843436 0.144924 6.192e-21)
(1.0036 0.198185 8.33365e-20)
(1.13007 0.243067 1.14332e-19)
(1.22601 0.277936 1.05961e-19)
(1.29535 0.302932 -1.4051e-19)
(1.34202 0.319978 1.19622e-19)
(1.36911 0.329673 -1.87204e-19)
(0.174776 0.0177191 -6.24137e-20)
(0.465775 0.0680016 -2.34133e-20)
(0.708582 0.1369 9.31697e-20)
(0.906011 0.204326 -4.28917e-20)
(1.0611 0.262006 1.14321e-19)
(1.17821 0.307191 -1.47609e-19)
(1.26274 0.339449 3.42114e-20)
(1.32037 0.360075 3.67084e-20)
(1.35627 0.371949 -1.53869e-20)
(1.37465 0.375984 5.82149e-20)
(0.195857 0.0339918 -6.73329e-20)
(0.509072 0.10851 -3.04702e-19)
(0.759693 0.192986 -2.11048e-20)
(0.955471 0.268575 6.2724e-21)
(1.10299 0.328579 -3.96313e-19)
(1.20944 0.371906 5.2392e-20)
(1.2824 0.399692 -4.46049e-20)
(1.3291 0.414555 -1.07591e-19)
(1.35567 0.420328 2.24315e-19)
(1.36715 0.418229 -4.08997e-19)
(0.214445 0.0531506 -3.25199e-20)
(0.544853 0.15397 6.17111e-19)
(0.799067 0.253335 9.94331e-20)
(0.990137 0.335148 -5.4329e-19)
(1.12837 0.395217 -4.40563e-20)
(1.22372 0.434652 -5.20638e-19)
(1.28575 0.456424 3.81643e-19)
(1.32289 0.464537 -1.38471e-19)
(1.34192 0.463701 2.45643e-19)
(1.34842 0.455418 -1.79489e-19)
(0.229587 0.0746123 -2.05069e-19)
(0.571395 0.202718 1.9586e-19)
(0.825095 0.315541 -1.41369e-19)
(1.00902 0.401307 1.06556e-18)
(1.13708 0.459222 5.25894e-19)
(1.22173 0.493027 -1.21932e-19)
(1.27409 0.50767 4.10788e-19)
(1.30345 0.508497 -2.70304e-19)
(1.31689 0.500955 -7.53085e-20)
(1.32028 0.486797 4.9411e-19)
(0.240436 0.0975687 -3.54949e-19)
(0.587357 0.252731 4.51701e-19)
(0.836775 0.376931 -8.88719e-19)
(1.01185 0.464234 1.24811e-19)
(1.12967 0.51799 2.78915e-19)
(1.20469 0.544843 -4.27714e-19)
(1.24914 0.551725 -4.98034e-19)
(1.27272 0.545171 2.18622e-19)
(1.28252 0.531182 -2.63259e-19)
(1.28453 0.511753 3.16106e-19)
(0.246312 0.121013 -8.96827e-20)
(0.591874 0.301725 -4.59621e-19)
(0.833757 0.434708 2.54278e-19)
(0.999032 0.521159 4.26438e-19)
(1.10726 0.569097 -2.56442e-19)
(1.17428 0.588156 -1.91067e-19)
(1.21287 0.587118 -1.04377e-19)
(1.23273 0.573483 -5.15995e-20)
(1.24078 0.553597 1.07752e-20)
(1.24291 0.529718 1.07674e-19)
(0.246759 0.143785 6.58335e-20)
(0.584619 0.347278 -3.85696e-19)
(0.816342 0.486099 6.43305e-19)
(0.971583 0.569494 -3.81146e-19)
(1.07145 0.610386 1.06531e-19)
(1.13248 0.62129 -1.51122e-19)
(1.16741 0.612602 1.62693e-19)
(1.18559 0.592495 3.12173e-20)
(1.19356 0.56743 -7.78589e-20)
(1.19711 0.54002 1.51237e-19)
(0.241593 0.164636 -1.73072e-19)
(0.565834 0.386975 3.38134e-19)
(0.78545 0.528509 -1.52007e-20)
(0.931027 0.60695 -7.32601e-20)
(1.02419 0.640034 -2.01327e-19)
(1.08145 0.642882 2.48233e-20)
(1.11501 0.627183 6.14054e-20)
(1.1335 0.601457 -1.51422e-19)
(1.14303 0.571982 1.7684e-19)
(1.1492 0.541878 1.50262e-19)
(0.230936 0.182311 3.85112e-20)
(0.536326 0.418562 -8.0954e-20)
(0.742533 0.559669 2.41922e-20)
(0.87924 0.631621 1.25941e-20)
(0.967555 0.656554 7.78239e-20)
(1.02334 0.651785 -1.4398e-19)
(1.05788 0.629966 -3.01255e-19)
(1.07891 0.599657 -1.22903e-19)
(1.09214 0.566622 -1.57097e-19)
(1.10255 0.5347 1.33086e-19)
(0.215231 0.195654 1.10705e-19)
(0.497431 0.440131 -1.7164e-19)
(0.689468 0.577805 1.65673e-19)
(0.818264 0.64211 -3.14736e-19)
(0.903423 0.658818 7.6356e-20)
(0.959697 0.646834 5.16093e-19)
(0.997279 0.619363 -1.58264e-19)
(1.02317 0.584702 1.8812e-19)
(1.04271 0.548004 2.75418e-19)
(1.05903 0.515027 1.00178e-18)
(0.195249 0.203726 6.80353e-19)
(0.450968 0.450296 -4.6293e-19)
(0.628514 0.581864 1.12665e-18)
(0.750269 0.637905 -1.92949e-19)
(0.83339 0.646759 9.6664e-19)
(0.891058 0.628052 6.06462e-19)
(0.932311 0.594737 -1.42478e-18)
(0.963571 0.55388 2.16323e-18)
(0.989457 0.507899 -4.57158e-19)
(1.00632 0.461006 8.99578e-19)
(0.17205 0.205874 -3.75305e-19)
(0.399205 0.448255 -2.67581e-19)
(0.562391 0.57153 2.58795e-19)
(0.677929 0.619482 -6.40941e-19)
(0.759662 0.622009 -2.00195e-18)
(0.8187 0.598991 -8.0512e-19)
(0.862693 0.563188 -7.25664e-19)
(0.897114 0.52174 3.51193e-19)
(0.925117 0.478158 2.92696e-18)
(0.942606 0.437391 -6.08842e-19)
(0.146894 0.201721 1.97521e-19)
(0.344728 0.433649 -7.99375e-19)
(0.494241 0.546774 1.75819e-19)
(0.604667 0.587133 -1.28037e-18)
(0.686058 0.585016 2.80324e-18)
(0.747293 0.559929 -3.24902e-19)
(0.794584 0.52408 1.52752e-18)
(0.832424 0.484256 -2.18816e-18)
(0.863342 0.443961 6.86484e-19)
(0.884648 0.407476 1.062e-19)
(0.121118 0.191156 1.45608e-19)
(0.290163 0.40655 8.81663e-19)
(0.427119 0.507894 -2.58978e-18)
(0.533588 0.541229 1.2602e-18)
(0.615632 0.535982 -4.15541e-21)
(0.679888 0.510615 -4.25258e-19)
(0.731205 0.476429 5.35197e-19)
(0.773236 0.439623 -5.31896e-19)
(0.808165 0.403351 -1.82837e-18)
(0.834248 0.370865 -5.00973e-19)
(0.0960487 0.174334 4.76453e-19)
(0.238033 0.367474 5.34592e-19)
(0.363855 0.455615 2.20808e-18)
(0.467419 0.482513 -1.22837e-18)
(0.550831 0.4755 2.53198e-18)
(0.618566 0.451352 -5.45391e-19)
(0.674214 0.420138 -5.76494e-19)
(0.720699 0.387299 6.81261e-19)
(0.759932 0.355514 4.44178e-19)
(0.79087 0.327124 1.61048e-18)
(0.0729449 0.15167 -4.83538e-19)
(0.190664 0.317377 1.57837e-19)
(0.306988 0.391111 4.26866e-20)
(0.408535 0.412151 1.25228e-18)
(0.493703 0.404588 -3.1259e-18)
(0.56499 0.382953 5.31026e-19)
(0.624864 0.35582 1.17256e-18)
(0.675618 0.327751 -1.41756e-18)
(0.718933 0.30091 4.99398e-19)
(0.754395 0.276897 -2.31774e-18)
(0.0529469 0.123826 1.03045e-19)
(0.150114 0.257626 5.55896e-19)
(0.258722 0.315974 2.16206e-19)
(0.358945 0.331692 2.93009e-19)
(0.445941 0.324635 5.61447e-19)
(0.520504 0.306609 1.6716e-18)
(0.584155 0.284488 -2.04666e-18)
(0.638655 0.261882 -1.15273e-18)
(0.685522 0.240441 1.91028e-19)
(0.724903 0.221195 1.50289e-18)
(0.0370318 0.0916908 -6.23127e-19)
(0.118111 0.189953 -7.41272e-20)
(0.220875 0.23216 -6.20952e-19)
(0.320288 0.243022 8.84332e-20)
(0.408909 0.237333 -5.31567e-19)
(0.486184 0.2238 -6.06879e-19)
(0.552891 0.207442 -9.04404e-19)
(0.610384 0.190868 2.43711e-18)
(0.660066 0.175232 4.20461e-19)
(0.702562 0.161149 -6.40919e-19)
(0.0259729 0.0563423 3.35834e-19)
(0.0960029 0.116392 4.43894e-19)
(0.194847 0.141927 1.74885e-19)
(0.293812 0.148292 -9.43862e-19)
(0.38364 0.144613 -4.39409e-19)
(0.462844 0.136226 -9.46197e-20)
(0.531693 0.126185 1.84889e-19)
(0.591265 0.116066 1.48457e-19)
(0.642893 0.106551 -1.14797e-18)
(0.687548 0.0979583 6.58731e-19)
(0.0203063 0.0190051 -1.74889e-19)
(0.0847141 0.0392053 -1.98964e-19)
(0.181593 0.0477517 1.58577e-19)
(0.280362 0.0498473 1.40789e-19)
(0.370831 0.0485764 1.44288e-19)
(0.451036 0.0457357 2.20665e-19)
(0.520987 0.0423504 -1.16021e-20)
(0.581621 0.038948 -2.89452e-19)
(0.634242 0.0357539 2.74947e-19)
(0.680004 0.0328649 -4.13669e-19)
(0.0203063 -0.0190053 -1.76039e-19)
(0.0847141 -0.0392059 -1.89608e-19)
(0.181593 -0.0477524 1.74737e-19)
(0.280362 -0.0498481 3.42119e-19)
(0.370831 -0.0485772 2.27957e-19)
(0.451036 -0.0457365 -3.00364e-19)
(0.520987 -0.0423512 -1.63214e-19)
(0.581621 -0.0389487 7.11773e-20)
(0.634242 -0.0357545 1.60024e-19)
(0.680004 -0.0328655 -9.52919e-20)
(0.0259729 -0.0563426 4.20106e-19)
(0.096003 -0.116393 -5.33908e-19)
(0.194847 -0.141928 -4.44073e-20)
(0.293812 -0.148292 2.95821e-19)
(0.38364 -0.144614 -1.33746e-18)
(0.462845 -0.136227 5.71481e-19)
(0.531693 -0.126186 5.89929e-19)
(0.591265 -0.116066 -6.96438e-19)
(0.642893 -0.106552 6.65262e-19)
(0.687548 -0.0979589 -2.91991e-19)
(0.0370318 -0.091691 -7.26332e-20)
(0.118111 -0.189953 -9.26626e-21)
(0.220875 -0.232161 -1.44212e-18)
(0.320288 -0.243023 -4.58764e-19)
(0.408909 -0.237333 -4.83676e-20)
(0.486184 -0.2238 -7.54708e-19)
(0.552891 -0.207443 1.40622e-18)
(0.610384 -0.190868 -4.94193e-20)
(0.660066 -0.175233 8.02978e-19)
(0.702562 -0.161149 -7.06042e-19)
(0.0529469 -0.123826 1.22668e-19)
(0.150114 -0.257626 -5.67919e-19)
(0.258722 -0.315974 1.74749e-18)
(0.358946 -0.331693 2.47288e-19)
(0.445941 -0.324636 1.21571e-18)
(0.520505 -0.306609 -1.18852e-18)
(0.584155 -0.284488 1.24771e-18)
(0.638655 -0.261882 -8.99565e-19)
(0.685522 -0.240442 -3.95045e-19)
(0.724903 -0.221195 3.35595e-19)
(0.0729449 -0.15167 1.09536e-18)
(0.190664 -0.317377 2.80509e-21)
(0.306989 -0.391112 -1.84168e-18)
(0.408535 -0.412151 -5.34329e-19)
(0.493703 -0.404589 1.77419e-18)
(0.56499 -0.382954 -1.03978e-18)
(0.624865 -0.355821 -1.20373e-18)
(0.675618 -0.327751 1.08305e-18)
(0.718933 -0.300911 -7.37336e-19)
(0.754395 -0.276898 -1.58965e-19)
(0.0960488 -0.174334 -1.6351e-19)
(0.238033 -0.367474 -7.7546e-21)
(0.363855 -0.455616 1.99866e-18)
(0.467419 -0.482514 1.14601e-18)
(0.550832 -0.475501 -1.35142e-18)
(0.618566 -0.451352 1.63628e-18)
(0.674214 -0.420139 -1.77554e-18)
(0.7207 -0.387299 1.76692e-19)
(0.759932 -0.355515 5.28846e-19)
(0.79087 -0.327125 1.22369e-18)
(0.121118 -0.191156 1.87425e-19)
(0.290163 -0.406551 3.0182e-19)
(0.42712 -0.507895 3.28307e-19)
(0.533588 -0.541229 -1.05551e-18)
(0.615633 -0.535983 -1.88016e-18)
(0.679888 -0.510616 3.95937e-19)
(0.731205 -0.47643 1.14578e-18)
(0.773236 -0.439624 -3.27973e-19)
(0.808165 -0.403352 1.97455e-18)
(0.834248 -0.370865 -1.92465e-18)
(0.146894 -0.201721 -1.06098e-18)
(0.344728 -0.43365 4.07682e-19)
(0.494242 -0.546775 -1.10084e-18)
(0.604667 -0.587134 1.77966e-18)
(0.686059 -0.585017 8.89904e-19)
(0.747293 -0.559929 1.25645e-18)
(0.794584 -0.52408 -2.90763e-19)
(0.832424 -0.484257 1.14564e-18)
(0.863342 -0.443962 -2.42554e-18)
(0.884648 -0.407477 -6.32356e-19)
(0.17205 -0.205875 6.24666e-20)
(0.399205 -0.448255 -7.12767e-19)
(0.562392 -0.57153 -1.14126e-18)
(0.677929 -0.619482 -4.83557e-19)
(0.759662 -0.622009 -1.36645e-18)
(0.8187 -0.598991 -1.38983e-19)
(0.862693 -0.563189 1.1883e-19)
(0.897114 -0.521741 -5.33956e-19)
(0.925118 -0.478159 -5.96739e-19)
(0.942606 -0.437392 1.57374e-18)
(0.195249 -0.203726 3.35373e-19)
(0.450968 -0.450296 4.68335e-19)
(0.628515 -0.581865 8.39031e-19)
(0.750269 -0.637906 3.72173e-20)
(0.83339 -0.646759 5.59826e-19)
(0.891058 -0.628052 -7.66584e-19)
(0.932312 -0.594737 2.34048e-18)
(0.963572 -0.55388 -1.03336e-18)
(0.989457 -0.507899 -5.07511e-19)
(1.00632 -0.461006 -1.53036e-18)
(0.215231 -0.195654 -1.32091e-19)
(0.497431 -0.440131 2.33315e-19)
(0.689469 -0.577806 -2.39098e-19)
(0.818264 -0.642111 1.28914e-19)
(0.903423 -0.658818 -1.52342e-19)
(0.959697 -0.646834 -3.90721e-19)
(0.997279 -0.619363 5.1397e-19)
(1.02317 -0.584703 -1.68137e-19)
(1.04271 -0.548005 2.60817e-19)
(1.05903 -0.515027 -5.69141e-19)
(0.230936 -0.182311 -7.36177e-21)
(0.536327 -0.418562 -1.06538e-19)
(0.742533 -0.55967 2.12813e-20)
(0.879241 -0.631622 1.44502e-19)
(0.967555 -0.656555 -6.53575e-20)
(1.02334 -0.651785 1.75553e-20)
(1.05788 -0.629967 -1.71815e-20)
(1.07891 -0.599657 -3.83249e-19)
(1.09214 -0.566623 -1.77925e-19)
(1.10255 -0.534701 -5.59833e-19)
(0.241594 -0.164636 -9.61545e-20)
(0.565834 -0.386975 3.3933e-19)
(0.78545 -0.528509 -2.10839e-19)
(0.931027 -0.606951 -7.60591e-20)
(1.02419 -0.640034 3.40602e-20)
(1.08145 -0.642883 7.14049e-20)
(1.11501 -0.627183 -6.99244e-21)
(1.1335 -0.601457 2.92274e-19)
(1.14303 -0.571983 -2.52583e-19)
(1.1492 -0.541878 -3.57233e-21)
(0.246759 -0.143785 -2.36737e-19)
(0.584619 -0.347279 -1.48272e-19)
(0.816342 -0.486099 -3.68172e-19)
(0.971584 -0.569495 4.18814e-19)
(1.07145 -0.610386 -3.07075e-20)
(1.13248 -0.621291 1.36166e-19)
(1.16741 -0.612602 1.53714e-19)
(1.18559 -0.592495 -5.59099e-20)
(1.19356 -0.567431 5.03621e-20)
(1.19711 -0.540021 -1.59587e-19)
(0.246312 -0.121013 -1.61033e-19)
(0.591874 -0.301726 -2.06852e-19)
(0.833757 -0.434708 3.11696e-19)
(0.999033 -0.521159 -4.68332e-19)
(1.10726 -0.569097 8.22697e-20)
(1.17428 -0.588156 4.15858e-20)
(1.21287 -0.587119 9.19928e-20)
(1.23273 -0.573484 -6.04724e-20)
(1.24078 -0.553597 -7.24343e-20)
(1.24291 -0.529719 -2.36136e-19)
(0.240437 -0.0975687 6.71362e-19)
(0.587357 -0.252731 -5.25417e-19)
(0.836776 -0.376932 2.45468e-20)
(1.01185 -0.464234 -6.73277e-19)
(1.12967 -0.51799 -1.95458e-19)
(1.20469 -0.544843 1.56372e-19)
(1.24914 -0.551725 1.14568e-19)
(1.27272 -0.545171 -3.82151e-19)
(1.28252 -0.531183 1.67761e-19)
(1.28453 -0.511754 -3.0254e-19)
(0.229588 -0.0746124 3.33175e-19)
(0.571395 -0.202718 -3.29744e-19)
(0.825095 -0.315541 1.18328e-18)
(1.00902 -0.401307 9.43596e-20)
(1.13708 -0.459223 2.68351e-19)
(1.22173 -0.493027 9.57291e-19)
(1.27409 -0.507671 -1.98982e-19)
(1.30346 -0.508498 4.8338e-20)
(1.31689 -0.500955 -2.84276e-20)
(1.32028 -0.486797 -4.95386e-20)
(0.214445 -0.0531506 2.56824e-19)
(0.544853 -0.15397 5.83577e-19)
(0.799067 -0.253336 -5.94833e-19)
(0.990137 -0.335148 -1.80683e-19)
(1.12837 -0.395217 -1.91295e-19)
(1.22372 -0.434652 3.76586e-19)
(1.28575 -0.456424 -1.77706e-19)
(1.32289 -0.464537 4.19e-19)
(1.34192 -0.463702 1.00829e-19)
(1.34842 -0.455419 -1.77327e-19)
(0.195857 -0.0339918 -2.77422e-19)
(0.509072 -0.10851 2.57443e-19)
(0.759693 -0.192986 -5.28536e-19)
(0.955472 -0.268575 2.21286e-19)
(1.10299 -0.328579 -2.21784e-19)
(1.20944 -0.371907 -2.63725e-19)
(1.2824 -0.399692 -2.04628e-19)
(1.3291 -0.414555 2.2577e-19)
(1.35567 -0.420328 -3.92423e-19)
(1.36715 -0.41823 2.48427e-19)
(0.174776 -0.0177191 -1.03933e-19)
(0.465775 -0.0680016 -2.03951e-19)
(0.708582 -0.1369 9.59429e-20)
(0.906011 -0.204326 7.08328e-21)
(1.0611 -0.262006 7.636e-20)
(1.17821 -0.307192 1.09407e-19)
(1.26274 -0.339449 9.31609e-20)
(1.32037 -0.360076 -1.26045e-19)
(1.35627 -0.37195 1.02751e-19)
(1.37465 -0.375984 -1.62311e-19)
(0.152192 -0.00468202 -6.54903e-20)
(0.416948 -0.0336823 -2.63971e-20)
(0.647857 -0.0871016 9.83576e-20)
(0.843436 -0.144924 -4.4373e-20)
(1.0036 -0.198185 1.24182e-19)
(1.13007 -0.243067 -1.56966e-19)
(1.22601 -0.277936 4.0325e-20)
(1.29535 -0.302933 3.46068e-20)
(1.34202 -0.319978 -1.23639e-20)
(1.36911 -0.329673 5.67427e-20)
(0.129072 0.00499465 -7.85661e-20)
(0.364704 -0.00632827 -3.33086e-19)
(0.580019 -0.0451368 -2.68267e-20)
(0.770043 -0.0925424 1.07078e-20)
(0.932164 -0.139655 -4.62031e-19)
(1.06584 -0.182156 4.87901e-20)
(1.17214 -0.217626 -5.16922e-20)
(1.25319 -0.245299 -1.40601e-19)
(1.3115 -0.266202 3.11108e-19)
(1.34886 -0.280635 -5.66004e-19)
(0.106294 0.0113863 -4.45415e-20)
(0.311143 0.0137432 7.14418e-19)
(0.507784 -0.0120115 9.52876e-20)
(0.688613 -0.0488887 -6.45363e-19)
(0.849164 -0.088665 -7.72772e-20)
(0.987149 -0.127017 -7.27771e-19)
(1.10186 -0.161146 5.65892e-19)
(1.19375 -0.189672 -2.29683e-19)
(1.26385 -0.212844 4.35347e-19)
(1.3125 -0.230664 -3.84066e-19)
(0.0846119 0.0147327 -2.51914e-19)
(0.25823 0.0266437 2.93321e-19)
(0.433903 0.0118362 -2.04886e-19)
(0.602228 -0.0150999 1.41623e-18)
(0.757555 -0.0470179 7.49663e-19)
(0.896418 -0.0799679 -1.96305e-19)
(1.01678 -0.111129 7.63317e-19)
(1.11772 -0.138796 -4.99087e-19)
(1.19889 -0.162561 -1.60503e-19)
(1.25919 -0.182094 1.15964e-18)
(0.0646192 0.0153978 -4.65701e-19)
(0.207685 0.0328638 6.95322e-19)
(0.360986 0.0265381 -1.31863e-18)
(0.514058 0.00833963 2.28252e-19)
(0.660659 -0.0159052 5.69102e-19)
(0.796707 -0.0428738 -7.15166e-19)
(0.919367 -0.0699919 -1.26665e-18)
(1.02674 -0.0954689 6.79031e-19)
(1.11735 -0.11834 -8.83099e-19)
(1.18885 -0.137789 1.41324e-18)
(0.0467459 0.0138319 -1.15124e-19)
(0.160913 0.0332175 -6.99862e-19)
(0.291342 0.0327811 3.4548e-19)
(0.427118 0.021666 8.64231e-19)
(0.561889 0.00426341 -4.64223e-19)
(0.691447 -0.0168782 -4.58122e-19)
(0.81267 -0.0396103 -7.76728e-19)
(0.923207 -0.0622271 -3.55916e-19)
(1.02086 -0.0832259 -8.54766e-20)
(1.10226 -0.100988 1.41236e-18)
(0.0312708 0.0105461 1.93299e-19)
(0.118978 0.0287945 -9.50734e-19)
(0.226872 0.0317854 1.62619e-18)
(0.344067 0.0258928 -9.05521e-19)
(0.464452 0.0140413 5.86691e-19)
(0.584067 -0.00207379 -7.3002e-19)
(0.699975 -0.0208513 8.13068e-19)
(0.809936 -0.0407932 7.10102e-19)
(0.911584 -0.0598053 1.55149e-18)
(1.00091 -0.0748741 -2.56496e-18)
(0.0183524 0.00610218 -6.00629e-19)
(0.0826141 0.0209193 1.20608e-18)
(0.16901 0.0252648 1.60964e-20)
(0.267059 0.0228326 -4.34417e-19)
(0.371093 0.0151027 -2.30694e-19)
(0.477621 0.00286829 1.84386e-19)
(0.584246 -0.0129401 -1.30904e-18)
(0.689413 -0.0312102 1.01137e-18)
(0.791341 -0.0492599 -1.30346e-18)
(0.886049 -0.0617448 -5.94975e-19)
(0.00806054 0.00110813 1.03357e-18)
(0.0522614 0.0110937 -3.22425e-19)
(0.118758 0.0153305 -6.04827e-19)
(0.197752 0.0150202 1.64269e-18)
(0.284053 0.0102814 -1.61364e-18)
(0.374609 0.000974445 9.01562e-19)
(0.467612 -0.0128121 9.60207e-19)
(0.562496 -0.0307664 2.62755e-19)
(0.658911 -0.0501726 2.7328e-19)
(0.754567 -0.0623354 -3.87664e-19)
(0.000388907 -0.0038084 -9.88476e-19)
(0.0281189 0.000874873 9.39536e-19)
(0.0768114 0.00427366 -8.31456e-19)
(0.137566 0.00546268 1.04318e-18)
(0.205558 0.00344419 -3.11665e-19)
(0.277826 -0.00270549 -1.08242e-18)
(0.352535 -0.0137229 3.10408e-19)
(0.429282 -0.0305495 -5.12146e-19)
(0.509045 -0.052449 -6.06592e-19)
(0.59418 -0.0694489 -1.8924e-18)
(-0.00477035 -0.00808575 -1.2348e-18)
(0.0101476 -0.00838428 9.81689e-19)
(0.0436451 -0.00593733 -1.92343e-18)
(0.0879987 -0.00320819 3.43944e-19)
(0.138754 -0.00175549 -1.33253e-18)
(0.19281 -0.00254096 -7.99191e-19)
(0.247593 -0.00588688 1.91256e-18)
(0.301168 -0.0120121 -2.61475e-18)
(0.352891 -0.0215113 5.03286e-19)
(0.400039 -0.030243 -8.28783e-19)
(-0.00768222 -0.0113476 6.08244e-19)
(-0.00204425 -0.015839 2.57358e-19)
(0.0192565 -0.0143223 -7.65496e-20)
(0.0500667 -0.0102996 7.30925e-19)
(0.0867052 -0.00565834 2.14631e-18)
(0.126598 -0.00135858 7.40788e-19)
(0.167739 0.00240923 7.6544e-19)
(0.208927 0.00569509 -2.6467e-19)
(0.250241 0.00784215 -2.46884e-18)
(0.289124 0.00926683 6.26121e-19)
(-0.0087838 -0.0134244 -1.71715e-19)
(-0.00932786 -0.0210862 5.46535e-19)
(0.00264687 -0.0205024 -1.43174e-19)
(0.0227372 -0.0158173 1.01091e-18)
(0.0481759 -0.00920506 -2.33732e-18)
(0.0770177 -0.0018252 1.98394e-19)
(0.107834 0.00579566 -1.11239e-18)
(0.139849 0.0132507 1.63686e-18)
(0.172884 0.019576 -4.78442e-19)
(0.204282 0.0240836 -6.83671e-20)
(-0.00858793 -0.0143043 -1.16897e-19)
(-0.0128318 -0.024006 -6.57271e-19)
(-0.00771291 -0.0243091 1.65299e-18)
(0.00408037 -0.019627 -8.71547e-19)
(0.0206614 -0.0123267 6.12544e-20)
(0.0406205 -0.00378402 2.79695e-19)
(0.0629179 0.00513337 -2.5561e-19)
(0.086934 0.013634 3.322e-19)
(0.112255 0.0206171 1.15112e-18)
(0.136681 0.0252862 3.01226e-19)
(-0.00758391 -0.0140747 -2.62194e-19)
(-0.0136959 -0.0246655 -2.91633e-19)
(-0.013429 -0.0257011 -1.29447e-18)
(-0.00792013 -0.0215118 6.89259e-19)
(0.00173679 -0.0144921 -1.42167e-18)
(0.0145806 -0.0061151 3.22973e-19)
(0.0298522 0.00259059 3.63161e-19)
(0.0470124 0.0107157 -3.83788e-19)
(0.0655442 0.0172509 -2.48304e-19)
(0.0838051 0.0214731 -1.11594e-18)
(-0.00618721 -0.0128752 2.04823e-19)
(-0.0129402 -0.023258 -4.81787e-20)
(-0.0159823 -0.0247671 9.78382e-22)
(-0.0151341 -0.0213432 -6.22072e-19)
(-0.010814 -0.0152253 1.57475e-18)
(-0.00361469 -0.00783521 -2.45622e-19)
(0.00592002 -0.000195678 -6.12961e-19)
(0.0173164 0.00683979 7.50237e-19)
(0.030039 0.0124539 -2.63647e-19)
(0.042928 0.016049 1.45727e-18)
(-0.00472417 -0.0108684 -3.84441e-20)
(-0.0114036 -0.020061 -2.25396e-19)
(-0.016618 -0.0217196 -8.89573e-20)
(-0.0191363 -0.0191497 -1.13647e-19)
(-0.0188319 -0.0142678 -2.44337e-19)
(-0.016003 -0.00831158 -7.67309e-19)
(-0.0110217 -0.0021758 9.5981e-19)
(-0.00429486 0.00343047 5.60676e-19)
(0.0036652 0.00789743 -1.00439e-19)
(0.0120664 0.010766 -8.93855e-19)
(-0.00343587 -0.00822522 2.18312e-19)
(-0.00972836 -0.0154102 3.81499e-20)
(-0.0163019 -0.0168868 2.58231e-19)
(-0.021144 -0.0151408 -2.95559e-20)
(-0.0237179 -0.0116337 2.35138e-19)
(-0.0240982 -0.00731703 2.65291e-19)
(-0.0225235 -0.00287675 3.97724e-19)
(-0.0193377 0.00116436 -1.12669e-18)
(-0.0150188 0.0043895 -2.07951e-19)
(-0.0101009 0.00647508 3.72691e-19)
(-0.00248979 -0.00512158 -1.10236e-19)
(-0.00837094 -0.009686 -1.56679e-19)
(-0.0157256 -0.0106981 -7.53723e-20)
(-0.0220256 -0.00969794 3.68655e-19)
(-0.0264599 -0.00759864 1.78946e-19)
(-0.0289522 -0.00499703 3.66979e-20)
(-0.0296477 -0.00232146 -7.9564e-20)
(-0.0288422 0.000109757 -6.17197e-20)
(-0.026984 0.00205489 5.29777e-19)
(-0.0244455 0.00332149 -3.60818e-19)
(-0.0019913 -0.00173851 5.61969e-20)
(-0.00762183 -0.00330293 6.99248e-20)
(-0.0153306 -0.00366234 -5.96242e-20)
(-0.022333 -0.0033381 -5.45355e-20)
(-0.0276811 -0.0026405 -5.65451e-20)
(-0.031222 -0.00177267 -9.02266e-20)
(-0.0330532 -0.00088002 2.89801e-21)
(-0.0334438 -6.92651e-05 1.25189e-19)
(-0.0328259 0.000580463 -1.25698e-19)
(-0.0314944 0.00100528 2.28699e-19)
(-0.00812888 -0.00258942 1.65364e-20)
(0.062195 -0.00662663 9.88935e-21)
(0.277491 -0.00670306 1.33913e-21)
(0.377068 -0.00438204 -9.02986e-22)
(0.47965 -0.00368676 -6.35754e-23)
(0.55368 -0.00264891 1.48357e-22)
(0.606095 -0.00220157 1.67197e-22)
(0.660516 -0.00159239 -3.43719e-23)
(0.683713 -0.00145026 -2.45067e-24)
(0.73406 -0.000999069 2.43537e-22)
(0.00867186 -0.00806749 2.62236e-20)
(0.0774463 -0.0197163 1.25233e-21)
(0.288982 -0.0199707 -1.74918e-20)
(0.385825 -0.0130592 1.40567e-20)
(0.48636 -0.0109741 8.88471e-22)
(0.558915 -0.00787612 -5.96589e-22)
(0.610366 -0.00653167 6.92028e-22)
(0.663873 -0.00472878 7.09054e-23)
(0.686644 -0.00435695 1.43218e-22)
(0.736282 -0.00300978 -2.232e-22)
(0.0419786 -0.0144257 2.68605e-20)
(0.107476 -0.0323251 -3.61072e-20)
(0.311538 -0.0327795 1.78794e-20)
(0.403026 -0.0214356 -1.16456e-20)
(0.499545 -0.0180341 8.29813e-22)
(0.569217 -0.0129517 -6.4684e-22)
(0.618783 -0.0107466 -2.58076e-22)
(0.670501 -0.00778542 1.31431e-24)
(0.692438 -0.00719784 -1.09548e-22)
(0.740684 -0.00498091 -3.25882e-22)
(0.0911895 -0.0221422 -4.1632e-20)
(0.151363 -0.0441537 -5.01152e-20)
(0.344328 -0.0448444 -2.31294e-20)
(0.428064 -0.0293276 1.21376e-20)
(0.518754 -0.024727 -1.45604e-20)
(0.584263 -0.0177822 3.85628e-21)
(0.631102 -0.0147749 -2.09922e-22)
(0.68023 -0.0107125 1.22781e-22)
(0.700965 -0.00993134 -1.31257e-22)
(0.747185 -0.00688707 1.20934e-22)
(0.155373 -0.0314899 1.15142e-19)
(0.20778 -0.0549146 7.22449e-20)
(0.386163 -0.0559017 2.59904e-20)
(0.460072 -0.036573 -2.35883e-20)
(0.543341 -0.0309288 1.19519e-20)
(0.603586 -0.0222847 3.16967e-21)
(0.646973 -0.0185523 2.2198e-21)
(0.692815 -0.013465 2.42393e-22)
(0.712032 -0.0125192 2.92009e-22)
(0.755666 -0.00870448 -6.41711e-22)
(0.233247 -0.0423959 -5.08325e-20)
(0.275053 -0.0642927 3.90035e-20)
(0.435564 -0.0656981 4.81938e-21)
(0.497968 -0.0430286 2.63099e-20)
(0.572502 -0.0365327 -5.9544e-21)
(0.626606 -0.0263889 -3.69639e-21)
(0.665956 -0.0220234 -2.2931e-21)
(0.707943 -0.016004 -1.5149e-22)
(0.725394 -0.0149274 -1.57852e-22)
(0.765973 -0.0104115 6.88217e-22)
(0.323184 -0.0545802 -3.86828e-20)
(0.35121 -0.0720237 -1.00794e-19)
(0.490833 -0.0740304 -1.7059e-20)
(0.540516 -0.0485784 -1.46505e-20)
(0.605324 -0.041456 6.98414e-21)
(0.652658 -0.0300392 -1.94606e-21)
(0.687544 -0.0251442 2.46483e-21)
(0.725252 -0.0182979 4.53684e-22)
(0.740766 -0.0171278 -4.73828e-23)
(0.777923 -0.0119884 2.64994e-22)
(0.423247 -0.0683134 1.12717e-19)
(0.434052 -0.0783999 2.52686e-20)
(0.550143 -0.0809752 6.90398e-20)
(0.586394 -0.0532251 -4.01605e-20)
(0.640826 -0.0456783 1.19753e-20)
(0.681021 -0.0332101 -8.16879e-21)
(0.711185 -0.0278883 -3.54883e-21)
(0.744345 -0.0203236 -4.83224e-22)
(0.757831 -0.0191 -4.53498e-22)
(0.791308 -0.0134169 3.8059e-22)
(0.531183 -0.0834383 -1.42378e-19)
(0.521236 -0.0843647 -2.21959e-20)
(0.611658 -0.0869458 -5.73231e-20)
(0.634271 -0.0571939 4.79829e-20)
(0.678018 -0.0492689 -1.49955e-20)
(0.710962 -0.0359252 6.41562e-21)
(0.736309 -0.0302537 4.01222e-21)
(0.764801 -0.022072 -7.45798e-23)
(0.77625 -0.0208303 3.04718e-22)
(0.805901 -0.0146828 -8.0295e-22)
(0.644428 -0.0913223 -1.00122e-19)
(0.61028 -0.0876601 -1.11953e-19)
(0.673624 -0.0910428 1.54383e-20)
(0.682883 -0.0603702 -2.57665e-20)
(0.715955 -0.0521314 -2.25847e-20)
(0.741764 -0.0381735 -4.90479e-21)
(0.76235 -0.0322241 1.03084e-21)
(0.786202 -0.023547 -7.52702e-22)
(0.795677 -0.0222972 2.22581e-22)
(0.821463 -0.0157943 3.67323e-22)
(1.0279 -0.0577323 0)
(0.905528 -0.0718239 0)
(0.882998 -0.0906717 0)
(0.852364 -0.0655518 0)
(0.851384 -0.0583072 0)
(0.854082 -0.0441077 0)
(0.858663 -0.0377259 0)
(0.866104 -0.0279305 0)
(0.868333 -0.0265429 0)
(0.879549 -0.0193179 0)
(1.30372 0.00300725 0)
(1.20183 -0.0230606 0)
(1.13724 -0.0495358 0)
(1.08338 -0.0481889 0)
(1.05301 -0.0456571 0)
(1.03021 -0.0374463 0)
(1.01635 -0.0329924 0)
(1.00246 -0.0258819 0)
(0.995526 -0.0242471 0)
(0.985671 -0.0193101 0)
(1.30367 0.055368 0)
(1.25701 0.00741758 0)
(1.20939 -0.0227733 0)
(1.1684 -0.0303126 0)
(1.14224 -0.0306056 0)
(1.11865 -0.0263113 0)
(1.10396 -0.0236009 0)
(1.085 -0.0192556 0)
(1.07717 -0.0178251 0)
(1.05949 -0.0153409 0)
(1.24302 0.0496174 0)
(1.22608 0.00600094 0)
(1.19764 -0.016182 0)
(1.17109 -0.021931 0)
(1.15446 -0.0216294 0)
(1.13728 -0.0186125 0)
(1.12768 -0.0163638 0)
(1.11223 -0.0135244 0)
(1.10727 -0.0120651 0)
(1.09149 -0.0110091 0)
(1.17794 0.0434329 0)
(1.17674 0.00605565 0)
(1.1617 -0.0107936 0)
(1.14479 -0.0152592 0)
(1.13456 -0.015206 0)
(1.12289 -0.0133848 0)
(1.1174 -0.0115934 0)
(1.10677 -0.00967251 0)
(1.10431 -0.0082548 0)
(1.09329 -0.00777703 0)
(1.12945 0.0340648 0)
(1.13511 0.00586001 0)
(1.12762 -0.00701083 0)
(1.11593 -0.0106928 0)
(1.10863 -0.0109862 0)
(1.10009 -0.0100079 0)
(1.09649 -0.00863721 0)
(1.08916 -0.00725662 0)
(1.08783 -0.00600432 0)
(1.08056 -0.00565873 0)
(1.09587 0.0259725 0)
(1.10464 0.00561369 0)
(1.10165 -0.00442254 0)
(1.09292 -0.00756706 0)
(1.08678 -0.00803259 0)
(1.07967 -0.00753598 0)
(1.07661 -0.00654043 0)
(1.07088 -0.00552245 0)
(1.06979 -0.00452561 0)
(1.06442 -0.00419274 0)
(1.07431 0.0179362 0)
(1.08424 0.00444534 0)
(1.08394 -0.00280192 0)
(1.07701 -0.00519188 0)
(1.07132 -0.00559469 0)
(1.06475 -0.00534191 0)
(1.06168 -0.00468163 0)
(1.0565 -0.00397393 0)
(1.0553 -0.00326895 0)
(1.05053 -0.0029792 0)
(1.06144 0.0105706 0)
(1.07177 0.00283863 0)
(1.0731 -0.00157079 0)
(1.06729 -0.00304913 0)
(1.0618 -0.00329656 0)
(1.05538 -0.00318614 0)
(1.05221 -0.00282325 0)
(1.0471 -0.00241469 0)
(1.04575 -0.00199917 0)
(1.04099 -0.00180728 0)
(1.05547 0.00347366 0)
(1.06589 0.000962008 0)
(1.06798 -0.000513772 0)
(1.06271 -0.00100633 0)
(1.05732 -0.00108407 0)
(1.05092 -0.0010556 0)
(1.04768 -0.000942412 0)
(1.04254 -0.000811518 0)
(1.0411 -0.000674064 0)
(1.03624 -0.000608412 0)
(1.41026 0.307504 1.65044e-20)
(1.42207 0.286957 5.88647e-20)
(1.42728 0.263792 -1.25157e-19)
(1.42481 0.238258 -3.88718e-20)
(1.41367 0.210901 2.63727e-19)
(1.39311 0.182629 2.38003e-19)
(1.36271 0.154754 -4.69784e-19)
(1.32243 0.128941 3.47732e-20)
(1.27244 0.107027 -1.33513e-19)
(1.19466 0.0882557 -6.10212e-19)
(1.2764 0.200204 -1.28884e-21)
(1.28889 0.190562 4.85487e-20)
(1.30027 0.180003 -4.49615e-20)
(1.31018 0.168434 9.19441e-20)
(1.31818 0.155757 -1.3493e-19)
(1.3238 0.141902 -3.91774e-20)
(1.32655 0.126868 2.06786e-19)
(1.32596 0.110768 -1.67061e-19)
(1.32211 0.0938838 -1.32206e-19)
(1.30817 0.0752059 3.23333e-20)
(1.19559 0.151872 -7.95066e-21)
(1.20612 0.14935 1.5596e-20)
(1.21678 0.146704 -2.13358e-20)
(1.22747 0.143857 -8.89896e-20)
(1.23802 0.140698 1.41038e-19)
(1.24822 0.137088 9.73043e-21)
(1.25779 0.132865 -8.82306e-20)
(1.26641 0.127857 1.48729e-19)
(1.27377 0.121886 1.81235e-20)
(1.27914 0.113968 3.31419e-20)
(1.13262 0.104198 -1.12475e-21)
(1.13968 0.102815 -4.81788e-21)
(1.14698 0.10141 -4.93241e-21)
(1.15453 0.0999947 4.3136e-20)
(1.16232 0.0985744 -5.12611e-20)
(1.17035 0.0971449 2.27623e-20)
(1.17857 0.0956896 -6.68396e-21)
(1.18692 0.0941738 -1.93956e-20)
(1.19528 0.0925081 1.11791e-19)
(1.20398 0.0900405 -2.31052e-20)
(1.09409 0.0765659 2.05368e-23)
(1.09913 0.0761845 3.93794e-21)
(1.10433 0.0757872 2.85116e-21)
(1.10968 0.0753791 1.02446e-20)
(1.1152 0.0749636 2.63876e-20)
(1.12089 0.0745423 -2.63628e-20)
(1.12674 0.074114 -1.29912e-20)
(1.13275 0.0736696 3.40288e-20)
(1.13891 0.0731536 -3.15948e-20)
(1.14552 0.0721 -2.62802e-21)
(1.06748 0.0538536 -1.43628e-21)
(1.07113 0.0537076 2.38899e-23)
(1.07488 0.0535492 -1.61185e-21)
(1.07873 0.0533848 6.17138e-21)
(1.08268 0.0532209 -2.51412e-20)
(1.08674 0.0530633 6.68981e-21)
(1.09091 0.052917 -1.172e-20)
(1.09518 0.0527811 -1.60954e-20)
(1.09958 0.0526186 1.49491e-21)
(1.10422 0.0521212 8.51767e-21)
(1.05064 0.0378069 -8.41266e-22)
(1.05339 0.0378245 5.4588e-21)
(1.05619 0.0378239 -3.20435e-21)
(1.05904 0.0378078 -4.59382e-22)
(1.06194 0.037779 1.17154e-20)
(1.06487 0.0377398 3.19768e-21)
(1.06786 0.0376924 1.4048e-20)
(1.07088 0.037635 -8.46346e-21)
(1.07396 0.037542 1.83442e-20)
(1.07712 0.037227 1.49388e-20)
(1.03967 0.0247066 -2.48314e-22)
(1.04184 0.0247451 -2.95938e-22)
(1.04404 0.0247689 2.06313e-21)
(1.04625 0.0247797 -3.53604e-21)
(1.04849 0.0247791 -4.03767e-21)
(1.05073 0.0247681 1.14814e-20)
(1.05298 0.0247473 -7.3804e-21)
(1.05525 0.0247151 5.93464e-21)
(1.05752 0.0246555 -1.89975e-21)
(1.0598 0.0244641 -2.07978e-21)
(1.03325 0.0140685 3.7714e-22)
(1.03508 0.0141083 -3.42909e-21)
(1.03691 0.0141377 1.82138e-21)
(1.03874 0.0141572 7.09317e-21)
(1.04057 0.0141671 -7.48652e-21)
(1.0424 0.0141675 2.46801e-21)
(1.04421 0.0141583 4.36384e-21)
(1.04602 0.0141381 -8.64283e-21)
(1.04781 0.0140985 8.66209e-21)
(1.04957 0.0139883 -2.48293e-21)
(1.03022 0.0045264 -1.03035e-21)
(1.03188 0.00454397 1.94825e-21)
(1.03353 0.00455846 -2.16561e-22)
(1.03518 0.00456969 5.97969e-21)
(1.03682 0.00457733 -1.24301e-21)
(1.03845 0.00458097 1.03909e-21)
(1.04007 0.00458006 -8.32419e-21)
(1.04167 0.0045737 2.38737e-21)
(1.04325 0.00455906 1.48501e-21)
(1.04479 0.00452139 1.02183e-21)
(1.11923 0.398989 -3.36996e-19)
(1.15316 0.39515 -6.91263e-20)
(1.18779 0.391306 -3.47403e-20)
(1.22126 0.386671 -2.95995e-20)
(1.25422 0.38081 -1.61129e-20)
(1.28641 0.373514 -1.37582e-20)
(1.31708 0.364568 2.03205e-20)
(1.34552 0.353726 -4.31629e-20)
(1.37105 0.340745 7.9467e-20)
(1.39292 0.325399 5.71539e-21)
(1.1217 0.249573 1.62806e-20)
(1.13999 0.248409 -8.51986e-20)
(1.15785 0.246535 -5.43609e-20)
(1.17394 0.243863 5.09224e-20)
(1.18938 0.240317 -2.34346e-20)
(1.20473 0.23584 5.78058e-21)
(1.21991 0.230432 -1.32503e-20)
(1.23474 0.224129 1.78991e-20)
(1.24916 0.216975 -1.37705e-20)
(1.26309 0.208998 -1.01885e-20)
(1.10055 0.17016 -6.02092e-21)
(1.11032 0.169566 3.8355e-20)
(1.11964 0.168463 3.61129e-20)
(1.12837 0.166999 1.48938e-20)
(1.13715 0.165282 2.24107e-21)
(1.14626 0.163354 -1.87335e-21)
(1.15566 0.161251 7.52097e-21)
(1.1653 0.159019 -1.0624e-20)
(1.17516 0.156699 5.75432e-21)
(1.18526 0.154315 1.97331e-21)
(1.072 0.114229 3.48854e-21)
(1.07778 0.11375 5.34233e-20)
(1.08342 0.113064 1.79701e-20)
(1.08889 0.11225 -2.8652e-20)
(1.09451 0.111345 5.96628e-21)
(1.10037 0.11035 -3.75795e-21)
(1.10645 0.109264 -4.90075e-21)
(1.11271 0.108094 -1.43123e-21)
(1.11915 0.106851 3.1988e-21)
(1.12578 0.105549 -3.18346e-21)
(1.05121 0.078123 1.668e-21)
(1.05516 0.0782488 -2.21815e-20)
(1.05906 0.078277 1.5076e-20)
(1.06293 0.0782407 8.28441e-21)
(1.06692 0.0781502 -9.64551e-21)
(1.07109 0.0780039 5.34819e-21)
(1.07541 0.0778025 -3.26059e-21)
(1.07987 0.0775508 -6.15553e-22)
(1.08446 0.0772559 1.5538e-22)
(1.08921 0.0769253 8.81715e-22)
(1.03605 0.0533187 8.81925e-21)
(1.03888 0.0536193 -1.12359e-21)
(1.04173 0.0538414 -1.94531e-20)
(1.0446 0.0540043 4.45476e-21)
(1.04756 0.0541149 -7.24571e-22)
(1.05063 0.0541743 1.64633e-21)
(1.05381 0.0541852 -4.82868e-21)
(1.05708 0.0541526 -3.17927e-22)
(1.06045 0.0540824 5.00983e-22)
(1.06392 0.0539806 -4.61197e-22)
(1.02627 0.0359471 1.41415e-20)
(1.02845 0.0363233 4.15514e-21)
(1.03068 0.0366421 9.91548e-21)
(1.03295 0.0369147 3.82351e-21)
(1.03527 0.0371463 3.40542e-21)
(1.03767 0.0373386 -3.998e-22)
(1.04015 0.0374937 7.05843e-23)
(1.04268 0.0376148 -1.08323e-22)
(1.04528 0.0377051 4.65625e-22)
(1.04793 0.0377681 -7.07996e-22)
(1.01995 0.0230154 -1.3114e-21)
(1.02171 0.0233331 -1.39625e-21)
(1.02353 0.0236068 5.90311e-21)
(1.02539 0.0238435 3.23264e-21)
(1.02729 0.0240474 -5.84642e-21)
(1.02925 0.0242204 8.97558e-22)
(1.03126 0.0243648 9.16655e-22)
(1.03331 0.024483 2.11482e-23)
(1.03539 0.0245778 -1.00684e-22)
(1.03752 0.0246515 1.28465e-23)
(1.01629 0.0128509 -7.28092e-22)
(1.01782 0.0130646 3.86689e-23)
(1.0194 0.0132512 -1.47884e-21)
(1.02102 0.0134145 -3.30405e-22)
(1.02267 0.0135573 -2.44922e-22)
(1.02436 0.0136813 1.98338e-21)
(1.02609 0.0137878 -7.89154e-22)
(1.02785 0.0138784 4.97339e-22)
(1.02963 0.0139546 -5.55406e-22)
(1.03144 0.0140176 2.31754e-22)
(1.0146 0.00412303 7.46287e-22)
(1.01603 0.00419292 2.51201e-22)
(1.0175 0.00425296 -3.3937e-23)
(1.019 0.00430498 2.38081e-21)
(1.02054 0.00435033 -7.98719e-22)
(1.0221 0.00438999 -1.73611e-22)
(1.02369 0.00442476 -7.38704e-22)
(1.02531 0.00445532 -2.10425e-22)
(1.02693 0.00448222 7.48918e-22)
(1.02857 0.00450584 -5.50514e-22)
(1.00013 0.0147522 0)
(1.0009 0.0447634 0)
(1.00228 0.0761213 0)
(1.00455 0.109646 0)
(1.00824 0.146209 0)
(1.01419 0.186688 0)
(1.0236 0.231814 0)
(1.03773 0.282244 0)
(1.05917 0.335904 0)
(1.08484 0.403319 0)
(1.00021 0.012093 0)
(1.00186 0.0363622 0)
(1.0051 0.0608991 0)
(1.01024 0.0859094 0)
(1.01752 0.111556 0)
(1.02731 0.137918 0)
(1.04007 0.164918 0)
(1.05638 0.192516 0)
(1.07663 0.218985 0)
(1.10289 0.250848 0)
(1.00021 0.00922255 0)
(1.0019 0.0276843 0)
(1.00523 0.0461582 0)
(1.01039 0.0646247 0)
(1.01745 0.0830329 0)
(1.02654 0.101286 0)
(1.03779 0.119206 0)
(1.05158 0.136656 0)
(1.0675 0.15268 0)
(1.0892 0.170456 0)
(1.00016 0.00663215 0)
(1.00151 0.0198936 0)
(1.00417 0.0330812 0)
(1.00829 0.0461062 0)
(1.01386 0.0588677 0)
(1.02088 0.0712476 0)
(1.02933 0.0830908 0)
(1.03933 0.0942667 0)
(1.05042 0.104233 0)
(1.06494 0.114599 0)
(1.00012 0.00464139 0)
(1.0011 0.0139176 0)
(1.00306 0.0231151 0)
(1.0061 0.0321438 0)
(1.0102 0.0409099 0)
(1.0153 0.0493171 0)
(1.02138 0.0572579 0)
(1.02848 0.064646 0)
(1.03627 0.0712043 0)
(1.04617 0.0777734 0)
(1.00009 0.00319451 0)
(1.00079 0.00957715 0)
(1.00221 0.0158971 0)
(1.0044 0.0220834 0)
(1.00735 0.0280642 0)
(1.011 0.0337699 0)
(1.01531 0.0391283 0)
(1.02029 0.0440808 0)
(1.02573 0.0484757 0)
(1.03238 0.0527463 0)
(1.00006 0.00214609 0)
(1.00058 0.00643318 0)
(1.00162 0.0106757 0)
(1.00322 0.0148242 0)
(1.00537 0.0188291 0)
(1.00802 0.0226439 0)
(1.01116 0.0262228 0)
(1.01475 0.029529 0)
(1.01871 0.0324802 0)
(1.02337 0.0353054 0)
(1.00005 0.00136756 0)
(1.00044 0.00409915 0)
(1.00123 0.00680185 0)
(1.00244 0.00944395 0)
(1.00407 0.011994 0)
(1.00608 0.0144226 0)
(1.00845 0.0167019 0)
(1.01116 0.0188088 0)
(1.01415 0.0206977 0)
(1.01757 0.0224862 0)
(1.00004 0.000758878 0)
(1.00036 0.00227471 0)
(1.00099 0.00377462 0)
(1.00198 0.00524112 0)
(1.0033 0.00665698 0)
(1.00493 0.0080063 0)
(1.00685 0.00927407 0)
(1.00905 0.010448 0)
(1.01149 0.0115055 0)
(1.01421 0.0125025 0)
(1.00003 0.000243022 0)
(1.00032 0.000728508 0)
(1.00089 0.00120895 0)
(1.00177 0.00167877 0)
(1.00294 0.00213246 0)
(1.0044 0.002565 0)
(1.00611 0.0029716 0)
(1.00807 0.00334834 0)
(1.01025 0.00368814 0)
(1.01265 0.00400827 0)
(0.999543 0.000802224 2.64565e-20)
(0.995424 0.00244367 -1.36595e-20)
(0.986527 0.00419417 3.50106e-20)
(0.972685 0.00613427 -2.3179e-20)
(0.953598 0.00835497 -2.50483e-20)
(0.928529 0.0109761 9.80697e-20)
(0.896403 0.0141603 -1.87842e-20)
(0.855719 0.0181281 1.35267e-19)
(0.80441 0.0231439 7.86206e-20)
(0.739415 0.0291976 -7.93408e-20)
(0.999532 0.00240181 3.21398e-20)
(0.995436 0.00731505 7.21901e-20)
(0.986626 0.0125507 1.09135e-19)
(0.972952 0.0183489 -1.52079e-19)
(0.954134 0.024981 2.06809e-20)
(0.929478 0.0328039 6.04007e-20)
(0.897967 0.042301 -1.02869e-19)
(0.858188 0.0541274 1.75435e-19)
(0.808184 0.0690691 -4.68982e-19)
(0.745063 0.087079 6.42078e-19)
(0.999512 0.00398752 -1.13665e-19)
(0.995461 0.01214 5.08757e-20)
(0.986824 0.0208136 -2.50081e-21)
(0.973481 0.0304043 -2.54555e-19)
(0.9552 0.041359 6.46829e-20)
(0.931362 0.0542631 -1.47576e-19)
(0.901071 0.0699076 1.99883e-19)
(0.863096 0.0893618 -5.21472e-19)
(0.815691 0.113911 8.92761e-19)
(0.75634 0.143417 -6.8383e-19)
(0.999486 0.005552 7.3979e-20)
(0.995502 0.0168918 -2.81871e-20)
(0.987117 0.0289267 1.77844e-19)
(0.974265 0.0422031 -3.25416e-19)
(0.956779 0.0573362 2.05143e-19)
(0.934157 0.0751259 -4.10073e-19)
(0.905677 0.0966466 -6.1813e-20)
(0.870387 0.123345 1.29329e-18)
(0.826862 0.156965 -3.72458e-19)
(0.773212 0.197179 -8.74862e-19)
(0.99946 0.00709013 -3.04621e-19)
(0.995559 0.0215467 2.7123e-19)
(0.987504 0.0368373 -1.33322e-19)
(0.9753 0.0536536 -5.77633e-19)
(0.958863 0.0727704 5.53202e-19)
(0.93784 0.0951827 -7.1436e-19)
(0.911743 0.122211 9.31537e-19)
(0.879991 0.155621 2.59507e-19)
(0.841601 0.197544 6.34317e-19)
(0.795651 0.247318 5.94893e-20)
(0.999438 0.00859955 2.44207e-19)
(0.995633 0.0260801 -6.64758e-20)
(0.987985 0.0444848 3.76549e-19)
(0.976591 0.064652 -4.1998e-19)
(0.96146 0.087507 4.03069e-19)
(0.942409 0.114215 -1.12694e-19)
(0.919242 0.146291 2.32399e-19)
(0.891843 0.185741 -7.16739e-19)
(0.859808 0.234962 -1.20786e-18)
(0.823662 0.292766 7.23502e-19)
(0.999419 0.0100887 -1.20462e-19)
(0.995716 0.0304787 -1.12533e-19)
(0.988569 0.0518173 5.56097e-20)
(0.978168 0.0751047 -3.72128e-19)
(0.96461 0.101405 1.3068e-18)
(0.947905 0.132016 -1.06485e-18)
(0.928196 0.168582 5.36331e-19)
(0.905913 0.213246 -8.98113e-19)
(0.881415 0.268498 -2.40125e-19)
(0.857321 0.332471 1.81714e-18)
(0.999398 0.0115977 1.47305e-19)
(0.995811 0.0348007 -1.91378e-20)
(0.9893 0.0589088 -1.66674e-19)
(0.980111 0.0851176 2.03181e-19)
(0.968414 0.114612 5.73323e-19)
(0.954429 0.14876 -1.24898e-18)
(0.938684 0.189212 1.00216e-18)
(0.922222 0.238064 -2.23273e-18)
(0.906421 0.297592 1.82076e-18)
(0.896721 0.365491 -4.56122e-19)
(0.999393 0.0131592 -1.64697e-19)
(0.996021 0.0390992 2.15386e-19)
(0.990368 0.0658927 -3.80416e-19)
(0.982677 0.0949496 -2.26904e-19)
(0.973162 0.127559 5.33366e-21)
(0.96226 0.16507 3.19836e-19)
(0.950907 0.208947 -1.61854e-18)
(0.940774 0.260843 1.78671e-18)
(0.93465 0.321942 -1.55898e-18)
(0.94149 0.389904 6.72243e-19)
(0.999479 0.0144432 -1.15697e-19)
(0.99665 0.0425515 1.20086e-20)
(0.992211 0.0715477 -4.4728e-20)
(0.98639 0.102936 -3.29079e-19)
(0.979455 0.138056 -2.46761e-19)
(0.972031 0.17819 1.41926e-18)
(0.965374 0.224507 1.12328e-18)
(0.961564 0.277985 -5.00237e-19)
(0.964868 0.337908 -1.02431e-19)
(0.988588 0.400165 -2.20525e-18)
(0.999479 -0.0144432 -1.15572e-19)
(0.99665 -0.0425516 8.85473e-20)
(0.992211 -0.0715478 -3.5895e-20)
(0.98639 -0.102936 5.42267e-19)
(0.979455 -0.138056 3.01393e-19)
(0.972031 -0.17819 -1.19722e-18)
(0.965374 -0.224508 -9.76924e-19)
(0.961564 -0.277985 6.47531e-19)
(0.964869 -0.337909 6.19176e-20)
(0.988588 -0.400165 2.26242e-18)
(0.999393 -0.0131592 7.13663e-20)
(0.996021 -0.0390992 -4.51011e-19)
(0.990368 -0.0658927 2.65801e-19)
(0.982677 -0.0949497 -1.53353e-19)
(0.973162 -0.127559 -2.40792e-19)
(0.96226 -0.16507 -1.31466e-19)
(0.950907 -0.208947 1.36348e-18)
(0.940774 -0.260843 -1.51398e-18)
(0.934651 -0.321942 1.75437e-18)
(0.94149 -0.389904 -9.35918e-19)
(0.999398 -0.0115977 -4.11002e-20)
(0.995811 -0.0348007 1.75517e-19)
(0.9893 -0.0589089 2.90092e-19)
(0.980111 -0.0851177 -5.69581e-20)
(0.968415 -0.114612 -7.82594e-19)
(0.954429 -0.14876 9.39877e-19)
(0.938684 -0.189213 -9.19928e-19)
(0.922222 -0.238064 2.0656e-18)
(0.906422 -0.297592 -2.02913e-18)
(0.896722 -0.365491 6.16535e-19)
(0.999419 -0.0100887 -1.08281e-20)
(0.995716 -0.0304787 2.29909e-19)
(0.988569 -0.0518173 -2.10585e-19)
(0.978168 -0.0751048 8.00551e-19)
(0.96461 -0.101405 -1.00596e-19)
(0.947905 -0.132016 -1.12345e-19)
(0.928196 -0.168582 -5.55866e-19)
(0.905913 -0.213246 3.99241e-19)
(0.881416 -0.268499 1.95635e-19)
(0.857321 -0.332472 -1.88931e-18)
(0.999438 -0.00859953 2.15539e-19)
(0.995633 -0.0260801 -7.60036e-20)
(0.987985 -0.0444848 2.12357e-19)
(0.976591 -0.0646521 3.50891e-19)
(0.96146 -0.0875071 -4.93921e-19)
(0.942409 -0.114215 -7.53125e-20)
(0.919242 -0.146291 6.9006e-20)
(0.891843 -0.185741 5.78315e-19)
(0.859808 -0.234963 1.03863e-18)
(0.823662 -0.292767 -6.01781e-19)
(0.99946 -0.0070901 -1.53987e-19)
(0.995559 -0.0215468 -9.339e-21)
(0.987504 -0.0368373 -4.57085e-19)
(0.9753 -0.0536537 7.14831e-19)
(0.958863 -0.0727706 -6.22393e-19)
(0.93784 -0.0951829 1.20699e-18)
(0.911743 -0.122211 -1.41177e-18)
(0.879991 -0.155622 6.62678e-19)
(0.841601 -0.197545 -8.19594e-20)
(0.795651 -0.247318 8.50174e-20)
(0.999486 -0.00555198 1.49703e-19)
(0.995502 -0.0168918 -1.145e-19)
(0.987117 -0.0289268 1.22493e-19)
(0.974265 -0.0422032 -1.6561e-19)
(0.956779 -0.0573363 4.1365e-20)
(0.934157 -0.0751261 3.04381e-19)
(0.905677 -0.0966468 2.8495e-19)
(0.870387 -0.123345 -1.79982e-18)
(0.826862 -0.156965 2.69793e-20)
(0.773212 -0.197179 8.47866e-19)
(0.999512 -0.00398749 -6.35958e-20)
(0.995461 -0.01214 1.27319e-20)
(0.986824 -0.0208136 -1.65625e-19)
(0.973481 -0.0304043 1.91901e-19)
(0.9552 -0.0413591 -7.60224e-20)
(0.931362 -0.0542633 8.03478e-20)
(0.901071 -0.0699079 -9.17386e-20)
(0.863096 -0.0893621 4.72322e-19)
(0.815692 -0.113911 -9.5071e-19)
(0.75634 -0.143418 5.76588e-19)
(0.999532 -0.00240179 4.48826e-20)
(0.995436 -0.00731506 -2.49267e-20)
(0.986626 -0.0125507 -1.96691e-20)
(0.972952 -0.018349 2.2881e-19)
(0.954134 -0.0249812 -3.95642e-20)
(0.929478 -0.0328041 -2.849e-20)
(0.897967 -0.0423012 -5.25973e-20)
(0.858188 -0.0541277 -1.0429e-19)
(0.808184 -0.0690695 4.97469e-19)
(0.745063 -0.0870795 -6.87584e-19)
(0.999543 -0.000802198 2.53817e-20)
(0.995424 -0.00244368 -6.87773e-21)
(0.986527 -0.00419421 -3.62118e-20)
(0.972685 -0.00613436 5.3838e-20)
(0.953598 -0.00835511 4.08411e-20)
(0.928529 -0.0109763 -1.49387e-20)
(0.896403 -0.0141606 9.42395e-20)
(0.855719 -0.0181284 -1.7372e-19)
(0.80441 -0.0231443 6.06212e-21)
(0.739415 -0.0291981 1.20056e-19)
(1.00003 -0.000243022 0)
(1.00032 -0.000728507 0)
(1.00089 -0.00120895 0)
(1.00177 -0.00167877 0)
(1.00294 -0.00213246 0)
(1.0044 -0.00256499 0)
(1.00611 -0.0029716 0)
(1.00807 -0.00334834 0)
(1.01025 -0.00368814 0)
(1.01265 -0.00400827 0)
(1.00004 -0.000758878 0)
(1.00036 -0.00227471 0)
(1.00099 -0.00377462 0)
(1.00198 -0.00524112 0)
(1.0033 -0.00665698 0)
(1.00493 -0.0080063 0)
(1.00685 -0.00927407 0)
(1.00905 -0.010448 0)
(1.01149 -0.0115055 0)
(1.01421 -0.0125025 0)
(1.00005 -0.00136756 0)
(1.00044 -0.00409916 0)
(1.00123 -0.00680186 0)
(1.00244 -0.00944396 0)
(1.00407 -0.011994 0)
(1.00608 -0.0144227 0)
(1.00845 -0.0167019 0)
(1.01116 -0.0188088 0)
(1.01415 -0.0206977 0)
(1.01757 -0.0224862 0)
(1.00006 -0.00214609 0)
(1.00058 -0.00643319 0)
(1.00162 -0.0106757 0)
(1.00322 -0.0148242 0)
(1.00537 -0.0188291 0)
(1.00802 -0.0226439 0)
(1.01116 -0.0262228 0)
(1.01475 -0.029529 0)
(1.01871 -0.0324802 0)
(1.02337 -0.0353054 0)
(1.00009 -0.00319451 0)
(1.00079 -0.00957716 0)
(1.00221 -0.0158971 0)
(1.0044 -0.0220834 0)
(1.00735 -0.0280642 0)
(1.011 -0.0337699 0)
(1.01531 -0.0391283 0)
(1.02029 -0.0440808 0)
(1.02573 -0.0484757 0)
(1.03238 -0.0527463 0)
(1.00012 -0.00464139 0)
(1.0011 -0.0139176 0)
(1.00306 -0.0231151 0)
(1.0061 -0.0321439 0)
(1.0102 -0.0409099 0)
(1.0153 -0.0493171 0)
(1.02138 -0.057258 0)
(1.02848 -0.064646 0)
(1.03627 -0.0712043 0)
(1.04617 -0.0777735 0)
(1.00016 -0.00663215 0)
(1.00151 -0.0198936 0)
(1.00417 -0.0330812 0)
(1.00829 -0.0461062 0)
(1.01386 -0.0588677 0)
(1.02088 -0.0712477 0)
(1.02933 -0.0830909 0)
(1.03933 -0.0942668 0)
(1.05042 -0.104233 0)
(1.06494 -0.114599 0)
(1.00021 -0.00922255 0)
(1.0019 -0.0276843 0)
(1.00523 -0.0461582 0)
(1.01039 -0.0646248 0)
(1.01745 -0.083033 0)
(1.02654 -0.101286 0)
(1.03779 -0.119206 0)
(1.05158 -0.136656 0)
(1.0675 -0.15268 0)
(1.0892 -0.170457 0)
(1.00021 -0.012093 0)
(1.00186 -0.0363622 0)
(1.0051 -0.0608992 0)
(1.01024 -0.0859095 0)
(1.01752 -0.111556 0)
(1.02731 -0.137918 0)
(1.04007 -0.164918 0)
(1.05638 -0.192516 0)
(1.07663 -0.218986 0)
(1.10289 -0.250849 0)
(1.00013 -0.0147521 0)
(1.0009 -0.0447634 0)
(1.00228 -0.0761213 0)
(1.00455 -0.109646 0)
(1.00824 -0.146209 0)
(1.01419 -0.186688 0)
(1.0236 -0.231814 0)
(1.03773 -0.282244 0)
(1.05917 -0.335905 0)
(1.08484 -0.403319 0)
(1.0146 -0.00412303 5.72648e-22)
(1.01603 -0.00419291 6.64984e-22)
(1.0175 -0.00425296 8.96751e-22)
(1.019 -0.00430497 8.00319e-23)
(1.02054 -0.00435033 -1.69062e-21)
(1.0221 -0.00438999 3.98742e-22)
(1.02369 -0.00442476 7.31167e-22)
(1.02531 -0.00445532 1.72093e-22)
(1.02693 -0.00448221 -7.46828e-22)
(1.02857 -0.00450583 5.33483e-22)
(1.01629 -0.0128509 -1.42877e-21)
(1.01782 -0.0130646 4.34091e-21)
(1.0194 -0.0132511 -4.08625e-21)
(1.02102 -0.0134145 -4.89181e-22)
(1.02267 -0.0135573 2.61306e-22)
(1.02436 -0.0136813 -1.35087e-21)
(1.02609 -0.0137878 1.03738e-21)
(1.02785 -0.0138784 -4.56133e-22)
(1.02963 -0.0139546 7.87389e-22)
(1.03144 -0.0140176 -1.7413e-22)
(1.01995 -0.0230154 -1.57834e-21)
(1.02171 -0.0233331 -7.61026e-22)
(1.02353 -0.0236068 3.08663e-21)
(1.02539 -0.0238435 3.83617e-21)
(1.02729 -0.0240473 -3.65817e-23)
(1.02925 -0.0242204 -1.58425e-21)
(1.03126 -0.0243648 -7.29083e-22)
(1.03331 -0.024483 8.83034e-23)
(1.03539 -0.0245778 -1.6703e-22)
(1.03752 -0.0246515 1.27742e-22)
(1.02627 -0.0359471 1.23708e-20)
(1.02845 -0.0363233 1.24588e-20)
(1.03068 -0.0366421 -4.52674e-21)
(1.03295 -0.0369147 8.29343e-21)
(1.03527 -0.0371463 1.94333e-21)
(1.03767 -0.0373386 4.73185e-21)
(1.04015 -0.0374937 -1.65335e-22)
(1.04268 -0.0376148 -1.23401e-22)
(1.04528 -0.0377051 -6.73169e-22)
(1.04793 -0.0377681 2.12104e-22)
(1.03605 -0.0533187 8.30531e-21)
(1.03888 -0.0536194 1.43343e-21)
(1.04173 -0.0538414 -1.04219e-20)
(1.0446 -0.0540043 -7.22281e-21)
(1.04756 -0.0541149 3.22436e-21)
(1.05063 -0.0541743 -1.00166e-20)
(1.05381 -0.0541852 2.88602e-21)
(1.05708 -0.0541526 1.27124e-22)
(1.06045 -0.0540824 -4.62993e-22)
(1.06392 -0.0539806 4.53576e-22)
(1.05121 -0.078123 -1.77958e-21)
(1.05516 -0.0782488 -2.24046e-20)
(1.05906 -0.078277 2.15868e-20)
(1.06293 -0.0782408 -6.96552e-21)
(1.06692 -0.0781503 -1.07851e-20)
(1.07109 -0.078004 1.09215e-20)
(1.07541 -0.0778025 3.5793e-21)
(1.07987 -0.0775508 9.84271e-22)
(1.08447 -0.077256 -2.08481e-23)
(1.08921 -0.0769253 1.9303e-22)
(1.072 -0.114229 -2.28218e-20)
(1.07778 -0.11375 7.13141e-20)
(1.08342 -0.113064 -1.36725e-20)
(1.08889 -0.112251 9.58718e-22)
(1.09451 -0.111346 1.00293e-20)
(1.10037 -0.11035 -1.31201e-20)
(1.10645 -0.109264 6.74629e-21)
(1.11271 -0.108094 -2.54172e-21)
(1.11915 -0.106851 9.38991e-22)
(1.12578 -0.105549 -1.40165e-22)
(1.10055 -0.17016 2.54981e-20)
(1.11032 -0.169566 1.0499e-20)
(1.11964 -0.168463 6.43502e-20)
(1.12837 -0.167 -2.7138e-20)
(1.13715 -0.165283 5.74656e-21)
(1.14626 -0.163354 1.15217e-20)
(1.15566 -0.161251 3.07289e-21)
(1.1653 -0.159019 7.83587e-22)
(1.17516 -0.156699 -5.88663e-21)
(1.18526 -0.154315 5.76376e-21)
(1.1217 -0.249573 1.15589e-20)
(1.13999 -0.248409 -7.57493e-20)
(1.15785 -0.246535 -7.44425e-20)
(1.17394 -0.243863 4.02974e-20)
(1.18938 -0.240318 6.58093e-21)
(1.20473 -0.235841 9.3868e-22)
(1.21991 -0.230433 -1.56779e-20)
(1.23474 -0.22413 2.53125e-20)
(1.24916 -0.216975 -2.89929e-20)
(1.26309 -0.208998 -3.99523e-24)
(1.11923 -0.398989 2.64654e-19)
(1.15316 -0.395151 7.6935e-20)
(1.18779 -0.391307 4.03851e-20)
(1.22126 -0.386672 -3.41717e-20)
(1.25422 -0.380811 2.26527e-20)
(1.28641 -0.373514 1.83865e-21)
(1.31708 -0.364568 -2.72832e-21)
(1.34552 -0.353727 1.41209e-20)
(1.37105 -0.340745 2.78308e-20)
(1.39292 -0.325399 -7.86971e-22)
(1.03022 -0.00452639 1.05385e-21)
(1.03188 -0.00454396 -1.95359e-21)
(1.03353 -0.00455846 6.18368e-22)
(1.03518 -0.00456969 -6.09271e-21)
(1.03682 -0.00457733 2.41789e-21)
(1.03845 -0.00458096 6.56959e-21)
(1.04007 -0.00458005 -1.27969e-21)
(1.04167 -0.0045737 -2.92375e-22)
(1.04325 -0.00455906 5.12129e-22)
(1.04479 -0.00452139 1.36663e-21)
(1.03325 -0.0140685 -4.60343e-22)
(1.03508 -0.0141083 2.58671e-21)
(1.03691 -0.0141377 -2.32069e-21)
(1.03874 -0.0141572 -5.26025e-21)
(1.04057 -0.014167 9.61219e-21)
(1.0424 -0.0141675 -3.53086e-22)
(1.04421 -0.0141583 4.29588e-21)
(1.04602 -0.0141381 -3.27938e-21)
(1.04781 -0.0140985 -6.0994e-22)
(1.04957 -0.0139883 -1.22958e-21)
(1.03967 -0.0247066 2.59309e-23)
(1.04184 -0.024745 -8.07715e-23)
(1.04404 -0.0247689 4.74282e-22)
(1.04625 -0.0247797 3.80068e-21)
(1.04849 -0.0247791 1.24065e-21)
(1.05073 -0.0247681 -4.2137e-21)
(1.05298 -0.0247473 -8.05915e-21)
(1.05525 -0.0247151 1.15945e-20)
(1.05752 -0.0246554 -3.03913e-21)
(1.0598 -0.0244641 -1.67476e-21)
(1.05064 -0.0378069 1.64035e-21)
(1.05339 -0.0378245 -2.64276e-21)
(1.05619 -0.0378239 3.80552e-21)
(1.05904 -0.0378078 -3.41495e-22)
(1.06194 -0.0377789 -1.02653e-21)
(1.06487 -0.0377398 7.97817e-21)
(1.06786 -0.0376924 6.85258e-21)
(1.07088 -0.0376349 1.60765e-20)
(1.07396 -0.0375419 5.1199e-21)
(1.07712 -0.0372269 1.72742e-20)
(1.06748 -0.0538536 1.42823e-21)
(1.07113 -0.0537076 -5.32964e-22)
(1.07488 -0.0535492 -5.61741e-21)
(1.07873 -0.0533848 -1.37405e-20)
(1.08268 -0.0532209 3.84961e-21)
(1.08674 -0.0530633 -1.40504e-21)
(1.09091 -0.0529169 6.78421e-21)
(1.09518 -0.0527811 -3.06786e-20)
(1.09958 -0.0526186 -2.13923e-21)
(1.10422 -0.0521211 9.11416e-21)
(1.09409 -0.0765659 -1.64951e-21)
(1.09913 -0.0761846 -4.74657e-21)
(1.10433 -0.0757872 7.59947e-21)
(1.10968 -0.0753791 -1.04811e-20)
(1.1152 -0.0749636 2.0497e-20)
(1.12089 -0.0745423 -1.79124e-20)
(1.12674 -0.074114 1.62277e-20)
(1.13275 -0.0736695 2.35957e-20)
(1.13891 -0.0731536 -3.08186e-20)
(1.14552 -0.0720999 1.34346e-21)
(1.13262 -0.104199 5.64028e-21)
(1.13968 -0.102815 -5.39892e-21)
(1.14698 -0.10141 -7.59208e-21)
(1.15453 -0.0999948 -3.94425e-21)
(1.16232 -0.0985744 -1.26729e-20)
(1.17035 -0.0971449 1.56424e-20)
(1.17857 -0.0956896 -5.4953e-20)
(1.18692 -0.0941738 3.51858e-20)
(1.19528 -0.0925081 8.91177e-20)
(1.20398 -0.0900404 5.66385e-21)
(1.19559 -0.151872 -1.78888e-21)
(1.20612 -0.149351 -1.31484e-20)
(1.21678 -0.146705 2.54706e-20)
(1.22747 -0.143857 -4.38074e-20)
(1.23802 -0.140698 -1.40104e-20)
(1.24822 -0.137088 3.42213e-20)
(1.25779 -0.132865 4.37414e-20)
(1.26641 -0.127857 7.32538e-20)
(1.27377 -0.121887 6.61941e-20)
(1.27914 -0.113968 -1.04456e-20)
(1.2764 -0.200204 1.35196e-20)
(1.28889 -0.190562 2.23411e-20)
(1.30027 -0.180004 -2.36165e-20)
(1.31018 -0.168435 8.07979e-20)
(1.31818 -0.155758 -9.12958e-20)
(1.3238 -0.141903 -1.74171e-19)
(1.32655 -0.126869 2.65059e-19)
(1.32596 -0.110769 -1.2264e-19)
(1.32211 -0.0938841 -1.47698e-19)
(1.30817 -0.0752062 3.78095e-20)
(1.41026 -0.307504 -2.2265e-20)
(1.42207 -0.286957 -2.128e-20)
(1.42728 -0.263792 1.94336e-19)
(1.42481 -0.238259 -3.16348e-20)
(1.41367 -0.210901 -1.40772e-19)
(1.39311 -0.18263 -7.98854e-20)
(1.36271 -0.154754 8.83828e-20)
(1.32243 -0.128941 -1.49797e-20)
(1.27244 -0.107028 1.53101e-19)
(1.19466 -0.0882564 4.8844e-19)
(1.05547 -0.0034736 0)
(1.06589 -0.000962001 0)
(1.06798 0.000513696 0)
(1.06271 0.00100645 0)
(1.05732 0.00108374 0)
(1.05092 0.00105524 0)
(1.04768 0.000942273 0)
(1.04254 0.000811279 0)
(1.0411 0.000674863 0)
(1.03624 0.000609196 0)
(1.06144 -0.0105704 0)
(1.07177 -0.00283861 0)
(1.0731 0.00157058 0)
(1.06729 0.0030495 0)
(1.0618 0.00329554 0)
(1.05539 0.00318505 0)
(1.05221 0.00282279 0)
(1.04711 0.00241393 0)
(1.04575 0.00200165 0)
(1.04099 0.0018097 0)
(1.07431 -0.0179358 0)
(1.08424 -0.00444533 0)
(1.08394 0.00280164 0)
(1.07701 0.00519257 0)
(1.07132 0.00559287 0)
(1.06476 0.00534001 0)
(1.06169 0.00468068 0)
(1.05651 0.00397256 0)
(1.0553 0.00327337 0)
(1.05053 0.00298344 0)
(1.09587 -0.025972 0)
(1.10464 -0.00561373 0)
(1.10165 0.00442232 0)
(1.09292 0.00756818 0)
(1.08678 0.00802983 0)
(1.07967 0.00753311 0)
(1.07661 0.00653872 0)
(1.07089 0.00552029 0)
(1.06979 0.00453238 0)
(1.06441 0.0041991 0)
(1.12946 -0.0340642 0)
(1.13511 -0.00586011 0)
(1.12762 0.00701088 0)
(1.11593 0.0106944 0)
(1.10863 0.0109823 0)
(1.10009 0.0100039 0)
(1.0965 0.00863431 0)
(1.08917 0.00725348 0)
(1.08784 0.00601393 0)
(1.08055 0.00566755 0)
(1.17794 -0.0434322 0)
(1.17674 -0.00605571 0)
(1.1617 0.0107944 0)
(1.14478 0.0152614 0)
(1.13455 0.0152006 0)
(1.1229 0.0133793 0)
(1.1174 0.0115887 0)
(1.10678 0.00966816 0)
(1.10432 0.00826769 0)
(1.09329 0.00778858 0)
(1.24302 -0.0496168 0)
(1.22608 -0.0060007 0)
(1.19764 0.0161841 0)
(1.17108 0.0219339 0)
(1.15445 0.0216224 0)
(1.13728 0.018605 0)
(1.12769 0.0163565 0)
(1.11225 0.0135185 0)
(1.10729 0.0120813 0)
(1.0915 0.0110234 0)
(1.30367 -0.0553679 0)
(1.25701 -0.00741693 0)
(1.20939 0.0227776 0)
(1.1684 0.0303167 0)
(1.14223 0.0305976 0)
(1.11864 0.0263015 0)
(1.10396 0.0235898 0)
(1.08501 0.019247 0)
(1.07719 0.0178436 0)
(1.0595 0.0153578 0)
(1.30372 -0.00300789 0)
(1.20183 0.0230612 0)
(1.13724 0.049542 0)
(1.08338 0.0481949 0)
(1.053 0.0456503 0)
(1.03021 0.0374354 0)
(1.01635 0.0329762 0)
(1.00247 0.0258688 0)
(0.995553 0.024266 0)
(0.985682 0.019329 0)
(1.0279 0.0577309 0)
(0.905531 0.0718235 0)
(0.883008 0.0906793 0)
(0.852361 0.0655604 0)
(0.851364 0.0583033 0)
(0.854072 0.044097 0)
(0.858656 0.0377031 0)
(0.86612 0.0279116 0)
(0.868361 0.0265612 0)
(0.879559 0.0193383 0)
(0.644427 0.0913197 2.72969e-19)
(0.610286 0.0876595 -3.98724e-20)
(0.673634 0.0910535 -1.64463e-20)
(0.682875 0.0603811 1.49714e-20)
(0.715937 0.052126 1.88692e-20)
(0.741757 0.0381597 -4.82965e-22)
(0.762347 0.0321965 -1.94005e-21)
(0.786221 0.0235269 -1.38599e-22)
(0.795697 0.0223193 -2.21988e-23)
(0.821466 0.0158168 4.18896e-22)
(0.531182 0.0834356 -2.04499e-20)
(0.521243 0.0843641 -4.20733e-20)
(0.611668 0.0869573 3.00619e-20)
(0.634262 0.0572054 -2.03486e-20)
(0.678001 0.049263 -1.51786e-21)
(0.710956 0.0359106 3.75765e-21)
(0.736308 0.030225 5.45524e-22)
(0.764821 0.0220516 1.71613e-21)
(0.776268 0.0208535 6.41043e-23)
(0.805903 0.0147058 -7.47937e-22)
(0.423246 0.0683105 1.76651e-19)
(0.434058 0.0783992 2.49532e-20)
(0.550153 0.0809875 2.04663e-20)
(0.586384 0.0532372 2.80337e-20)
(0.64081 0.0456718 -6.31019e-21)
(0.681016 0.0331947 -1.95042e-21)
(0.711185 0.0278587 -3.01924e-21)
(0.744364 0.0203029 -1.22036e-21)
(0.757847 0.019124 -2.26285e-22)
(0.791309 0.0134405 4.08024e-22)
(0.323183 0.054577 -3.60054e-19)
(0.351216 0.072023 3.92325e-20)
(0.490842 0.0740435 -7.0742e-20)
(0.540507 0.0485912 3.25439e-21)
(0.605309 0.041449 -1.44705e-21)
(0.652653 0.030023 6.67147e-21)
(0.687545 0.0251136 -4.7952e-22)
(0.725271 0.0182769 2.92112e-23)
(0.74078 0.0171527 1.24485e-23)
(0.777923 0.0120125 2.68855e-22)
(0.233247 0.0423924 2.95173e-19)
(0.275059 0.064292 -1.22195e-19)
(0.435572 0.065712 -1.79375e-20)
(0.497958 0.0430419 1.37136e-20)
(0.572489 0.0365252 4.17377e-21)
(0.626602 0.0263719 -5.15002e-21)
(0.665957 0.0219919 -1.20163e-21)
(0.707959 0.0159828 -5.4384e-22)
(0.725405 0.0149531 -1.44713e-22)
(0.765973 0.010436 6.57163e-22)
(0.155373 0.0314862 -2.80508e-20)
(0.207786 0.0549138 1.31091e-19)
(0.38617 0.0559164 1.34928e-20)
(0.460063 0.0365868 -1.59217e-20)
(0.54333 0.0309208 1.86067e-20)
(0.603582 0.022267 6.68167e-22)
(0.646974 0.01852 2.19357e-21)
(0.692829 0.0134437 1.68007e-22)
(0.712041 0.0125457 4.17561e-22)
(0.755665 0.00872945 -6.88795e-22)
(0.0911892 0.0221383 -1.25528e-19)
(0.151368 0.0441528 -1.90061e-20)
(0.344333 0.0448598 5.02044e-20)
(0.428057 0.0293418 -7.29208e-21)
(0.518745 0.0247186 -8.08784e-21)
(0.58426 0.0177639 1.26966e-21)
(0.631103 0.0147419 -4.67687e-22)
(0.680242 0.0106911 1.17089e-22)
(0.700972 0.00995853 -8.12093e-23)
(0.747185 0.00691238 1.17363e-22)
(0.0419785 0.0144216 2.93975e-20)
(0.10748 0.0323242 6.12064e-23)
(0.311542 0.0327955 1.57884e-20)
(0.403021 0.0214502 -7.11471e-21)
(0.499539 0.0180253 -1.71847e-21)
(0.569216 0.0129329 1.11071e-21)
(0.618784 0.0107131 -6.93817e-22)
(0.67051 0.00776398 1.64242e-22)
(0.692444 0.00722556 -1.45174e-22)
(0.740684 0.00500647 -3.38688e-22)
(0.0086718 0.00806327 2.01962e-20)
(0.0774488 0.0197154 -2.39849e-20)
(0.288984 0.0199871 -1.93416e-20)
(0.385822 0.013074 4.4335e-21)
(0.486356 0.0109651 1.13382e-21)
(0.558914 0.00785706 -7.97794e-22)
(0.610367 0.0064978 5.23157e-22)
(0.663878 0.00470731 8.1199e-23)
(0.686647 0.00438503 1.12634e-22)
(0.736282 0.00303552 -2.23459e-22)
(-0.0081289 0.00258514 -1.99396e-21)
(0.0621958 0.0066257 1.52173e-20)
(0.277491 0.00671965 5.87979e-21)
(0.377067 0.00439703 -3.48263e-22)
(0.479648 0.00367762 1.01824e-21)
(0.55368 0.00262969 -1.87364e-22)
(0.606096 0.00216751 1.57159e-22)
(0.660517 0.00157091 1.86749e-23)
(0.683714 0.00147853 2.20318e-24)
(0.73406 0.0010249 2.37473e-22)
)
;

boundaryField
{
    inlet
    {
        type            uniformFixedValue;
        uniformValue    constant (1 0 0);
        value           uniform (1 0 0);
    }
    outlet
    {
        type            pressureInletOutletVelocity;
        value           nonuniform List<vector> 
40
(
(0.879549 -0.0193179 0)
(0.985671 -0.0193101 0)
(1.05949 -0.0153409 0)
(1.09149 -0.0110091 0)
(1.09329 -0.00777703 0)
(1.08056 -0.00565873 0)
(1.06442 -0.00419274 0)
(1.05053 -0.0029792 0)
(1.04099 -0.00180728 0)
(1.03624 -0.000608412 0)
(0.73406 -0.000999069 2.43537e-22)
(0.736282 -0.00300978 -2.232e-22)
(0.740684 -0.00498091 -3.25882e-22)
(0.747185 -0.00688707 1.20934e-22)
(0.755666 -0.00870448 -6.41711e-22)
(0.765973 -0.0104115 6.88217e-22)
(0.777923 -0.0119884 2.64994e-22)
(0.791308 -0.0134169 3.8059e-22)
(0.805901 -0.0146828 -8.0295e-22)
(0.821463 -0.0157943 3.67323e-22)
(0.821466 0.0158168 4.18896e-22)
(0.805903 0.0147058 -7.47937e-22)
(0.791309 0.0134405 4.08024e-22)
(0.777923 0.0120125 2.68855e-22)
(0.765973 0.010436 6.57163e-22)
(0.755665 0.00872945 -6.88795e-22)
(0.747185 0.00691238 1.17363e-22)
(0.740684 0.00500647 -3.38688e-22)
(0.736282 0.00303552 -2.23459e-22)
(0.73406 0.0010249 2.37473e-22)
(1.03624 0.000609196 0)
(1.04099 0.0018097 0)
(1.05053 0.00298344 0)
(1.06441 0.0041991 0)
(1.08055 0.00566755 0)
(1.09329 0.00778858 0)
(1.0915 0.0110234 0)
(1.0595 0.0153578 0)
(0.985682 0.019329 0)
(0.879559 0.0193383 0)
)
;
    }
    cylinder
    {
        type            fixedValue;
        value           uniform (0 0 0);
    }
    top
    {
        type            symmetryPlane;
    }
    bottom
    {
        type            symmetryPlane;
    }
    defaultFaces
    {
        type            empty;
    }
}


// ************************************************************************* //
