/*--------------------------------*- C++ -*----------------------------------*\
  =========                 |
  \\      /  F ield         | OpenFOAM: The Open Source CFD Toolbox
   \\    /   O peration     | Website:  https://openfoam.org
    \\  /    A nd           | Version:  6.0
     \\/     M anipulation  |
\*---------------------------------------------------------------------------*/
FoamFile
{
    version     2.0;
    format      ascii;
    class       volScalarField;
    location    "450";
    object      nut;
}
// * * * * * * * * * * * * * * * * * * * * * * * * * * * * * * * * * * * * * //

dimensions      [0 2 -1 0 0 0 0];

internalField   nonuniform List<scalar> 
9800
(
0.140005
0.140007
0.139996
0.139987
0.139975
0.139964
0.139975
0.139995
0.140001
0.140006
0.14001
0.140014
0.140017
0.140021
0.140024
0.140029
0.140034
0.140039
0.140038
0.140039
0.140039
0.140036
0.140018
0.140017
0.140035
0.140039
0.140039
0.140038
0.140039
0.140035
0.14003
0.140025
0.140021
0.140018
0.140014
0.140011
0.140007
0.140002
0.139996
0.139982
0.139967
0.139975
0.139986
0.139995
0.140002
0.140009
0.140016
0.140024
0.140033
0.140044
0.140057
0.140072
0.140091
0.140113
0.140141
0.140175
0.140218
0.140272
0.140343
0.140436
0.140563
0.140739
0.141019
0.141394
0.142365
0.143567
0.144844
0.146278
0.146891
0.147517
0.147891
0.148154
0.148294
0.148343
0.14834
0.148336
0.148371
0.14847
0.148636
0.14885
0.149082
0.149296
0.149456
0.14954
0.149538
0.149451
0.149288
0.149064
0.148787
0.148515
0.148332
0.148248
0.148254
0.148339
0.148488
0.148691
0.148944
0.149643
0.163021
0.256757
0.140198
0.140167
0.140125
0.140095
0.140073
0.140063
0.140069
0.140075
0.140073
0.14007
0.140069
0.140069
0.140069
0.140069
0.140068
0.140061
0.140045
0.140024
0.140054
0.140071
0.140083
0.14008
0.140048
0.140046
0.140081
0.140085
0.140074
0.140058
0.140025
0.140042
0.140058
0.140066
0.140067
0.140066
0.140066
0.140067
0.140069
0.14007
0.140072
0.140068
0.14006
0.140064
0.140078
0.140098
0.140121
0.140145
0.14017
0.140197
0.140227
0.14026
0.140297
0.140339
0.140387
0.140442
0.140505
0.140579
0.140665
0.140767
0.140888
0.141033
0.141209
0.141424
0.141699
0.142026
0.142512
0.143044
0.143439
0.143744
0.143934
0.144109
0.144267
0.144407
0.144521
0.144609
0.144679
0.144739
0.144798
0.144861
0.14493
0.145002
0.145074
0.145137
0.145196
0.145289
0.145419
0.145582
0.145772
0.145983
0.146205
0.146429
0.146648
0.146854
0.147042
0.147207
0.147347
0.147462
0.147553
0.147624
0.147829
0.150927
0.140259
0.140216
0.140175
0.140148
0.140132
0.140125
0.140123
0.140119
0.140113
0.140108
0.140102
0.140093
0.140078
0.140054
0.140023
0.140016
0.140027
0.140039
0.140077
0.140107
0.140125
0.14012
0.140078
0.140076
0.14012
0.140128
0.14011
0.140082
0.14004
0.140022
0.140012
0.140025
0.140058
0.140079
0.140092
0.1401
0.140105
0.140109
0.140113
0.140115
0.140115
0.140117
0.140124
0.140138
0.140157
0.14018
0.140206
0.140235
0.140265
0.140297
0.140332
0.14037
0.140411
0.140456
0.140505
0.140559
0.140619
0.140684
0.140755
0.140832
0.140915
0.140996
0.14111
0.14125
0.141415
0.141604
0.141807
0.142033
0.142274
0.142529
0.142787
0.143043
0.143292
0.143536
0.143773
0.144005
0.144234
0.144461
0.144683
0.144897
0.145101
0.145293
0.145469
0.145627
0.145765
0.145881
0.145973
0.146042
0.146087
0.146109
0.146111
0.146094
0.146062
0.146019
0.145968
0.145913
0.145857
0.145804
0.145758
0.145741
0.140263
0.140224
0.14019
0.140167
0.14015
0.140137
0.140122
0.140103
0.140082
0.140057
0.140042
0.140031
0.140021
0.140016
0.140014
0.140022
0.140045
0.140078
0.140119
0.140153
0.140171
0.140157
0.140109
0.140103
0.140153
0.140169
0.140154
0.14012
0.140076
0.140038
0.140013
0.139999
0.14
0.140013
0.140027
0.14004
0.140067
0.140091
0.140108
0.14012
0.140129
0.140135
0.140142
0.140152
0.140165
0.140182
0.140204
0.140228
0.140255
0.140285
0.140317
0.140351
0.140387
0.140425
0.140466
0.140509
0.140555
0.140604
0.140655
0.140708
0.140763
0.140817
0.140872
0.14093
0.140989
0.141049
0.141115
0.141192
0.141278
0.141372
0.141471
0.141571
0.141671
0.141768
0.141857
0.141937
0.142006
0.142063
0.142113
0.142156
0.142195
0.14223
0.142264
0.142298
0.142335
0.142375
0.142419
0.142467
0.142518
0.142572
0.142629
0.142687
0.142747
0.142807
0.142869
0.142931
0.142993
0.143057
0.143117
0.14321
0.140268
0.140235
0.140204
0.14018
0.140158
0.140136
0.140112
0.140087
0.14006
0.140031
0.140002
0.13997
0.139947
0.139954
0.139981
0.14003
0.140072
0.140118
0.140163
0.140198
0.140211
0.140188
0.140136
0.140126
0.140179
0.140204
0.140193
0.140158
0.140111
0.14006
0.139999
0.13995
0.139932
0.139947
0.139981
0.14001
0.14004
0.14007
0.140095
0.140117
0.140135
0.14015
0.140163
0.140175
0.140188
0.140203
0.14022
0.14024
0.140263
0.140289
0.140317
0.140347
0.14038
0.140414
0.14045
0.140488
0.140527
0.140568
0.14061
0.140653
0.140696
0.140739
0.140781
0.140822
0.14086
0.140896
0.140931
0.140966
0.141002
0.141042
0.141087
0.141137
0.141191
0.141247
0.141303
0.141358
0.14141
0.14146
0.141507
0.141554
0.141601
0.141651
0.141702
0.141754
0.141808
0.141863
0.14192
0.141977
0.142034
0.142092
0.14215
0.142208
0.142266
0.142323
0.142382
0.14244
0.1425
0.14256
0.142617
0.142691
0.14025
0.140223
0.140195
0.14017
0.140144
0.140117
0.140087
0.140053
0.140011
0.139961
0.139905
0.139874
0.139869
0.139898
0.139963
0.140047
0.140106
0.14016
0.140207
0.140238
0.140242
0.140211
0.140156
0.140143
0.140197
0.14023
0.140227
0.140196
0.140147
0.140086
0.140007
0.139917
0.139867
0.13986
0.139888
0.139939
0.139988
0.140031
0.140067
0.140097
0.140123
0.140144
0.140162
0.140179
0.140194
0.140209
0.140224
0.140241
0.140259
0.14028
0.140302
0.140327
0.140353
0.140381
0.140411
0.140442
0.140475
0.140509
0.140543
0.140579
0.140615
0.140652
0.140689
0.140726
0.140763
0.140799
0.140835
0.14087
0.140905
0.14094
0.140977
0.141016
0.141058
0.141102
0.141148
0.141197
0.141246
0.141296
0.141346
0.141397
0.141448
0.1415
0.141553
0.141606
0.14166
0.141715
0.14177
0.141826
0.141881
0.141935
0.141989
0.142043
0.142096
0.142149
0.142201
0.142253
0.142305
0.142357
0.142406
0.142463
0.140196
0.140168
0.140131
0.14009
0.140044
0.139993
0.139939
0.139895
0.139852
0.139813
0.139789
0.139797
0.139845
0.139925
0.140008
0.14009
0.140155
0.140211
0.140253
0.140275
0.140268
0.140227
0.140167
0.140148
0.140209
0.140251
0.140259
0.140237
0.140192
0.140131
0.140053
0.139959
0.139863
0.139799
0.13978
0.139796
0.139831
0.139872
0.139917
0.139972
0.140024
0.140068
0.140105
0.140135
0.140161
0.140182
0.1402
0.140218
0.140235
0.140252
0.140271
0.140291
0.140313
0.140336
0.140361
0.140387
0.140415
0.140444
0.140474
0.140505
0.140537
0.140569
0.140603
0.140637
0.140672
0.140708
0.140744
0.140781
0.140818
0.140855
0.140893
0.140931
0.14097
0.14101
0.141051
0.141094
0.141138
0.141182
0.141227
0.141273
0.141319
0.141364
0.14141
0.141456
0.141502
0.141547
0.141592
0.141637
0.141682
0.141726
0.141769
0.141812
0.141855
0.141897
0.141939
0.141981
0.142023
0.142065
0.142104
0.142142
0.140013
0.139984
0.139923
0.139867
0.13982
0.139776
0.139738
0.139712
0.1397
0.139708
0.139748
0.139824
0.139909
0.139998
0.140081
0.140154
0.140216
0.140265
0.140298
0.140306
0.140284
0.14023
0.140155
0.140113
0.140201
0.140261
0.140285
0.140276
0.140241
0.140187
0.140118
0.140032
0.139933
0.139833
0.139743
0.139694
0.139679
0.139688
0.139714
0.139753
0.139799
0.139847
0.139904
0.139963
0.140017
0.140066
0.140108
0.140144
0.140174
0.140199
0.140222
0.140243
0.140263
0.140284
0.140306
0.140328
0.140352
0.140377
0.140402
0.140429
0.140457
0.140486
0.140516
0.140546
0.140577
0.14061
0.140643
0.140677
0.140711
0.140746
0.140782
0.140818
0.140855
0.140892
0.140929
0.140967
0.141006
0.141044
0.141083
0.141122
0.141161
0.141199
0.141237
0.141275
0.141312
0.141349
0.141385
0.141421
0.141456
0.14149
0.141525
0.141559
0.141592
0.141626
0.141659
0.141693
0.141727
0.141761
0.141793
0.14182
0.139726
0.139687
0.139644
0.139609
0.139584
0.139572
0.139576
0.139599
0.139647
0.139724
0.139827
0.139919
0.140008
0.140089
0.140163
0.140226
0.140279
0.140316
0.140333
0.140323
0.140281
0.140203
0.140091
0.140061
0.140173
0.140254
0.140297
0.140306
0.140287
0.140246
0.140188
0.140114
0.140026
0.139927
0.139816
0.139703
0.139619
0.139568
0.139546
0.139546
0.139562
0.13959
0.139628
0.139674
0.139724
0.139777
0.139829
0.139885
0.139945
0.140004
0.140058
0.140106
0.140148
0.140184
0.140215
0.140244
0.14027
0.140295
0.14032
0.140345
0.14037
0.140396
0.140422
0.140449
0.140477
0.140505
0.140534
0.140563
0.140593
0.140624
0.140655
0.140686
0.140718
0.14075
0.140782
0.140814
0.140846
0.140878
0.14091
0.140942
0.140973
0.141004
0.141034
0.141064
0.141093
0.141122
0.14115
0.141178
0.141205
0.141232
0.141259
0.141285
0.141312
0.141339
0.141366
0.141393
0.14142
0.141448
0.141475
0.141493
0.139452
0.139424
0.139418
0.139427
0.139456
0.139507
0.139581
0.139669
0.139763
0.139861
0.139958
0.140043
0.14012
0.14019
0.140252
0.140302
0.140339
0.140358
0.140354
0.140321
0.140253
0.140145
0.140007
0.139994
0.140121
0.140225
0.140291
0.140321
0.140322
0.140298
0.140256
0.140196
0.140123
0.140037
0.139938
0.139826
0.13971
0.139596
0.139499
0.139432
0.139394
0.139378
0.13938
0.139395
0.139419
0.139453
0.139493
0.139538
0.13959
0.139645
0.139702
0.139757
0.13981
0.139866
0.139929
0.139993
0.140053
0.140108
0.140156
0.140199
0.140237
0.140271
0.140302
0.140332
0.14036
0.140388
0.140415
0.140441
0.140468
0.140494
0.14052
0.140546
0.140572
0.140598
0.140623
0.140648
0.140673
0.140697
0.14072
0.140744
0.140766
0.140788
0.14081
0.140831
0.140852
0.140872
0.140892
0.140912
0.140932
0.140951
0.140971
0.140991
0.141011
0.141031
0.141052
0.141073
0.141095
0.141118
0.141139
0.141152
0.139255
0.139254
0.139312
0.139397
0.1395
0.139609
0.139715
0.139818
0.139914
0.140005
0.140089
0.140163
0.140229
0.140286
0.140333
0.140367
0.140384
0.14038
0.14035
0.140289
0.140193
0.140061
0.139921
0.139916
0.140048
0.140174
0.140264
0.140318
0.140341
0.140338
0.140314
0.140271
0.140214
0.140143
0.14006
0.139965
0.139858
0.13974
0.139616
0.139492
0.139376
0.139285
0.139224
0.139187
0.139169
0.139166
0.139175
0.139194
0.13922
0.139253
0.139292
0.139335
0.139381
0.139431
0.139484
0.139541
0.139597
0.139651
0.139703
0.139761
0.139825
0.139891
0.139953
0.14001
0.140062
0.140107
0.140148
0.140185
0.140218
0.140248
0.140276
0.140302
0.140325
0.140348
0.140369
0.140388
0.140407
0.140425
0.140442
0.140459
0.140475
0.140491
0.140506
0.140522
0.140537
0.140552
0.140567
0.140582
0.140598
0.140614
0.140631
0.140648
0.140666
0.140684
0.140703
0.140723
0.140743
0.140763
0.140782
0.140791
0.13929
0.139352
0.139452
0.139565
0.139679
0.139789
0.139891
0.139985
0.140071
0.14015
0.140222
0.140284
0.140336
0.140378
0.140407
0.140419
0.140413
0.140383
0.140325
0.140235
0.140111
0.139955
0.139812
0.139793
0.139888
0.140053
0.14018
0.140265
0.140315
0.140337
0.140335
0.140312
0.140271
0.140216
0.140148
0.140066
0.139972
0.139864
0.139742
0.139607
0.139459
0.139306
0.139165
0.139054
0.138975
0.13892
0.138884
0.138862
0.138853
0.138853
0.138861
0.138876
0.138897
0.138924
0.138955
0.13899
0.139027
0.139064
0.139103
0.139144
0.139186
0.139229
0.139271
0.139313
0.139356
0.139405
0.139458
0.139511
0.139561
0.139607
0.139648
0.139685
0.139718
0.139747
0.139774
0.139797
0.139818
0.139837
0.139855
0.139871
0.139888
0.139903
0.139919
0.139935
0.139952
0.139969
0.139987
0.140005
0.140024
0.140044
0.140064
0.140084
0.140105
0.140125
0.140145
0.140164
0.140182
0.140198
0.140211
0.140205
0.139285
0.139369
0.1395
0.139638
0.139764
0.139876
0.139976
0.140065
0.140144
0.140215
0.140278
0.140328
0.140365
0.140389
0.140397
0.140386
0.140351
0.140289
0.140194
0.140062
0.139892
0.139715
0.139615
0.139611
0.139706
0.139898
0.140064
0.140184
0.140264
0.140312
0.140333
0.14033
0.140308
0.14027
0.140217
0.140151
0.140072
0.139979
0.139872
0.139749
0.139609
0.139451
0.139282
0.139112
0.13895
0.13881
0.1387
0.138617
0.138553
0.138505
0.138469
0.138444
0.138427
0.138417
0.138413
0.138413
0.138417
0.138424
0.138434
0.138445
0.138457
0.13847
0.138483
0.138497
0.138511
0.138525
0.13854
0.138555
0.13857
0.138584
0.138595
0.138606
0.138615
0.138625
0.138637
0.138652
0.13867
0.138691
0.138714
0.138738
0.138763
0.138789
0.138816
0.138844
0.138873
0.138902
0.138933
0.138964
0.138996
0.139029
0.139061
0.139092
0.139123
0.139152
0.139179
0.139204
0.139227
0.139246
0.139259
0.139245
0.139577
0.13968
0.139795
0.139909
0.140013
0.140106
0.140188
0.14026
0.140322
0.140375
0.140417
0.140445
0.140458
0.140456
0.140435
0.140393
0.140325
0.140227
0.140096
0.13993
0.139734
0.139526
0.139377
0.139324
0.13936
0.139465
0.139609
0.139781
0.139926
0.140033
0.140103
0.140138
0.140144
0.140127
0.140089
0.140032
0.139956
0.13986
0.139742
0.139603
0.139438
0.13926
0.13908
0.138904
0.138737
0.138584
0.138446
0.138326
0.138223
0.138134
0.13806
0.137996
0.137942
0.137895
0.137855
0.137821
0.137792
0.137768
0.137747
0.137728
0.137712
0.137697
0.137683
0.137671
0.137659
0.137648
0.137636
0.137624
0.137612
0.137599
0.137585
0.137571
0.137557
0.137543
0.137528
0.137514
0.1375
0.137486
0.137473
0.137461
0.13745
0.137441
0.137435
0.137434
0.13744
0.137452
0.137469
0.137491
0.137515
0.137541
0.137567
0.137593
0.137615
0.137635
0.137652
0.137665
0.137674
0.137677
0.137671
0.137612
0.139256
0.139267
0.139329
0.139401
0.13947
0.139532
0.139586
0.139633
0.139673
0.139707
0.139737
0.139752
0.139746
0.139713
0.139655
0.139575
0.139479
0.139372
0.139253
0.139124
0.138996
0.138887
0.138823
0.138827
0.138905
0.13907
0.139271
0.139467
0.139641
0.139785
0.139897
0.139974
0.140021
0.140041
0.140036
0.14001
0.139962
0.139894
0.139806
0.1397
0.139577
0.13944
0.139294
0.139142
0.138986
0.138826
0.138664
0.138502
0.138344
0.138195
0.138059
0.137937
0.137827
0.137728
0.137638
0.137556
0.137479
0.137408
0.137342
0.137279
0.137219
0.137161
0.137106
0.137052
0.137
0.13695
0.1369
0.136852
0.136804
0.136758
0.136711
0.136666
0.136621
0.136576
0.136532
0.136488
0.136447
0.136405
0.136365
0.136325
0.136286
0.136246
0.136207
0.136168
0.136129
0.136091
0.136053
0.136015
0.135978
0.135945
0.135921
0.135909
0.135902
0.1359
0.135901
0.135901
0.1359
0.135897
0.135885
0.135815
0.139499
0.139497
0.13951
0.139529
0.139548
0.139562
0.139571
0.139574
0.139569
0.139556
0.139534
0.1395
0.13945
0.139383
0.1393
0.139204
0.139096
0.138979
0.138854
0.138724
0.13859
0.138456
0.138324
0.1382
0.13812
0.138124
0.13818
0.138264
0.13836
0.138456
0.138547
0.138625
0.138687
0.138732
0.138759
0.138771
0.138766
0.138746
0.138711
0.138662
0.138601
0.138529
0.138447
0.138356
0.138257
0.138151
0.138039
0.137923
0.137803
0.13768
0.137559
0.137438
0.137319
0.137202
0.137087
0.136974
0.136863
0.136755
0.13665
0.136547
0.136446
0.136348
0.136253
0.136161
0.136072
0.135986
0.135904
0.135824
0.135748
0.135675
0.135604
0.135536
0.13547
0.135407
0.135344
0.135283
0.135224
0.135165
0.135107
0.135049
0.134992
0.134934
0.134876
0.134817
0.134756
0.134694
0.134631
0.134566
0.134499
0.134431
0.134362
0.134292
0.134221
0.134147
0.13407
0.133991
0.13391
0.133826
0.133739
0.133654
0.138314
0.138391
0.138464
0.138485
0.13847
0.138441
0.138408
0.138373
0.138333
0.138275
0.138193
0.13812
0.138049
0.137979
0.137911
0.137847
0.137793
0.137749
0.137718
0.137699
0.137691
0.137691
0.137698
0.137713
0.13774
0.137783
0.137838
0.137905
0.137979
0.138056
0.138132
0.138204
0.138269
0.138327
0.138375
0.138415
0.138443
0.138461
0.138468
0.138464
0.138451
0.138427
0.138394
0.138353
0.138302
0.138243
0.138176
0.138103
0.138022
0.137934
0.137839
0.137739
0.137632
0.137521
0.137404
0.137283
0.137157
0.137026
0.136892
0.136754
0.136617
0.136477
0.136335
0.136187
0.136031
0.135869
0.135701
0.135532
0.135366
0.135207
0.135054
0.134909
0.134771
0.134639
0.134511
0.134387
0.134266
0.134148
0.134032
0.133917
0.133804
0.133691
0.133579
0.133466
0.133353
0.13324
0.133127
0.133012
0.132899
0.132786
0.132673
0.132561
0.132448
0.132336
0.132221
0.132104
0.131986
0.131868
0.131749
0.131636
0.138269
0.138251
0.138222
0.138184
0.13814
0.138094
0.138048
0.138003
0.137958
0.137914
0.13787
0.137829
0.137789
0.13775
0.137712
0.137676
0.137643
0.137614
0.137589
0.137567
0.137549
0.137532
0.137517
0.137503
0.137488
0.13747
0.137451
0.13743
0.137407
0.137381
0.137353
0.13733
0.137314
0.137302
0.137291
0.137281
0.137268
0.137249
0.137228
0.137204
0.137176
0.137143
0.137104
0.137059
0.137009
0.136955
0.136896
0.136834
0.136767
0.136695
0.136617
0.136536
0.136449
0.136359
0.136266
0.136169
0.136068
0.135965
0.135859
0.13575
0.135637
0.135523
0.135408
0.135296
0.135185
0.135069
0.134954
0.134838
0.134724
0.134612
0.1345
0.13439
0.134284
0.134178
0.134074
0.133971
0.133869
0.133771
0.133673
0.133576
0.133481
0.133386
0.13329
0.133193
0.133095
0.132997
0.132897
0.132798
0.132697
0.132595
0.132493
0.132389
0.132285
0.132178
0.132069
0.131952
0.131821
0.131671
0.131498
0.131325
0.140106
0.140394
0.140622
0.140791
0.14091
0.140989
0.141037
0.141058
0.141053
0.141023
0.141001
0.14097
0.140936
0.140899
0.140861
0.140824
0.140787
0.14075
0.140715
0.140681
0.140647
0.140613
0.140578
0.140543
0.140507
0.14047
0.14043
0.140389
0.140344
0.140292
0.140236
0.140207
0.140166
0.140125
0.140082
0.140038
0.139992
0.139945
0.139896
0.139844
0.139789
0.139732
0.139673
0.139611
0.139548
0.13948
0.139409
0.139334
0.139257
0.139176
0.139089
0.138998
0.138902
0.138801
0.138697
0.138588
0.138476
0.138362
0.138247
0.138131
0.138011
0.137891
0.137784
0.137661
0.137532
0.137396
0.137253
0.137105
0.136947
0.13678
0.136604
0.136415
0.13621
0.135991
0.13576
0.135509
0.135248
0.134971
0.134683
0.13439
0.134097
0.133807
0.133519
0.133232
0.132947
0.132663
0.13238
0.132098
0.131816
0.131533
0.131249
0.130964
0.130677
0.130386
0.130092
0.129797
0.129502
0.129214
0.128949
0.128744
0.126875
0.125801
0.125326
0.125164
0.125155
0.125194
0.125131
0.124901
0.124516
0.124059
0.124271
0.123634
0.122934
0.122289
0.121686
0.121115
0.120567
0.120038
0.119523
0.119021
0.118534
0.118061
0.117605
0.11717
0.116756
0.116365
0.115995
0.115645
0.115313
0.115003
0.114828
0.115284
0.114984
0.114682
0.114373
0.114056
0.113731
0.113398
0.113059
0.112714
0.112364
0.112009
0.111652
0.111291
0.110927
0.11056
0.11019
0.109818
0.109444
0.109067
0.108688
0.108307
0.107924
0.107539
0.107154
0.10677
0.106389
0.106009
0.105631
0.105255
0.104881
0.104694
0.104878
0.104617
0.104334
0.10404
0.103734
0.103417
0.103091
0.102756
0.102413
0.102061
0.101701
0.101334
0.10096
0.100579
0.100192
0.0997994
0.0994014
0.0989987
0.0985919
0.0981812
0.0977671
0.0973497
0.0969293
0.096506
0.0960798
0.0956509
0.09522
0.0947879
0.0943563
0.0939271
0.0935037
0.0930911
0.0926973
0.0923349
0.0920237
0.0917954
0.0917005
0.0918252
0.375499
0.391155
0.405895
0.419776
0.432894
0.445328
0.457145
0.468401
0.479145
0.48942
0.499262
0.508703
0.517773
0.526498
0.5349
0.542999
0.550831
0.558373
0.56566
0.572715
0.57955
0.586177
0.592608
0.598851
0.604918
0.610818
0.616558
0.622148
0.627594
0.632905
0.638088
0.64315
0.648024
0.6527
0.657433
0.662076
0.666631
0.671104
0.675501
0.679829
0.684092
0.688298
0.692451
0.696559
0.700626
0.704659
0.708664
0.712452
0.716139
0.720125
0.724111
0.728099
0.732096
0.736107
0.740138
0.744195
0.748284
0.752409
0.756575
0.760374
0.764263
0.76871
0.773217
0.777781
0.782405
0.787092
0.791843
0.79552
0.801112
0.806012
0.153775
0.154418
0.155156
0.155968
0.156844
0.157778
0.158767
0.159805
0.160893
0.162027
0.163208
0.164433
0.165701
0.167011
0.168363
0.169755
0.171193
0.172663
0.174171
0.175718
0.177303
0.178927
0.180588
0.182286
0.184019
0.185788
0.187591
0.189429
0.191301
0.193207
0.195147
0.197121
0.199096
0.201068
0.203147
0.20526
0.207403
0.209575
0.211776
0.214003
0.216258
0.218539
0.220848
0.223184
0.225549
0.227943
0.23037
0.232732
0.235103
0.237693
0.24033
0.243011
0.245741
0.248526
0.251373
0.254292
0.257293
0.260392
0.263603
0.266704
0.270032
0.27388
0.277925
0.282185
0.286691
0.291473
0.296568
0.301317
0.307839
0.31418
0.145703
0.145708
0.145723
0.145742
0.145761
0.145778
0.145792
0.145803
0.14581
0.145816
0.145821
0.145826
0.145832
0.145839
0.145848
0.145859
0.145873
0.145889
0.145907
0.145927
0.145949
0.145974
0.146
0.146028
0.146057
0.146088
0.146119
0.14615
0.14618
0.146209
0.146235
0.146259
0.146277
0.146288
0.146306
0.146324
0.146343
0.146363
0.146383
0.146404
0.146428
0.146453
0.14648
0.14651
0.146542
0.146578
0.146617
0.146643
0.146665
0.146722
0.146786
0.146857
0.146936
0.147024
0.14712
0.147226
0.147344
0.147474
0.147619
0.147729
0.147869
0.148106
0.14838
0.148695
0.149059
0.149486
0.149991
0.150414
0.151314
0.152243
0.143075
0.143035
0.142994
0.142956
0.142922
0.142891
0.142863
0.142836
0.142808
0.142779
0.14275
0.142721
0.142691
0.142661
0.142631
0.142603
0.142575
0.142548
0.142521
0.142496
0.142471
0.142447
0.142423
0.1424
0.142378
0.142356
0.142334
0.142313
0.142293
0.142272
0.142252
0.142232
0.142211
0.14219
0.14217
0.142148
0.142126
0.142103
0.142079
0.142054
0.142028
0.142001
0.141973
0.141944
0.141914
0.141882
0.14185
0.141815
0.141778
0.141741
0.141704
0.141665
0.141626
0.141587
0.141546
0.141505
0.141463
0.14142
0.141376
0.141327
0.141276
0.141228
0.141182
0.141137
0.141094
0.141054
0.141017
0.140973
0.140959
0.140952
0.142619
0.14259
0.142559
0.142526
0.142493
0.14246
0.142428
0.142396
0.142366
0.142336
0.142305
0.142274
0.142243
0.142212
0.142181
0.142152
0.142123
0.142096
0.142069
0.142042
0.142016
0.141989
0.141963
0.141937
0.141911
0.141886
0.141861
0.141835
0.141811
0.141786
0.141762
0.141738
0.141715
0.141692
0.141669
0.141647
0.141625
0.141603
0.141581
0.14156
0.141539
0.141519
0.141499
0.14148
0.141461
0.141443
0.141425
0.141408
0.14139
0.141373
0.141355
0.141338
0.141321
0.141303
0.141286
0.141269
0.141252
0.141235
0.141219
0.141202
0.141185
0.141168
0.141151
0.141135
0.14112
0.141106
0.141096
0.141088
0.141083
0.141085
0.142418
0.142397
0.142374
0.142348
0.14232
0.142291
0.142261
0.142232
0.142203
0.142174
0.142146
0.142116
0.142087
0.142057
0.142027
0.141998
0.14197
0.141944
0.141918
0.141892
0.141866
0.14184
0.141814
0.141788
0.141763
0.141737
0.141711
0.141686
0.141661
0.141636
0.141612
0.141587
0.141564
0.14154
0.141516
0.141493
0.14147
0.141448
0.141425
0.141404
0.141382
0.141361
0.141341
0.141321
0.141302
0.141283
0.141266
0.141249
0.141232
0.141215
0.141198
0.141182
0.141165
0.141149
0.141133
0.141117
0.141102
0.141087
0.141072
0.141058
0.141043
0.141028
0.141014
0.141
0.140987
0.140976
0.140968
0.140962
0.14096
0.140963
0.142113
0.142099
0.142082
0.142062
0.14204
0.142015
0.141989
0.141963
0.141936
0.141911
0.141885
0.141859
0.141832
0.141805
0.141778
0.141751
0.141724
0.141698
0.141674
0.14165
0.141627
0.141603
0.141579
0.141555
0.141531
0.141507
0.141483
0.141459
0.141435
0.141411
0.141387
0.141363
0.14134
0.141316
0.141293
0.141269
0.141246
0.141222
0.141199
0.141176
0.141153
0.14113
0.141109
0.141087
0.141067
0.141048
0.141031
0.141014
0.140998
0.140982
0.140967
0.140952
0.140937
0.140923
0.140908
0.140895
0.140881
0.140868
0.140855
0.140843
0.140829
0.140816
0.140802
0.140789
0.140776
0.140765
0.140757
0.14075
0.140747
0.140749
0.1418
0.14179
0.141777
0.141762
0.141743
0.141722
0.141699
0.141676
0.141653
0.141631
0.141608
0.141585
0.14156
0.141536
0.14151
0.141484
0.141458
0.141431
0.141404
0.141378
0.141352
0.141327
0.141303
0.141279
0.141256
0.141233
0.141211
0.141189
0.141167
0.141145
0.141125
0.141104
0.141084
0.141065
0.141045
0.141026
0.141006
0.140987
0.140969
0.14095
0.140931
0.140913
0.140894
0.140875
0.140856
0.140837
0.140818
0.140799
0.140779
0.140758
0.140737
0.140715
0.140694
0.140673
0.140651
0.14063
0.14061
0.14059
0.140571
0.140553
0.140534
0.140516
0.140499
0.140483
0.140468
0.140457
0.140449
0.140443
0.140441
0.140443
0.14148
0.141474
0.141465
0.141452
0.141436
0.141418
0.141398
0.141378
0.141357
0.141338
0.141319
0.141299
0.141278
0.141256
0.141234
0.141211
0.141188
0.141165
0.141142
0.14112
0.141097
0.141075
0.141053
0.141033
0.141013
0.140994
0.140976
0.140959
0.140942
0.140926
0.14091
0.140894
0.140879
0.140863
0.140849
0.140834
0.140821
0.140808
0.140795
0.140782
0.140769
0.140755
0.140741
0.140726
0.140711
0.140695
0.140679
0.140663
0.140645
0.140628
0.140609
0.140591
0.140571
0.140552
0.140532
0.140511
0.140491
0.14047
0.14045
0.14043
0.140408
0.140386
0.140365
0.140344
0.140324
0.140305
0.14029
0.140277
0.14027
0.14027
0.14114
0.141135
0.141127
0.141116
0.141101
0.141084
0.141066
0.141047
0.141031
0.141015
0.140998
0.140981
0.140963
0.140945
0.140927
0.140908
0.140889
0.140871
0.140853
0.140835
0.140818
0.140802
0.140786
0.14077
0.140755
0.14074
0.140726
0.140711
0.140697
0.140683
0.140669
0.140655
0.140642
0.140628
0.140615
0.140602
0.140588
0.140575
0.140562
0.140548
0.140535
0.140521
0.140507
0.140493
0.140478
0.140464
0.140449
0.140435
0.14042
0.140404
0.140388
0.140371
0.140355
0.140338
0.14032
0.140303
0.140285
0.140267
0.140251
0.140233
0.140215
0.140197
0.140178
0.140159
0.14014
0.140123
0.140107
0.140092
0.140083
0.140081
0.140773
0.140766
0.140756
0.140742
0.140725
0.140706
0.140686
0.140668
0.140653
0.140638
0.140622
0.140606
0.14059
0.140573
0.140555
0.140538
0.14052
0.140502
0.140485
0.140468
0.140452
0.140436
0.14042
0.140405
0.14039
0.140375
0.14036
0.140345
0.140331
0.140316
0.140302
0.140287
0.140273
0.140259
0.140245
0.14023
0.140216
0.140202
0.140188
0.140173
0.140158
0.140143
0.140128
0.140113
0.140098
0.140082
0.140067
0.140051
0.140035
0.140019
0.140002
0.139985
0.139968
0.13995
0.139932
0.139914
0.139895
0.139877
0.13986
0.139843
0.139825
0.139806
0.139786
0.139767
0.139748
0.13973
0.139714
0.139698
0.139686
0.139683
0.140172
0.140159
0.140141
0.140121
0.140098
0.140075
0.140053
0.140035
0.140019
0.140004
0.139989
0.139973
0.139957
0.13994
0.139922
0.139905
0.139887
0.13987
0.139852
0.139835
0.139818
0.139801
0.139784
0.139767
0.139751
0.139735
0.139719
0.139703
0.139687
0.139671
0.139655
0.13964
0.139625
0.139609
0.139594
0.139579
0.139563
0.139548
0.139533
0.139517
0.139502
0.139486
0.13947
0.139454
0.139439
0.139423
0.139407
0.139391
0.139375
0.139359
0.139343
0.139326
0.139309
0.139292
0.139274
0.139256
0.139239
0.139222
0.139205
0.139189
0.139171
0.139154
0.139136
0.139118
0.139099
0.139082
0.139067
0.13905
0.139037
0.139031
0.139187
0.139167
0.139143
0.139118
0.139092
0.139069
0.139048
0.139032
0.139018
0.139004
0.13899
0.138975
0.13896
0.138944
0.138928
0.138911
0.138894
0.138877
0.138861
0.138844
0.138828
0.138812
0.138797
0.138782
0.138767
0.138753
0.138739
0.138725
0.138711
0.138698
0.138684
0.138671
0.138658
0.138645
0.138632
0.138619
0.138607
0.138594
0.138582
0.13857
0.138557
0.138545
0.138533
0.13852
0.138507
0.138495
0.138483
0.13847
0.138458
0.138445
0.138433
0.13842
0.138407
0.138394
0.138381
0.138367
0.138354
0.138341
0.138329
0.138316
0.138303
0.13829
0.138277
0.138263
0.138249
0.138236
0.138223
0.138208
0.138196
0.138191
0.137537
0.137519
0.137501
0.137484
0.137471
0.13746
0.137453
0.137449
0.137446
0.137442
0.137437
0.13743
0.137423
0.137414
0.137404
0.137394
0.137383
0.137373
0.137362
0.137353
0.137343
0.137334
0.137326
0.137318
0.137311
0.137304
0.137297
0.137291
0.137285
0.137279
0.137273
0.137267
0.137261
0.137254
0.137249
0.137243
0.137238
0.137233
0.137227
0.137222
0.137217
0.137212
0.137207
0.137201
0.137195
0.137189
0.137183
0.137176
0.137169
0.137162
0.137156
0.137149
0.137143
0.137136
0.137129
0.137122
0.137115
0.137107
0.1371
0.137092
0.137084
0.137077
0.13707
0.137063
0.137055
0.137046
0.137037
0.137022
0.13701
0.137
0.135734
0.13572
0.135711
0.135705
0.135701
0.1357
0.1357
0.1357
0.135701
0.135702
0.135701
0.135698
0.135691
0.135682
0.13567
0.135656
0.135641
0.135625
0.135611
0.135597
0.135584
0.135573
0.135562
0.135553
0.135544
0.135535
0.135528
0.135521
0.135514
0.135509
0.135503
0.135497
0.135491
0.135484
0.135477
0.135472
0.135467
0.135464
0.135462
0.13546
0.13546
0.13546
0.13546
0.13546
0.135459
0.135456
0.135452
0.135446
0.135438
0.135432
0.135428
0.135425
0.135422
0.135421
0.13542
0.135418
0.135415
0.135411
0.135406
0.135398
0.13539
0.135386
0.135383
0.135381
0.135378
0.135372
0.135365
0.13535
0.135342
0.135334
0.133579
0.133574
0.133572
0.13357
0.133569
0.133568
0.133567
0.133566
0.133565
0.133563
0.133562
0.133559
0.133557
0.133554
0.133551
0.133547
0.133544
0.13354
0.133536
0.133532
0.133528
0.133524
0.13352
0.133516
0.133513
0.13351
0.133506
0.133503
0.1335
0.133498
0.133495
0.133492
0.133488
0.133483
0.133479
0.133475
0.133471
0.133468
0.133465
0.133462
0.13346
0.133458
0.133456
0.133454
0.133452
0.133451
0.133448
0.133444
0.133439
0.133435
0.133432
0.133429
0.133428
0.133427
0.133426
0.133426
0.133426
0.133426
0.133425
0.13342
0.133415
0.133413
0.133413
0.133414
0.133416
0.133417
0.133416
0.133405
0.133401
0.133392
0.131556
0.131538
0.131523
0.131508
0.131493
0.13148
0.131466
0.131453
0.13144
0.131427
0.131414
0.131401
0.131389
0.131376
0.131363
0.13135
0.131338
0.131325
0.131312
0.131299
0.131286
0.131273
0.13126
0.131247
0.131235
0.131222
0.13121
0.131199
0.131188
0.131176
0.131165
0.131154
0.131142
0.131129
0.131115
0.131103
0.13109
0.131078
0.131067
0.131056
0.131046
0.131037
0.131028
0.13102
0.131013
0.131005
0.130996
0.130985
0.130973
0.130961
0.130951
0.130943
0.130936
0.13093
0.130925
0.130921
0.130918
0.130914
0.13091
0.1309
0.130889
0.130882
0.130878
0.130876
0.130875
0.130874
0.13087
0.130851
0.13084
0.130823
0.131158
0.131093
0.13103
0.130967
0.130903
0.130839
0.130775
0.130711
0.130646
0.130582
0.130518
0.130454
0.130391
0.130327
0.130264
0.1302
0.130137
0.130074
0.130011
0.129947
0.129884
0.129822
0.12976
0.129698
0.129637
0.129576
0.129516
0.129457
0.129398
0.129339
0.129282
0.129225
0.129167
0.129105
0.129043
0.128983
0.128922
0.128863
0.128805
0.128747
0.12869
0.128635
0.12858
0.128527
0.128475
0.128425
0.128375
0.128321
0.12826
0.128201
0.128144
0.128089
0.128037
0.127987
0.127939
0.127894
0.127851
0.12781
0.12777
0.12772
0.127663
0.127611
0.127565
0.127524
0.127488
0.127456
0.127425
0.127366
0.127327
0.127286
0.12763
0.127455
0.127337
0.127222
0.127106
0.126987
0.126866
0.126742
0.126617
0.12649
0.126362
0.126232
0.126101
0.125969
0.125836
0.125703
0.12557
0.125436
0.1253
0.125164
0.125028
0.124892
0.124755
0.12462
0.124484
0.124348
0.124212
0.124078
0.123944
0.123812
0.123682
0.123552
0.123417
0.123271
0.12313
0.12299
0.122852
0.122716
0.122582
0.12245
0.12232
0.122192
0.122067
0.121945
0.121825
0.121709
0.121594
0.12146
0.121309
0.12117
0.121038
0.120911
0.120789
0.120673
0.120563
0.120459
0.12036
0.120267
0.120178
0.120046
0.119902
0.119789
0.119693
0.119612
0.119546
0.119493
0.119454
0.119303
0.119299
0.119282
0.0840295
0.0826106
0.0818323
0.0811331
0.0804615
0.0798119
0.0791825
0.0785723
0.0779802
0.0774054
0.0768469
0.076304
0.0757759
0.075262
0.0747616
0.0742744
0.0738045
0.0733435
0.0728905
0.0724468
0.0720128
0.0715891
0.0711758
0.0707734
0.0703821
0.0700021
0.0696336
0.0692769
0.0689321
0.0685994
0.0682786
0.0679697
0.0676515
0.0673058
0.0669819
0.0666705
0.0663695
0.0660787
0.0657983
0.0655285
0.0652693
0.0650209
0.0647835
0.064557
0.0643416
0.0641372
0.0639437
0.0637032
0.0634209
0.0631797
0.062958
0.0627505
0.0625565
0.0623761
0.0622092
0.0620561
0.061917
0.061792
0.061682
0.0614573
0.061203
0.061023
0.0608809
0.0607685
0.0606864
0.0606383
0.0606318
0.0603183
0.0604495
0.0606785
0.860352
0.91874
0.950918
0.970214
0.983009
0.992276
0.999448
1.00527
1.01016
1.01436
1.01805
1.02134
1.0243
1.02699
1.02947
1.03176
1.0339
1.03591
1.0378
1.03959
1.04129
1.04292
1.04448
1.04598
1.04742
1.04882
1.05017
1.05149
1.05277
1.05402
1.05524
1.05643
1.0576
1.05876
1.05989
1.061
1.0621
1.06319
1.06426
1.06532
1.06637
1.06742
1.06845
1.06948
1.0705
1.07151
1.07252
1.07353
1.07453
1.07553
1.07652
1.07751
1.07851
1.07949
1.08048
1.08147
1.08246
1.08344
1.08443
1.08541
1.0864
1.08739
1.08837
1.08936
1.09034
1.09132
1.09229
1.09325
1.09419
1.09509
1.09593
1.09669
1.09731
1.09775
1.09794
0.389215
0.516118
0.617749
0.695698
0.755063
0.800889
0.837075
0.86636
0.890605
0.911079
0.928667
0.944002
0.957546
0.969642
0.980551
0.990472
0.999562
1.00794
1.01571
1.02295
1.02973
1.03611
1.04212
1.04781
1.05322
1.05838
1.0633
1.06801
1.07253
1.07688
1.08107
1.08512
1.08904
1.09283
1.09651
1.10009
1.10358
1.10698
1.11029
1.11353
1.1167
1.11981
1.12286
1.12585
1.12879
1.13167
1.13452
1.13732
1.14008
1.14281
1.1455
1.14816
1.15079
1.15339
1.15597
1.15852
1.16104
1.16355
1.16603
1.1685
1.17095
1.17338
1.17579
1.17818
1.18055
1.18291
1.18523
1.18752
1.18976
1.19192
1.19397
1.19584
1.19744
1.19864
1.19924
0.164284
0.207192
0.269468
0.342891
0.418196
0.489083
0.552569
0.607977
0.655862
0.697265
0.733288
0.764911
0.79293
0.817974
0.840532
0.860993
0.879665
0.896801
0.912608
0.927261
0.940901
0.953649
0.965607
0.976862
0.987486
0.997543
1.00709
1.01617
1.02483
1.03311
1.04103
1.04863
1.05594
1.06298
1.06976
1.07631
1.08264
1.08877
1.09472
1.10049
1.10611
1.11157
1.11689
1.12208
1.12715
1.1321
1.13695
1.14169
1.14634
1.1509
1.15537
1.15977
1.16409
1.16834
1.17252
1.17664
1.1807
1.18471
1.18866
1.19255
1.1964
1.20021
1.20397
1.20768
1.21135
1.21497
1.21855
1.22207
1.22551
1.22886
1.23207
1.23505
1.23769
1.23977
1.24098
0.140923
0.142125
0.147905
0.161625
0.185536
0.219738
0.262432
0.310741
0.361605
0.412422
0.461335
0.507243
0.549664
0.588538
0.62406
0.656543
0.686332
0.713754
0.739101
0.76262
0.78452
0.804978
0.824146
0.842155
0.859119
0.875139
0.890302
0.904688
0.918363
0.93139
0.943821
0.955706
0.967085
0.977999
0.988482
0.998566
1.00828
1.01765
1.02669
1.03544
1.0439
1.05211
1.06007
1.0678
1.07531
1.08262
1.08974
1.09668
1.10346
1.11007
1.11654
1.12286
1.12904
1.1351
1.14104
1.14687
1.15259
1.1582
1.16372
1.16914
1.17447
1.17972
1.18489
1.18998
1.19499
1.19992
1.20478
1.20956
1.21425
1.21882
1.22323
1.22741
1.2312
1.23435
1.23636
0.141157
0.141115
0.140839
0.140614
0.141202
0.143775
0.149689
0.160177
0.176079
0.197669
0.22463
0.256141
0.291059
0.328119
0.366111
0.404008
0.441026
0.476634
0.510524
0.542568
0.57276
0.601171
0.627917
0.653126
0.67693
0.699447
0.720787
0.741046
0.760311
0.778659
0.796158
0.812872
0.828858
0.844168
0.858849
0.872946
0.886498
0.899542
0.912111
0.924235
0.935943
0.94726
0.95821
0.968815
0.979097
0.989073
0.998761
1.00818
1.01734
1.02626
1.03495
1.04342
1.05169
1.05976
1.06764
1.07536
1.0829
1.09029
1.09752
1.10461
1.11156
1.11838
1.12507
1.13164
1.13809
1.14443
1.15066
1.15678
1.16278
1.16864
1.17434
1.1798
1.18488
1.18926
1.19233
0.141047
0.141194
0.141304
0.14132
0.141183
0.140885
0.140531
0.140374
0.140824
0.142414
0.145751
0.151447
0.160038
0.171914
0.18727
0.206076
0.228087
0.252873
0.279878
0.308483
0.338064
0.36805
0.397953
0.427387
0.45607
0.483817
0.510524
0.536147
0.560689
0.58418
0.606667
0.628205
0.64885
0.668657
0.687676
0.705956
0.72354
0.740469
0.756781
0.77251
0.78769
0.802353
0.816527
0.83024
0.843517
0.856382
0.868858
0.880966
0.892724
0.904152
0.915266
0.926082
0.936615
0.946879
0.956887
0.966651
0.976183
0.985494
0.994593
1.00349
1.01219
1.02071
1.02905
1.03723
1.04523
1.05308
1.06078
1.06832
1.07572
1.08296
1.09001
1.09684
1.1033
1.1091
1.11348
0.140811
0.140928
0.141045
0.141161
0.141267
0.141343
0.141358
0.141279
0.141088
0.140798
0.140469
0.140217
0.140218
0.140707
0.141965
0.144305
0.148046
0.153497
0.160921
0.170519
0.182405
0.196597
0.213013
0.231479
0.251743
0.273498
0.296405
0.320119
0.34431
0.368682
0.392979
0.416995
0.440573
0.463602
0.486007
0.507749
0.528811
0.549195
0.568914
0.587989
0.606445
0.624309
0.641606
0.658363
0.674604
0.690353
0.705632
0.720463
0.734865
0.74886
0.762464
0.775696
0.788573
0.801111
0.813325
0.82523
0.836839
0.848165
0.85922
0.870016
0.880563
0.89087
0.900948
0.910806
0.92045
0.929889
0.93913
0.948177
0.957035
0.965702
0.974171
0.982408
0.990323
0.997655
1.00365
0.140494
0.140592
0.140688
0.140785
0.140884
0.140986
0.141087
0.141184
0.141265
0.141316
0.141321
0.141262
0.14113
0.140926
0.140669
0.140399
0.140181
0.140108
0.140295
0.140886
0.142041
0.143933
0.146743
0.150648
0.155809
0.162367
0.170428
0.180056
0.191271
0.204042
0.218292
0.233902
0.250716
0.268554
0.287218
0.306509
0.326231
0.3462
0.366253
0.386249
0.406072
0.425628
0.44485
0.463686
0.482105
0.500089
0.517629
0.534726
0.551386
0.567618
0.583433
0.598846
0.613869
0.628516
0.642799
0.656731
0.670325
0.683593
0.696545
0.709194
0.721549
0.73362
0.745418
0.756951
0.768228
0.779257
0.790046
0.800602
0.810929
0.821032
0.830909
0.84055
0.849909
0.858831
0.866754
0.140306
0.140374
0.140441
0.140508
0.140577
0.140648
0.140721
0.140797
0.140876
0.140958
0.141041
0.14112
0.14119
0.141243
0.14127
0.141261
0.141207
0.141106
0.140957
0.14077
0.140562
0.140362
0.14021
0.140158
0.140271
0.140626
0.141309
0.142416
0.144048
0.146308
0.149299
0.153121
0.157863
0.163599
0.170389
0.178269
0.187255
0.197336
0.208476
0.220618
0.233684
0.247577
0.262189
0.277404
0.293103
0.309168
0.325486
0.341952
0.358473
0.374966
0.391362
0.407604
0.423645
0.439452
0.454999
0.470268
0.485249
0.499936
0.514327
0.528423
0.542227
0.555745
0.56898
0.581939
0.594627
0.607051
0.619214
0.631123
0.642781
0.654193
0.665359
0.67628
0.686949
0.697356
0.707489
0.140101
0.14014
0.140178
0.140217
0.140259
0.140302
0.140349
0.140398
0.14045
0.140505
0.140563
0.140626
0.140693
0.140763
0.140835
0.140907
0.140977
0.141039
0.141089
0.141122
0.141132
0.141115
0.141068
0.14099
0.140882
0.140749
0.140602
0.140455
0.140328
0.140245
0.140239
0.140345
0.140607
0.141073
0.141795
0.142829
0.144234
0.146071
0.1484
0.151281
0.154768
0.158911
0.163754
0.169329
0.175659
0.182757
0.19062
0.199235
0.208576
0.218605
0.229274
0.240527
0.2523
0.264526
0.277133
0.290052
0.303213
0.31655
0.330001
0.343509
0.357022
0.370497
0.383895
0.397182
0.410332
0.423322
0.436136
0.448759
0.46118
0.473392
0.485388
0.497162
0.508717
0.520142
0.532553
0.139692
0.139712
0.139731
0.13975
0.13977
0.139792
0.139817
0.139844
0.139875
0.139909
0.139947
0.139988
0.140034
0.140084
0.140138
0.140196
0.140257
0.140322
0.14039
0.140458
0.140527
0.140594
0.140656
0.140711
0.140757
0.14079
0.140808
0.140809
0.140791
0.140753
0.140696
0.140623
0.140536
0.140441
0.140346
0.140262
0.140201
0.140179
0.140213
0.140326
0.14054
0.140881
0.141379
0.142065
0.142969
0.144128
0.145574
0.147343
0.14947
0.151987
0.154927
0.158316
0.16218
0.166539
0.171409
0.176798
0.182711
0.189144
0.196088
0.203528
0.211443
0.219807
0.228587
0.237749
0.247255
0.257063
0.267132
0.277419
0.287882
0.298478
0.309169
0.319914
0.330679
0.341419
0.354912
0.139013
0.138985
0.138958
0.138934
0.138914
0.138902
0.138897
0.138898
0.138907
0.138923
0.138945
0.138973
0.139007
0.139047
0.139092
0.139141
0.139194
0.139251
0.139311
0.139373
0.139437
0.139502
0.139569
0.139637
0.139704
0.13977
0.139835
0.139897
0.139956
0.140009
0.140056
0.140095
0.140125
0.140146
0.140155
0.140152
0.140138
0.140113
0.140077
0.140032
0.139981
0.139927
0.139875
0.139829
0.139798
0.139787
0.139807
0.139868
0.139981
0.140158
0.140414
0.140764
0.141223
0.141809
0.142539
0.143432
0.144505
0.145779
0.147272
0.149001
0.150986
0.153243
0.155788
0.158635
0.161795
0.165278
0.169093
0.173242
0.177728
0.182549
0.1877
0.19317
0.198972
0.204829
0.21376
0.138157
0.13809
0.138016
0.13794
0.137868
0.137802
0.137745
0.137698
0.137661
0.137635
0.137619
0.137613
0.137618
0.137633
0.137656
0.137687
0.137725
0.137769
0.137818
0.13787
0.137925
0.137982
0.138041
0.138101
0.138162
0.138223
0.138284
0.138345
0.138406
0.138465
0.138524
0.138582
0.138638
0.138691
0.138742
0.138789
0.138832
0.138871
0.138905
0.138933
0.138955
0.138971
0.13898
0.138983
0.13898
0.13897
0.138955
0.138937
0.138915
0.138892
0.138869
0.13885
0.138837
0.138834
0.138843
0.138869
0.138917
0.138993
0.139101
0.139248
0.13944
0.139685
0.139989
0.140361
0.14081
0.141342
0.141968
0.142696
0.143534
0.144493
0.14558
0.146803
0.148187
0.149602
0.152131
0.136828
0.13651
0.136209
0.13593
0.135676
0.135449
0.13525
0.135078
0.134933
0.134814
0.134721
0.134665
0.134658
0.134691
0.13475
0.134826
0.134914
0.135007
0.135104
0.135203
0.135302
0.1354
0.135497
0.135591
0.135683
0.135773
0.135859
0.135943
0.136024
0.136102
0.136177
0.13625
0.136319
0.136387
0.136451
0.136513
0.136572
0.136628
0.136681
0.136732
0.136779
0.136823
0.136864
0.136902
0.136936
0.136968
0.136996
0.137021
0.137043
0.137062
0.137078
0.137091
0.137101
0.137109
0.137115
0.137119
0.137122
0.137124
0.137126
0.137128
0.137132
0.137138
0.137148
0.137164
0.137186
0.137216
0.137258
0.137311
0.13738
0.137467
0.137573
0.137703
0.13786
0.13803
0.138366
0.135117
0.134708
0.134314
0.133942
0.133598
0.133285
0.133006
0.13276
0.132547
0.13237
0.132235
0.132145
0.132097
0.132085
0.1321
0.132136
0.132188
0.132251
0.132323
0.1324
0.132482
0.132566
0.13265
0.132736
0.132821
0.132906
0.132989
0.133071
0.133152
0.13323
0.133307
0.133381
0.133453
0.133522
0.133589
0.133653
0.133714
0.133773
0.133828
0.133881
0.133931
0.133979
0.134023
0.134066
0.134106
0.134144
0.13418
0.134214
0.134247
0.134278
0.134307
0.134336
0.134363
0.134389
0.134413
0.134437
0.134459
0.13448
0.134499
0.134517
0.134533
0.134547
0.13456
0.134571
0.13458
0.134587
0.134593
0.134598
0.134601
0.134604
0.134607
0.13461
0.134613
0.134621
0.13463
0.133064
0.132448
0.131869
0.131337
0.130861
0.130442
0.130079
0.12977
0.129508
0.12929
0.12911
0.128966
0.128853
0.128769
0.12871
0.128673
0.128656
0.128657
0.128672
0.1287
0.128739
0.128788
0.128856
0.128942
0.129039
0.129141
0.129244
0.129345
0.129445
0.129542
0.129636
0.129726
0.129813
0.129897
0.129977
0.130053
0.130126
0.130195
0.130261
0.130323
0.130381
0.130437
0.130488
0.130537
0.130583
0.130626
0.130667
0.130706
0.130743
0.130778
0.130811
0.130844
0.130875
0.130905
0.130934
0.130961
0.130988
0.131014
0.131039
0.131064
0.131087
0.13111
0.131132
0.131152
0.131171
0.131189
0.131206
0.131221
0.131235
0.131247
0.131258
0.131267
0.131273
0.131282
0.131284
0.130291
0.129321
0.128439
0.127668
0.127017
0.126478
0.126042
0.125694
0.125419
0.125204
0.125039
0.124915
0.124824
0.124759
0.124717
0.124693
0.124685
0.124695
0.124724
0.124772
0.124834
0.124905
0.124983
0.125064
0.125148
0.125232
0.125317
0.125401
0.125485
0.125567
0.125647
0.125726
0.125804
0.125881
0.125955
0.126028
0.126098
0.126167
0.126233
0.126296
0.126358
0.126416
0.126472
0.126525
0.126577
0.126625
0.126672
0.126717
0.126759
0.1268
0.126839
0.126877
0.126911
0.126943
0.126972
0.126996
0.127019
0.127045
0.127074
0.127105
0.12714
0.127176
0.127214
0.127256
0.127307
0.127361
0.127415
0.12747
0.127524
0.127579
0.127633
0.127686
0.127741
0.127786
0.127868
0.126256
0.124451
0.12294
0.121744
0.120833
0.120158
0.119671
0.119328
0.119094
0.118943
0.118855
0.118814
0.11881
0.118833
0.118877
0.118936
0.119008
0.119088
0.119176
0.11927
0.11937
0.119473
0.11958
0.119689
0.1198
0.119912
0.120025
0.120137
0.120246
0.120363
0.120495
0.120637
0.120782
0.120925
0.121066
0.121205
0.121341
0.121474
0.121605
0.121733
0.121859
0.121983
0.122105
0.122225
0.122343
0.12246
0.122575
0.12269
0.122803
0.122916
0.123028
0.123139
0.12325
0.12336
0.12347
0.12358
0.12369
0.123801
0.123913
0.124026
0.12414
0.124256
0.124374
0.124493
0.124615
0.124739
0.124865
0.124994
0.125126
0.12526
0.125397
0.125536
0.125682
0.125814
0.12604
0.116624
0.112672
0.110048
0.108474
0.107634
0.107465
0.107658
0.108008
0.108418
0.108845
0.109269
0.109681
0.11008
0.110464
0.110833
0.11119
0.111534
0.111868
0.112193
0.112509
0.112818
0.11312
0.113416
0.113708
0.113995
0.114278
0.114558
0.114834
0.115107
0.115377
0.115647
0.115916
0.116186
0.116456
0.116726
0.116997
0.117267
0.117539
0.11781
0.118081
0.118353
0.118625
0.118898
0.11917
0.119443
0.119716
0.11999
0.120263
0.120537
0.120812
0.121087
0.121363
0.121639
0.121916
0.122193
0.122472
0.122752
0.123034
0.123317
0.123603
0.123891
0.124181
0.124475
0.124772
0.125073
0.125378
0.125687
0.126002
0.126322
0.126647
0.126979
0.127317
0.127667
0.12799
0.12853
0.0606132
0.0626015
0.0655998
0.0690544
0.0726374
0.0761701
0.0795628
0.0827685
0.0857598
0.0885247
0.0910638
0.0933859
0.0955049
0.0974371
0.0991997
0.10081
0.102283
0.103635
0.104879
0.106028
0.107093
0.108084
0.10901
0.109879
0.110698
0.111473
0.112209
0.112912
0.113584
0.11423
0.114854
0.115457
0.116043
0.116615
0.117173
0.117721
0.11826
0.118791
0.119315
0.119835
0.12035
0.120861
0.12137
0.121878
0.122387
0.122896
0.123407
0.123921
0.124438
0.124959
0.125484
0.126014
0.126548
0.127088
0.127633
0.128184
0.128741
0.129304
0.129875
0.130454
0.13104
0.131635
0.13224
0.132854
0.133478
0.134113
0.134759
0.135417
0.136088
0.136771
0.137467
0.138175
0.138907
0.139592
0.140705
0.0392031
0.0394667
0.041277
0.0451719
0.0497833
0.0543316
0.0584445
0.0620947
0.0657665
0.0693492
0.0727793
0.0760424
0.0791413
0.0820841
0.0848807
0.0875413
0.0900754
0.0924921
0.0948
0.0970067
0.0991197
0.101146
0.103091
0.10496
0.10676
0.108495
0.110169
0.111787
0.113352
0.114868
0.116339
0.117766
0.119155
0.120506
0.121823
0.123109
0.124365
0.125594
0.126797
0.12798
0.129131
0.130271
0.131427
0.1326
0.133788
0.13499
0.136204
0.137428
0.138662
0.139903
0.141152
0.142406
0.143666
0.144932
0.146201
0.147476
0.148755
0.150038
0.151326
0.152619
0.153918
0.155221
0.156531
0.157847
0.159169
0.160497
0.161834
0.16318
0.164534
0.165898
0.167269
0.168648
0.170042
0.17137
0.173364
0.121406
0.122034
0.123284
0.124907
0.126821
0.128942
0.131172
0.133429
0.135664
0.137844
0.139946
0.141957
0.143872
0.145691
0.147419
0.149065
0.150638
0.152147
0.153602
0.155013
0.156386
0.15773
0.159049
0.160349
0.161633
0.162903
0.164163
0.165414
0.166657
0.167893
0.169124
0.17035
0.171571
0.172788
0.174002
0.175212
0.176418
0.177621
0.178821
0.180017
0.181209
0.182395
0.183577
0.184754
0.185927
0.187094
0.188257
0.189414
0.190566
0.19171
0.192849
0.19398
0.195104
0.196221
0.197332
0.198436
0.199533
0.200623
0.201707
0.202784
0.203856
0.204921
0.205981
0.207036
0.208085
0.209129
0.210166
0.211196
0.212217
0.21323
0.214236
0.215233
0.216225
0.217172
0.218517
0.145645
0.145254
0.145342
0.145751
0.146405
0.147266
0.148307
0.149507
0.150844
0.152297
0.153849
0.155484
0.157185
0.158938
0.160732
0.162553
0.164392
0.166237
0.168081
0.169919
0.171744
0.173553
0.175341
0.177106
0.178845
0.180555
0.182235
0.183884
0.1855
0.187084
0.188634
0.19015
0.191633
0.193083
0.1945
0.195885
0.197239
0.198561
0.199853
0.201115
0.202348
0.203553
0.204731
0.205881
0.207005
0.208103
0.209177
0.210226
0.211252
0.212255
0.213232
0.214185
0.215113
0.216018
0.2169
0.217761
0.218602
0.219423
0.220225
0.22101
0.221778
0.22253
0.223267
0.223989
0.224697
0.225391
0.226073
0.226743
0.2274
0.228046
0.228681
0.229305
0.229922
0.230502
0.231336
0.144498
0.145989
0.147276
0.148393
0.149374
0.150243
0.151022
0.151728
0.152378
0.152982
0.153549
0.154089
0.154605
0.155104
0.155589
0.156059
0.156533
0.156873
0.157371
0.157976
0.158665
0.159424
0.160244
0.161117
0.162038
0.162998
0.163994
0.165018
0.166068
0.167137
0.168223
0.169321
0.170428
0.171542
0.17266
0.173779
0.174897
0.176013
0.177124
0.178231
0.179331
0.180423
0.181507
0.182581
0.183646
0.1847
0.185742
0.186774
0.187793
0.188799
0.189796
0.190782
0.191757
0.19272
0.193671
0.194609
0.195533
0.196442
0.197337
0.198216
0.199079
0.199927
0.200758
0.201574
0.202374
0.203158
0.203926
0.204679
0.205417
0.20614
0.206849
0.207544
0.20823
0.208863
0.209809
0.138954
0.140216
0.141541
0.142897
0.144255
0.145596
0.146905
0.148172
0.14939
0.150558
0.151674
0.152736
0.153747
0.154708
0.155621
0.156488
0.157313
0.158093
0.158835
0.159548
0.160238
0.160908
0.161563
0.162205
0.162839
0.163464
0.164084
0.164698
0.165309
0.165917
0.166523
0.167127
0.167729
0.168329
0.168929
0.169528
0.170125
0.170722
0.171318
0.171913
0.172506
0.173099
0.173691
0.174281
0.174871
0.175458
0.176044
0.176629
0.177211
0.177791
0.17837
0.178947
0.179523
0.180097
0.180669
0.181239
0.181807
0.182372
0.182936
0.183497
0.184055
0.184611
0.185165
0.185715
0.186262
0.186807
0.187348
0.187887
0.188422
0.188954
0.189482
0.190007
0.190534
0.191019
0.191772
0.137969
0.138245
0.138624
0.139108
0.139686
0.140349
0.141084
0.141879
0.142724
0.143609
0.144525
0.145464
0.146417
0.147381
0.148348
0.149314
0.150277
0.151232
0.152177
0.153109
0.154027
0.154929
0.155815
0.156684
0.157536
0.158371
0.159189
0.15999
0.160775
0.161545
0.162299
0.163038
0.163763
0.164474
0.165172
0.165858
0.166532
0.167195
0.167847
0.168489
0.169121
0.169744
0.170358
0.170964
0.171561
0.17215
0.172731
0.173303
0.173866
0.174422
0.17497
0.17551
0.17604
0.176563
0.177077
0.177583
0.178081
0.178572
0.179056
0.179533
0.180003
0.180466
0.180923
0.181374
0.18182
0.182259
0.182694
0.183124
0.183549
0.18397
0.184386
0.184799
0.185211
0.18559
0.186179
0.138586
0.1387
0.138826
0.138971
0.139144
0.139347
0.139585
0.139858
0.140167
0.140512
0.140891
0.141302
0.141743
0.142211
0.142705
0.143221
0.143757
0.144311
0.144881
0.145464
0.146057
0.14666
0.14727
0.147886
0.148505
0.149126
0.149749
0.150371
0.150992
0.151611
0.152227
0.152839
0.153448
0.154052
0.154651
0.155245
0.155833
0.156417
0.156995
0.157568
0.158135
0.158696
0.159252
0.159803
0.160348
0.160888
0.161424
0.161955
0.162481
0.163002
0.163518
0.164028
0.164534
0.165034
0.165528
0.166017
0.1665
0.166977
0.167448
0.167914
0.168373
0.168827
0.169276
0.169719
0.170157
0.170589
0.171017
0.17144
0.171859
0.172273
0.172683
0.173089
0.173495
0.173869
0.174451
0.138949
0.139077
0.139203
0.13933
0.139458
0.139589
0.139724
0.139864
0.140012
0.140168
0.140333
0.140508
0.140694
0.140891
0.1411
0.141321
0.141554
0.141798
0.142054
0.142321
0.142598
0.142885
0.143182
0.143487
0.1438
0.14412
0.144446
0.144778
0.145116
0.145458
0.145804
0.146154
0.146506
0.146861
0.147219
0.147579
0.147942
0.148306
0.148672
0.14904
0.149409
0.14978
0.150152
0.150525
0.150899
0.151274
0.15165
0.152026
0.152403
0.152779
0.153155
0.153531
0.153906
0.15428
0.154653
0.155024
0.155394
0.155762
0.156128
0.156492
0.156854
0.157214
0.157572
0.157928
0.158281
0.158634
0.158984
0.159334
0.159683
0.160032
0.160382
0.160732
0.161088
0.16142
0.161956
0.13912
0.139283
0.139444
0.139604
0.139764
0.139924
0.140082
0.14024
0.140395
0.14055
0.140703
0.140856
0.141008
0.141161
0.141315
0.141471
0.141629
0.14179
0.141953
0.14212
0.142291
0.142465
0.142643
0.142825
0.14301
0.143199
0.143391
0.143585
0.143783
0.143984
0.144187
0.144392
0.1446
0.14481
0.145023
0.145237
0.145453
0.14567
0.14589
0.146111
0.146333
0.146558
0.146783
0.147011
0.147239
0.147468
0.147698
0.147929
0.148161
0.148392
0.148624
0.148856
0.149088
0.149321
0.149553
0.149786
0.15002
0.150256
0.150493
0.150735
0.15098
0.151232
0.151492
0.151762
0.152045
0.152343
0.152661
0.153002
0.15337
0.15377
0.154208
0.154689
0.155227
0.155764
0.156764
0.139543
0.139664
0.13979
0.139922
0.140061
0.140206
0.140355
0.140507
0.140661
0.140817
0.140972
0.141128
0.141283
0.141437
0.141591
0.141745
0.141899
0.142053
0.142208
0.142363
0.142519
0.142676
0.142834
0.142993
0.143153
0.143314
0.143476
0.143638
0.143801
0.143964
0.144127
0.144291
0.144454
0.144616
0.144778
0.14494
0.145101
0.145261
0.145421
0.14558
0.145737
0.145894
0.146051
0.146207
0.146363
0.146521
0.14668
0.146843
0.147011
0.147185
0.14737
0.147569
0.147784
0.148022
0.148288
0.148587
0.148928
0.149319
0.149769
0.150289
0.15089
0.151583
0.152384
0.153306
0.154363
0.155573
0.156952
0.158515
0.160281
0.162267
0.164488
0.166958
0.169723
0.172541
0.17747
0.139844
0.139982
0.140119
0.140257
0.140399
0.140543
0.14069
0.140839
0.14099
0.141141
0.141293
0.141444
0.141596
0.141747
0.141898
0.142049
0.142199
0.14235
0.142501
0.142652
0.142803
0.142955
0.143107
0.14326
0.143412
0.143565
0.143716
0.143867
0.144016
0.144164
0.144309
0.144452
0.144593
0.144732
0.144869
0.145006
0.145144
0.145286
0.145435
0.145596
0.145773
0.145973
0.146204
0.146475
0.146797
0.147183
0.147647
0.148205
0.148875
0.149676
0.150631
0.151762
0.153093
0.15465
0.156459
0.158547
0.160942
0.163669
0.166756
0.170225
0.1741
0.1784
0.183143
0.188341
0.194004
0.200135
0.206737
0.213802
0.221322
0.229281
0.237661
0.246436
0.255596
0.264869
0.278114
0.140232
0.14036
0.14049
0.140622
0.140758
0.140897
0.141039
0.141183
0.14133
0.141477
0.141626
0.141775
0.141924
0.142074
0.142223
0.142373
0.142523
0.142673
0.142823
0.142973
0.143122
0.14327
0.143417
0.143561
0.143704
0.143845
0.143986
0.14413
0.14428
0.144442
0.144624
0.144836
0.14509
0.145401
0.145789
0.146275
0.146884
0.147644
0.148587
0.149747
0.151162
0.152869
0.15491
0.157326
0.160157
0.163445
0.167228
0.171539
0.17641
0.181868
0.18793
0.194612
0.201918
0.209848
0.218393
0.227535
0.237252
0.247513
0.258283
0.269521
0.281181
0.293217
0.305578
0.318215
0.331078
0.344118
0.357288
0.370543
0.383842
0.397146
0.410421
0.423633
0.436756
0.449847
0.465121
0.140593
0.140742
0.140889
0.141036
0.141183
0.141331
0.141481
0.141631
0.141783
0.141936
0.142091
0.142248
0.142406
0.142566
0.142729
0.142893
0.143056
0.143218
0.14338
0.143545
0.143719
0.143914
0.144144
0.14443
0.144797
0.145279
0.145914
0.146748
0.147833
0.149225
0.150985
0.153178
0.155871
0.159128
0.163012
0.167584
0.172893
0.178984
0.185889
0.193628
0.202209
0.211624
0.221855
0.232867
0.244618
0.257051
0.270103
0.283705
0.297783
0.312261
0.327064
0.342117
0.357352
0.372702
0.388109
0.403521
0.41889
0.434178
0.449353
0.464387
0.47926
0.493957
0.508465
0.522776
0.536886
0.55079
0.564487
0.577976
0.591258
0.60433
0.617193
0.629842
0.642276
0.654531
0.666988
0.141012
0.141174
0.141335
0.141497
0.14166
0.141823
0.141989
0.142158
0.142333
0.142516
0.14271
0.142925
0.143151
0.143393
0.143665
0.143998
0.144436
0.145038
0.145879
0.147044
0.148634
0.150759
0.153533
0.157071
0.161484
0.166873
0.173325
0.180904
0.189655
0.199593
0.210708
0.222961
0.236291
0.250613
0.265824
0.281808
0.298441
0.315596
0.333146
0.350972
0.36896
0.387009
0.405032
0.422953
0.44071
0.458254
0.47555
0.49257
0.509297
0.525723
0.541843
0.557658
0.573173
0.588395
0.60333
0.617989
0.632378
0.646508
0.660386
0.67402
0.687416
0.700581
0.713521
0.726241
0.738747
0.751042
0.76313
0.775015
0.7867
0.798184
0.809465
0.820531
0.831342
0.841758
0.851248
0.141395
0.141598
0.141798
0.142
0.142211
0.142442
0.142708
0.143043
0.143471
0.144006
0.144737
0.145798
0.147385
0.149719
0.153034
0.157559
0.163506
0.171053
0.180327
0.191396
0.204267
0.218882
0.235125
0.252833
0.271805
0.291813
0.312623
0.333999
0.355717
0.377577
0.3994
0.421039
0.442376
0.463322
0.483813
0.50381
0.523291
0.54225
0.560692
0.57863
0.596082
0.61307
0.629614
0.645739
0.661463
0.676808
0.691792
0.706431
0.72074
0.734735
0.748428
0.761831
0.774957
0.787815
0.800417
0.812772
0.824889
0.836778
0.848447
0.859903
0.871155
0.882209
0.893072
0.90375
0.914247
0.92457
0.934722
0.944706
0.954524
0.964173
0.973643
0.982899
0.991846
1.0002
1.00713
0.14169
0.141958
0.142284
0.142756
0.143549
0.144795
0.146795
0.15005
0.155152
0.162686
0.173074
0.186544
0.203124
0.222646
0.244784
0.269096
0.295077
0.322202
0.349969
0.37793
0.405706
0.432998
0.459585
0.485321
0.510118
0.53394
0.556791
0.578697
0.599704
0.619866
0.639241
0.657885
0.675851
0.693189
0.70994
0.726146
0.741839
0.757052
0.771813
0.786146
0.800076
0.813625
0.826813
0.83966
0.852183
0.864399
0.876325
0.887975
0.899362
0.9105
0.921401
0.932074
0.942532
0.952783
0.962836
0.972699
0.982381
0.991888
1.00123
1.01041
1.01943
1.0283
1.03703
1.04562
1.05408
1.0624
1.0706
1.07866
1.0866
1.0944
1.10204
1.10945
1.11651
1.12286
1.12768
0.142271
0.143852
0.147312
0.154221
0.166328
0.184822
0.209854
0.240604
0.275691
0.313532
0.352623
0.391704
0.429826
0.466352
0.500912
0.53335
0.563661
0.59194
0.618338
0.64303
0.666194
0.687995
0.708583
0.728088
0.746618
0.764267
0.781113
0.797226
0.812664
0.82748
0.841721
0.855429
0.868643
0.881398
0.893727
0.905659
0.917221
0.928436
0.939328
0.949915
0.960216
0.970248
0.980027
0.989566
0.998878
1.00798
1.01687
1.02557
1.03409
1.04244
1.05062
1.05864
1.06652
1.07425
1.08184
1.0893
1.09664
1.10386
1.11096
1.11795
1.12484
1.13163
1.13831
1.1449
1.1514
1.15781
1.16413
1.17036
1.17649
1.1825
1.18836
1.19399
1.19924
1.20377
1.20692
0.158166
0.189366
0.23684
0.295769
0.359174
0.421545
0.479637
0.53204
0.578519
0.619474
0.65558
0.687575
0.716146
0.741881
0.765261
0.786667
0.806398
0.824692
0.841737
0.857686
0.872669
0.886792
0.90015
0.912821
0.924876
0.936375
0.947369
0.957903
0.968018
0.977748
0.987124
0.996173
1.00492
1.01338
1.02159
1.02955
1.03728
1.0448
1.05213
1.05926
1.06623
1.07303
1.07967
1.08617
1.09253
1.09876
1.10486
1.11085
1.11673
1.12251
1.12818
1.13376
1.13925
1.14465
1.14997
1.15521
1.16038
1.16548
1.1705
1.17547
1.18037
1.18521
1.18999
1.19471
1.19938
1.20399
1.20855
1.21304
1.21745
1.22177
1.22595
1.2299
1.23349
1.23643
1.23829
0.358599
0.481222
0.579874
0.656208
0.714939
0.760696
0.797119
0.82683
0.851644
0.87281
0.891189
0.907389
0.921852
0.934907
0.946803
0.957735
0.967854
0.977279
0.986106
0.994411
1.00226
1.0097
1.01677
1.02353
1.02998
1.03617
1.04212
1.04785
1.05338
1.05872
1.0639
1.06891
1.07378
1.07852
1.08313
1.08762
1.092
1.09628
1.10047
1.10456
1.10858
1.11251
1.11637
1.12016
1.12388
1.12755
1.13115
1.1347
1.13819
1.14164
1.14504
1.14839
1.1517
1.15498
1.15821
1.16141
1.16458
1.16771
1.17081
1.17388
1.17693
1.17994
1.18293
1.1859
1.18883
1.19174
1.19462
1.19745
1.20024
1.20294
1.20553
1.20792
1.21002
1.21165
1.21255
0.834335
0.89871
0.934617
0.956368
0.970837
0.981309
0.989419
0.99603
1.00163
1.0065
1.01084
1.01475
1.01833
1.02163
1.0247
1.02757
1.03028
1.03285
1.03529
1.03761
1.03984
1.04198
1.04404
1.04603
1.04795
1.04981
1.05162
1.05338
1.0551
1.05677
1.0584
1.06
1.06157
1.0631
1.06461
1.06609
1.06755
1.06898
1.0704
1.07179
1.07317
1.07453
1.07587
1.0772
1.07852
1.07982
1.08111
1.08239
1.08366
1.08492
1.08617
1.08741
1.08865
1.08988
1.0911
1.09232
1.09353
1.09474
1.09594
1.09714
1.09834
1.09953
1.10072
1.1019
1.10308
1.10425
1.10542
1.10656
1.10768
1.10876
1.10978
1.11069
1.11146
1.11199
1.11223
0.0920484
0.0904612
0.0896601
0.0889687
0.0882983
0.0876373
0.0869832
0.0863352
0.0856923
0.0850534
0.0844178
0.0837843
0.083152
0.08252
0.081887
0.0812517
0.0806092
0.0799554
0.0792943
0.0786277
0.0779566
0.0772824
0.0766063
0.0759296
0.0752535
0.074579
0.0739076
0.0732402
0.0725782
0.0719225
0.0712736
0.0706316
0.0699949
0.0692672
0.0685368
0.0678089
0.0670816
0.0663563
0.0656347
0.0649187
0.0642101
0.0635106
0.0628219
0.0621451
0.0614807
0.0608279
0.0601838
0.0595111
0.0586694
0.0578251
0.0570003
0.056192
0.055403
0.0546365
0.0538951
0.0531801
0.0524906
0.051823
0.0511699
0.0503781
0.0493715
0.0483893
0.0474904
0.0466665
0.045911
0.0452128
0.0445567
0.0433242
0.042284
0.0412775
0.139039
0.139065
0.139125
0.139175
0.139209
0.139228
0.139233
0.139222
0.139197
0.139158
0.139104
0.139035
0.138952
0.138853
0.138738
0.138605
0.13845
0.13827
0.13806
0.137814
0.13752
0.137174
0.136806
0.136428
0.136042
0.135653
0.135266
0.134886
0.134517
0.134172
0.13387
0.133599
0.133342
0.133054
0.132768
0.132485
0.132202
0.131921
0.131641
0.131364
0.131089
0.130819
0.130554
0.130293
0.130038
0.129788
0.12954
0.129275
0.128928
0.12858
0.128241
0.127909
0.127585
0.127273
0.126973
0.126687
0.126415
0.126153
0.125896
0.125561
0.125113
0.124687
0.124309
0.123974
0.123682
0.123423
0.123178
0.122602
0.122147
0.12163
0.137277
0.137512
0.137744
0.137978
0.138212
0.138448
0.138684
0.138922
0.13916
0.139399
0.139638
0.139878
0.140117
0.140357
0.140596
0.140834
0.141071
0.141307
0.141541
0.141773
0.142
0.142223
0.14244
0.142651
0.142856
0.143054
0.143245
0.143429
0.143606
0.143777
0.143942
0.144101
0.144254
0.144409
0.144565
0.144717
0.144863
0.145005
0.145141
0.145272
0.145398
0.145518
0.145633
0.145743
0.145847
0.145946
0.146039
0.146126
0.146209
0.146295
0.146375
0.146449
0.146517
0.146579
0.146635
0.146685
0.14673
0.146768
0.146799
0.146815
0.146814
0.146809
0.146792
0.146764
0.146721
0.146667
0.146612
0.146489
0.146382
0.146257
0.133244
0.133308
0.133374
0.133443
0.133514
0.133588
0.133664
0.133744
0.133826
0.133911
0.134
0.134093
0.134188
0.134288
0.134391
0.134498
0.134609
0.134724
0.134844
0.134967
0.135096
0.135228
0.135364
0.135504
0.135647
0.135794
0.135944
0.136096
0.13625
0.136406
0.136563
0.136721
0.13688
0.13705
0.137228
0.137407
0.137589
0.137771
0.137955
0.138139
0.138324
0.138507
0.13869
0.138872
0.139052
0.139231
0.139407
0.139586
0.139787
0.139998
0.140207
0.140412
0.140614
0.140811
0.141003
0.141189
0.141369
0.141543
0.141712
0.141893
0.142107
0.142327
0.14253
0.142715
0.142884
0.143036
0.143172
0.143353
0.143506
0.143618
0.137709
0.137684
0.13766
0.137637
0.137613
0.137589
0.137565
0.137541
0.137517
0.137493
0.137468
0.137443
0.137418
0.137393
0.137368
0.137343
0.137317
0.137292
0.137267
0.137243
0.137219
0.137196
0.137175
0.137154
0.137136
0.137118
0.137103
0.137089
0.137077
0.137066
0.137057
0.13705
0.137043
0.137037
0.137033
0.137032
0.137032
0.137035
0.137041
0.137049
0.137059
0.137072
0.137087
0.137104
0.137122
0.137142
0.137164
0.137187
0.137215
0.137247
0.137282
0.137319
0.137358
0.1374
0.137442
0.137486
0.137531
0.137576
0.137621
0.137672
0.137736
0.137805
0.137872
0.137937
0.138
0.138059
0.138116
0.138199
0.138275
0.138342
0.136394
0.136443
0.136493
0.136542
0.13659
0.136638
0.136685
0.136732
0.136777
0.136822
0.136866
0.136909
0.136951
0.136992
0.137032
0.137071
0.137109
0.137147
0.137183
0.137218
0.137253
0.137286
0.137318
0.137349
0.13738
0.137409
0.137437
0.137464
0.13749
0.137514
0.137538
0.13756
0.137581
0.137601
0.13762
0.137639
0.137656
0.137673
0.137689
0.137703
0.137717
0.137731
0.137743
0.137755
0.137766
0.137775
0.137784
0.137792
0.137798
0.137805
0.137811
0.137816
0.137822
0.137827
0.137832
0.137836
0.13784
0.137844
0.137847
0.137849
0.137851
0.137853
0.137855
0.137858
0.137861
0.137863
0.137865
0.137866
0.137869
0.137872
0.138779
0.13876
0.138743
0.138727
0.138712
0.138699
0.138686
0.138674
0.138663
0.138652
0.138642
0.138633
0.138624
0.138616
0.138608
0.138601
0.138594
0.138588
0.138582
0.138577
0.138573
0.138569
0.138566
0.138563
0.138561
0.13856
0.138559
0.138559
0.138559
0.13856
0.138561
0.138562
0.138563
0.138564
0.138565
0.138567
0.138569
0.138571
0.138573
0.138575
0.138577
0.13858
0.138582
0.138584
0.138586
0.138588
0.138589
0.13859
0.13859
0.13859
0.13859
0.138589
0.138589
0.138588
0.138587
0.138586
0.138584
0.138582
0.138579
0.138575
0.13857
0.138565
0.138561
0.138556
0.138551
0.138546
0.138542
0.138536
0.138532
0.13853
0.13915
0.139136
0.139122
0.139107
0.139092
0.139077
0.139062
0.139046
0.139031
0.139015
0.138999
0.138983
0.138968
0.138953
0.138939
0.138925
0.138912
0.1389
0.138888
0.138877
0.138867
0.138858
0.138849
0.138842
0.138835
0.138829
0.138824
0.138819
0.138816
0.138813
0.138811
0.138809
0.138809
0.138809
0.13881
0.138811
0.138813
0.138815
0.138817
0.138819
0.138822
0.138825
0.138827
0.13883
0.138833
0.138836
0.138839
0.138842
0.138846
0.13885
0.138854
0.138857
0.13886
0.138863
0.138865
0.138867
0.138869
0.138871
0.138873
0.138875
0.138877
0.138879
0.13888
0.138881
0.13888
0.13888
0.13888
0.13888
0.13888
0.138882
0.1406
0.140562
0.140525
0.140487
0.140449
0.140412
0.140374
0.140335
0.140297
0.140257
0.140218
0.140178
0.140139
0.140099
0.14006
0.140021
0.139983
0.139945
0.139908
0.139871
0.139835
0.1398
0.139765
0.139732
0.1397
0.139668
0.139638
0.139608
0.13958
0.139553
0.139527
0.139502
0.139478
0.139455
0.139433
0.139412
0.139391
0.139372
0.139353
0.139335
0.139317
0.1393
0.139284
0.139269
0.139254
0.13924
0.139226
0.139214
0.139202
0.13919
0.139178
0.139167
0.139155
0.139145
0.139134
0.139124
0.139114
0.139105
0.139097
0.139089
0.139081
0.139074
0.139066
0.139058
0.139051
0.139045
0.139041
0.139037
0.139035
0.139036
0.141132
0.141105
0.141077
0.141048
0.14102
0.14099
0.14096
0.140929
0.140897
0.140864
0.140831
0.140797
0.140763
0.140729
0.140695
0.14066
0.140626
0.140591
0.140557
0.140524
0.14049
0.140457
0.140424
0.140391
0.140359
0.140328
0.140297
0.140266
0.140236
0.140207
0.140179
0.140151
0.140125
0.1401
0.140075
0.14005
0.140026
0.140002
0.139979
0.139956
0.139934
0.139912
0.13989
0.139869
0.139849
0.139829
0.13981
0.139793
0.139775
0.139757
0.13974
0.139722
0.139705
0.139688
0.139671
0.139654
0.139638
0.139622
0.139608
0.139595
0.139581
0.139566
0.139552
0.139537
0.139524
0.139511
0.139501
0.139491
0.139485
0.139483
0.141434
0.141401
0.141367
0.141333
0.141298
0.141264
0.141229
0.141194
0.141159
0.141123
0.141087
0.141051
0.141014
0.140978
0.140943
0.140907
0.140872
0.140838
0.140804
0.14077
0.140737
0.140705
0.140673
0.140642
0.140612
0.140582
0.140553
0.140524
0.140496
0.140469
0.140443
0.140418
0.140393
0.14037
0.140347
0.140324
0.140301
0.14028
0.140258
0.140237
0.140216
0.140196
0.140176
0.140156
0.140137
0.140119
0.140101
0.140084
0.140067
0.14005
0.140032
0.140015
0.139998
0.139981
0.139964
0.139947
0.139931
0.139915
0.1399
0.139886
0.139871
0.139856
0.139841
0.139826
0.139811
0.139799
0.139788
0.139779
0.139773
0.139772
0.141561
0.141532
0.141503
0.141474
0.141444
0.141415
0.141386
0.141356
0.141326
0.141297
0.141267
0.141238
0.141209
0.141181
0.141152
0.141125
0.141098
0.141071
0.141046
0.14102
0.140996
0.140971
0.140948
0.140925
0.140902
0.14088
0.140858
0.140837
0.140817
0.140796
0.140777
0.140758
0.14074
0.140722
0.140704
0.140687
0.140669
0.140652
0.140635
0.140619
0.140602
0.140585
0.140568
0.140552
0.140535
0.140519
0.140504
0.140489
0.140473
0.140457
0.140441
0.140425
0.140408
0.140392
0.140375
0.140358
0.140341
0.140325
0.140309
0.140294
0.140278
0.140262
0.140245
0.140228
0.140212
0.140198
0.140186
0.140175
0.140168
0.140166
0.141705
0.141681
0.141656
0.141632
0.141608
0.141584
0.14156
0.141536
0.141513
0.14149
0.141467
0.141445
0.141423
0.141402
0.141382
0.141362
0.141342
0.141323
0.141305
0.141287
0.141269
0.141252
0.141235
0.141219
0.141203
0.141187
0.141171
0.141156
0.141141
0.141126
0.141111
0.141096
0.141082
0.141068
0.141053
0.141039
0.141024
0.14101
0.140995
0.14098
0.140965
0.14095
0.140934
0.140919
0.140903
0.140887
0.140872
0.140856
0.140841
0.140824
0.140808
0.14079
0.140773
0.140755
0.140737
0.140719
0.140701
0.140684
0.140667
0.14065
0.140632
0.140614
0.140596
0.140578
0.140561
0.140545
0.140533
0.140521
0.140515
0.140514
0.142101
0.142084
0.142066
0.142049
0.142031
0.142013
0.141995
0.141978
0.14196
0.141944
0.141927
0.141911
0.141895
0.141879
0.141864
0.141849
0.141835
0.14182
0.141806
0.141792
0.141779
0.141765
0.141751
0.141738
0.141724
0.14171
0.141696
0.141682
0.141668
0.141653
0.141638
0.141624
0.141609
0.141594
0.141579
0.141563
0.141547
0.14153
0.141514
0.141496
0.141479
0.14146
0.141442
0.141423
0.141404
0.141385
0.141366
0.141347
0.141327
0.141307
0.141286
0.141265
0.141243
0.141221
0.141199
0.141177
0.141154
0.141133
0.141111
0.141091
0.141069
0.141046
0.141024
0.141003
0.140982
0.140964
0.140949
0.140936
0.140928
0.140927
0.142608
0.142593
0.142579
0.142564
0.142549
0.142534
0.142519
0.142503
0.142488
0.142473
0.142457
0.142442
0.142427
0.142412
0.142397
0.142382
0.142367
0.142352
0.142337
0.142322
0.142307
0.142292
0.142276
0.14226
0.142244
0.142227
0.14221
0.142193
0.142175
0.142157
0.142139
0.14212
0.142102
0.142083
0.142063
0.142043
0.142022
0.142001
0.141979
0.141957
0.141935
0.141912
0.141888
0.141864
0.14184
0.141816
0.141792
0.141769
0.141744
0.141719
0.141693
0.141667
0.141641
0.141615
0.141588
0.141561
0.141535
0.141509
0.141484
0.14146
0.141435
0.14141
0.141385
0.141361
0.141339
0.14132
0.141304
0.141291
0.141284
0.141286
0.143181
0.143165
0.143148
0.143131
0.143114
0.143097
0.143079
0.143061
0.143043
0.143024
0.143005
0.142986
0.142967
0.142948
0.142928
0.142909
0.142889
0.142869
0.142848
0.142828
0.142807
0.142785
0.142763
0.142741
0.142719
0.142695
0.142672
0.142648
0.142624
0.142599
0.142574
0.142548
0.142523
0.142497
0.142471
0.142444
0.142416
0.142388
0.14236
0.142331
0.142302
0.142272
0.142243
0.142213
0.142183
0.142153
0.142123
0.142094
0.142064
0.142033
0.142003
0.141972
0.141941
0.14191
0.141879
0.141849
0.141819
0.14179
0.141762
0.141735
0.141707
0.14168
0.141653
0.141629
0.141606
0.141586
0.141571
0.141559
0.141554
0.141557
0.143712
0.14369
0.143668
0.143645
0.143622
0.143598
0.143574
0.14355
0.143525
0.1435
0.143475
0.143449
0.143423
0.143397
0.14337
0.143344
0.143317
0.14329
0.143262
0.143234
0.143206
0.143177
0.143148
0.143119
0.143089
0.143059
0.143029
0.142998
0.142967
0.142936
0.142904
0.142873
0.142841
0.142809
0.142776
0.142744
0.142711
0.142678
0.142644
0.142611
0.142577
0.142544
0.14251
0.142477
0.142444
0.142412
0.14238
0.142349
0.142317
0.142285
0.142254
0.142223
0.142192
0.142163
0.142134
0.142105
0.142078
0.142053
0.142029
0.142006
0.141981
0.14196
0.141941
0.141924
0.141911
0.141902
0.141899
0.141891
0.141903
0.141918
0.144196
0.144175
0.144154
0.144134
0.144115
0.144097
0.144081
0.144065
0.14405
0.144037
0.144024
0.144013
0.144004
0.143995
0.143988
0.143983
0.143978
0.143975
0.143973
0.143972
0.143973
0.143976
0.14398
0.143985
0.143993
0.144002
0.144013
0.144026
0.144042
0.14406
0.14408
0.144104
0.144131
0.144147
0.144175
0.144207
0.144241
0.144279
0.14432
0.144365
0.144414
0.144468
0.144526
0.144591
0.144662
0.144741
0.144827
0.144916
0.144977
0.145075
0.14518
0.145292
0.145411
0.145537
0.145671
0.145815
0.145968
0.146134
0.146313
0.146469
0.146603
0.146814
0.147048
0.147306
0.147596
0.147922
0.148297
0.148545
0.149099
0.149631
0.158749
0.159493
0.160307
0.161184
0.162121
0.163115
0.164163
0.165263
0.166411
0.167606
0.168843
0.170119
0.171432
0.172778
0.174155
0.175559
0.176986
0.178431
0.179898
0.181385
0.18289
0.18441
0.185944
0.187491
0.189048
0.190615
0.19219
0.193773
0.195363
0.196958
0.19856
0.200167
0.201779
0.203279
0.204881
0.206485
0.20809
0.209696
0.211302
0.212909
0.214518
0.216131
0.217749
0.219374
0.221009
0.222656
0.22432
0.225963
0.227427
0.229127
0.230857
0.23262
0.234422
0.236274
0.238187
0.240172
0.242244
0.244421
0.24672
0.248968
0.25122
0.254011
0.257022
0.260276
0.263806
0.267649
0.271846
0.275695
0.281122
0.286491
0.421987
0.434142
0.445671
0.456628
0.467063
0.47702
0.486538
0.495651
0.504387
0.512773
0.520831
0.528581
0.536043
0.543232
0.550163
0.556849
0.563295
0.569507
0.575515
0.581327
0.58695
0.592393
0.597666
0.602774
0.607726
0.612528
0.617187
0.621711
0.626104
0.630374
0.634527
0.638569
0.642505
0.646083
0.6498
0.65343
0.65698
0.660453
0.663859
0.667203
0.670492
0.673734
0.676935
0.680105
0.683249
0.686377
0.689496
0.692535
0.695208
0.698322
0.701461
0.704631
0.707839
0.711095
0.714407
0.717784
0.721234
0.724766
0.728387
0.731779
0.735018
0.738987
0.743077
0.747289
0.75163
0.756102
0.760711
0.764304
0.769818
0.774716
0.125422
0.125006
0.124708
0.124438
0.124178
0.123907
0.123569
0.123086
0.122335
0.121838
0.122905
0.122846
0.122697
0.12253
0.12235
0.122157
0.121953
0.121738
0.121511
0.121274
0.121026
0.120768
0.1205
0.120221
0.119929
0.119624
0.119297
0.118939
0.118524
0.118002
0.118414
0.118498
0.118334
0.118139
0.117933
0.117717
0.117494
0.117261
0.117021
0.116772
0.116516
0.116252
0.115981
0.115703
0.115418
0.115126
0.114828
0.114523
0.114213
0.113896
0.113573
0.113244
0.112907
0.112564
0.112214
0.111856
0.111487
0.111105
0.110701
0.110255
0.109729
0.109793
0.109656
0.109357
0.109034
0.1087
0.108358
0.108006
0.107646
0.107278
0.106902
0.106518
0.106127
0.105729
0.105324
0.104913
0.104497
0.104078
0.103657
0.103236
0.102818
0.102406
0.102003
0.101613
0.101236
0.100874
0.100528
0.100196
0.099878
0.0995726
0.0992784
0.098994
0.0987176
0.0984475
0.098182
0.0979218
0.0976783
0.0975098
0.0976529
0.0984736
0.139792
0.139632
0.139544
0.13949
0.139457
0.139441
0.139437
0.13944
0.139438
0.139435
0.139467
0.139476
0.139486
0.139496
0.139506
0.139515
0.139522
0.139526
0.139528
0.139526
0.13952
0.13951
0.139496
0.139477
0.139453
0.139425
0.139395
0.139362
0.139326
0.139282
0.139264
0.13924
0.13921
0.139176
0.139139
0.1391
0.139059
0.139015
0.138969
0.138922
0.138873
0.138823
0.138772
0.13872
0.138667
0.138614
0.138562
0.13851
0.13846
0.138412
0.138369
0.138332
0.138301
0.138277
0.138259
0.138247
0.13824
0.138237
0.138238
0.138238
0.138234
0.138245
0.138255
0.138263
0.138276
0.138291
0.13831
0.138332
0.138357
0.138384
0.138414
0.138446
0.138479
0.138515
0.138552
0.138589
0.138627
0.138666
0.138706
0.138745
0.138784
0.138823
0.138859
0.138893
0.138925
0.138953
0.138979
0.139003
0.139023
0.139041
0.139056
0.139067
0.139076
0.139082
0.139087
0.139093
0.139108
0.13915
0.139262
0.139549
0.138284
0.138291
0.138293
0.13829
0.138281
0.138266
0.138246
0.138225
0.138206
0.138192
0.138176
0.13816
0.138139
0.138114
0.138085
0.138051
0.138012
0.137967
0.137915
0.137857
0.137788
0.137707
0.137609
0.13749
0.137344
0.137174
0.136994
0.136817
0.136645
0.136481
0.136328
0.136182
0.136032
0.135882
0.135732
0.135583
0.135435
0.135287
0.13514
0.134995
0.134854
0.134717
0.134584
0.134454
0.134327
0.134205
0.134089
0.133982
0.133896
0.133837
0.133802
0.133782
0.133772
0.13377
0.133773
0.133782
0.133794
0.133809
0.133826
0.133845
0.133865
0.133883
0.133903
0.133925
0.133951
0.133979
0.13401
0.134043
0.134078
0.134116
0.134157
0.1342
0.134245
0.134293
0.134344
0.134397
0.134454
0.134513
0.134575
0.13464
0.134708
0.134779
0.134855
0.134935
0.135018
0.135106
0.135197
0.135293
0.135392
0.135496
0.135604
0.135717
0.135834
0.135955
0.136082
0.136214
0.136352
0.136501
0.13667
0.136895
0.13825
0.1382
0.138153
0.138109
0.138067
0.138026
0.137986
0.137946
0.137907
0.137872
0.137844
0.137816
0.137787
0.137757
0.137726
0.137694
0.13766
0.137624
0.137585
0.137543
0.137497
0.137447
0.137393
0.137336
0.137277
0.137214
0.13715
0.137084
0.137017
0.13695
0.136887
0.136825
0.136762
0.136697
0.136632
0.136564
0.136496
0.136427
0.136358
0.136288
0.136217
0.136146
0.136074
0.136003
0.135933
0.135864
0.135795
0.135728
0.135661
0.135594
0.135528
0.135463
0.135399
0.135334
0.135271
0.135208
0.135145
0.135083
0.135022
0.134961
0.134901
0.134843
0.134788
0.134732
0.134677
0.134622
0.134567
0.134511
0.134456
0.134401
0.134345
0.134289
0.134233
0.134176
0.134119
0.134062
0.134005
0.133947
0.133889
0.133829
0.133769
0.133708
0.133646
0.133582
0.133518
0.133451
0.133384
0.133317
0.13325
0.133186
0.133125
0.133069
0.13302
0.132988
0.132983
0.132994
0.133015
0.133047
0.133091
0.133164
0.139513
0.139529
0.139546
0.13956
0.139571
0.139577
0.139578
0.139572
0.139563
0.139551
0.139537
0.139517
0.13949
0.139457
0.139418
0.139375
0.139326
0.139272
0.139211
0.139142
0.139062
0.138966
0.138859
0.138751
0.138646
0.138544
0.138445
0.138349
0.138256
0.138167
0.138082
0.138
0.13792
0.13784
0.137762
0.137684
0.137609
0.137536
0.137465
0.137396
0.137329
0.137264
0.137202
0.137147
0.137107
0.137081
0.137067
0.137058
0.137054
0.137052
0.137052
0.137053
0.137055
0.137059
0.137063
0.137068
0.137073
0.137079
0.137086
0.137094
0.137101
0.137108
0.137116
0.137125
0.137135
0.137147
0.137159
0.137172
0.137187
0.137202
0.137219
0.137237
0.137257
0.137278
0.1373
0.137323
0.137348
0.137375
0.137403
0.137433
0.137465
0.137498
0.137534
0.137572
0.137611
0.137651
0.137688
0.137721
0.13775
0.137775
0.137794
0.13781
0.137821
0.137827
0.137829
0.137827
0.137821
0.137811
0.137796
0.137773
0.139275
0.139288
0.139295
0.139295
0.139291
0.139282
0.13927
0.139254
0.139232
0.139201
0.139158
0.139108
0.139054
0.138997
0.138939
0.138882
0.138826
0.138771
0.138717
0.138663
0.138609
0.138555
0.138502
0.138449
0.138398
0.138346
0.138294
0.138243
0.138191
0.138139
0.138087
0.138036
0.137986
0.137935
0.137884
0.137834
0.137784
0.137734
0.137685
0.137636
0.137588
0.13754
0.137495
0.137452
0.13741
0.13737
0.137332
0.137295
0.137259
0.137224
0.13719
0.137157
0.137124
0.137091
0.137059
0.137028
0.136996
0.136965
0.136934
0.136904
0.136873
0.136843
0.136814
0.136785
0.136756
0.136727
0.136698
0.136669
0.13664
0.13661
0.13658
0.13655
0.13652
0.136489
0.136458
0.136426
0.136394
0.136361
0.136328
0.136294
0.13626
0.136225
0.136189
0.136153
0.136116
0.136077
0.136038
0.136001
0.135966
0.135937
0.135918
0.135926
0.135949
0.13598
0.136018
0.13606
0.136107
0.136158
0.136218
0.136306
0.139501
0.139448
0.139404
0.139368
0.139339
0.139316
0.139296
0.139279
0.139265
0.139254
0.139246
0.139237
0.139228
0.139216
0.139201
0.139182
0.139158
0.139126
0.139084
0.139032
0.138975
0.138917
0.138861
0.138807
0.138753
0.1387
0.138648
0.138597
0.138545
0.138493
0.138443
0.138393
0.138344
0.138295
0.138248
0.138202
0.138157
0.138115
0.138074
0.138036
0.138002
0.137976
0.137963
0.137961
0.137966
0.137975
0.137986
0.137999
0.138013
0.138028
0.138043
0.138058
0.138073
0.138089
0.138106
0.138122
0.13814
0.138158
0.138177
0.138196
0.138215
0.138235
0.138254
0.138275
0.138295
0.138316
0.138338
0.13836
0.138383
0.138406
0.13843
0.138454
0.138479
0.138504
0.138529
0.138555
0.138582
0.138608
0.138636
0.138663
0.138692
0.13872
0.13875
0.13878
0.13881
0.138839
0.138864
0.138885
0.138901
0.138914
0.138922
0.138925
0.138925
0.138921
0.138914
0.138903
0.13889
0.138873
0.138855
0.138832
0.139235
0.139203
0.139181
0.139167
0.13916
0.139158
0.13916
0.139163
0.139168
0.139171
0.139171
0.139167
0.139159
0.139144
0.139123
0.139095
0.139058
0.139017
0.138974
0.138932
0.138894
0.138858
0.138825
0.138794
0.138765
0.138737
0.138709
0.138683
0.138657
0.138631
0.138606
0.138583
0.13856
0.13854
0.138522
0.138506
0.138494
0.138485
0.138479
0.138475
0.138474
0.138475
0.138478
0.138483
0.138489
0.138495
0.138503
0.13851
0.138518
0.138526
0.138535
0.138544
0.138555
0.13857
0.138587
0.138608
0.13863
0.138654
0.138677
0.138699
0.138722
0.138744
0.138766
0.138786
0.138805
0.138823
0.138839
0.138855
0.13887
0.138883
0.138896
0.138907
0.138918
0.138927
0.138935
0.138941
0.138946
0.138949
0.138951
0.13895
0.138948
0.138943
0.138935
0.138927
0.138921
0.138919
0.138921
0.138927
0.138935
0.138947
0.138961
0.138977
0.138996
0.139016
0.139038
0.139062
0.139086
0.139112
0.139141
0.139175
0.139264
0.139255
0.139257
0.139268
0.139284
0.139303
0.139323
0.139341
0.139354
0.139361
0.139362
0.139355
0.139338
0.139313
0.13928
0.139238
0.139193
0.139152
0.139117
0.139088
0.139064
0.139046
0.139031
0.13902
0.139013
0.139009
0.139008
0.139011
0.139017
0.139026
0.139039
0.139054
0.139075
0.139105
0.139144
0.139188
0.139234
0.139283
0.139332
0.139381
0.13943
0.139478
0.139526
0.139572
0.139618
0.139662
0.139705
0.139747
0.139787
0.139826
0.139864
0.1399
0.139935
0.139968
0.14
0.14003
0.140059
0.140087
0.140114
0.14014
0.140164
0.140188
0.140212
0.140234
0.140256
0.140278
0.1403
0.140321
0.140343
0.140364
0.140385
0.140406
0.140427
0.140449
0.14047
0.140492
0.140514
0.140536
0.140558
0.140581
0.140604
0.140627
0.14065
0.140672
0.140692
0.140709
0.140723
0.140735
0.140744
0.14075
0.140753
0.140754
0.140753
0.140749
0.140743
0.140735
0.140726
0.140715
0.140704
0.140685
0.139289
0.139327
0.139368
0.139409
0.139448
0.139484
0.139512
0.139532
0.13954
0.139539
0.139527
0.139505
0.139473
0.139442
0.139417
0.1394
0.13939
0.139386
0.13939
0.139401
0.139419
0.139442
0.139468
0.139497
0.139527
0.139561
0.139602
0.139648
0.139697
0.139748
0.139798
0.139848
0.139896
0.139943
0.139988
0.140031
0.140072
0.140111
0.140148
0.140183
0.140217
0.140249
0.140279
0.140308
0.140335
0.140361
0.140386
0.140409
0.140431
0.140452
0.140472
0.140491
0.140509
0.140525
0.140541
0.140556
0.140569
0.140583
0.140595
0.140606
0.140618
0.140628
0.140638
0.140648
0.140657
0.140666
0.140675
0.140684
0.140693
0.140701
0.140709
0.140718
0.140726
0.140734
0.140742
0.14075
0.140757
0.140765
0.140772
0.14078
0.140787
0.140795
0.140804
0.140814
0.140827
0.140841
0.140858
0.140876
0.140896
0.140917
0.14094
0.140964
0.140989
0.141015
0.141042
0.14107
0.141097
0.141125
0.141154
0.141185
0.139511
0.13956
0.139603
0.13964
0.13967
0.139692
0.139704
0.139706
0.139702
0.139696
0.139692
0.139693
0.139701
0.139717
0.139741
0.139771
0.139806
0.139846
0.1399
0.139961
0.140022
0.140082
0.140138
0.14019
0.140239
0.140284
0.140326
0.140365
0.1404
0.140433
0.140462
0.140489
0.140514
0.140536
0.140557
0.140576
0.140593
0.140609
0.140624
0.140638
0.14065
0.140662
0.140673
0.140684
0.140694
0.140704
0.140713
0.140723
0.140732
0.140741
0.14075
0.140759
0.140768
0.140778
0.140787
0.140797
0.140806
0.140816
0.140826
0.140836
0.140847
0.140858
0.140869
0.14088
0.140892
0.140904
0.140917
0.14093
0.140944
0.140959
0.140974
0.140991
0.141008
0.141026
0.141044
0.141064
0.141085
0.141106
0.141129
0.141151
0.141173
0.141195
0.141216
0.141237
0.141257
0.141276
0.141294
0.141312
0.141329
0.141345
0.141361
0.141377
0.141393
0.141409
0.141424
0.14144
0.141456
0.141472
0.14149
0.141507
0.139773
0.139798
0.139813
0.139827
0.13984
0.139853
0.139867
0.139883
0.139903
0.139928
0.139959
0.139996
0.140049
0.140109
0.140172
0.140233
0.140291
0.140345
0.140395
0.14044
0.140479
0.140515
0.140546
0.140572
0.140595
0.140614
0.14063
0.140643
0.140654
0.140662
0.140669
0.140673
0.140676
0.140678
0.140678
0.140678
0.140678
0.140677
0.140675
0.140674
0.140673
0.140671
0.14067
0.140669
0.140669
0.140669
0.14067
0.140671
0.140673
0.140676
0.140679
0.140682
0.140687
0.140692
0.140698
0.140704
0.140711
0.140718
0.140726
0.140734
0.140743
0.140753
0.140762
0.140772
0.140783
0.140794
0.140805
0.140817
0.140829
0.140841
0.140854
0.140867
0.14088
0.140894
0.140908
0.140922
0.140938
0.140954
0.140972
0.140991
0.141012
0.141034
0.141057
0.141083
0.141109
0.141137
0.141166
0.141196
0.141228
0.14126
0.141293
0.141327
0.141362
0.141397
0.141432
0.141468
0.141503
0.141539
0.141576
0.14162
0.140027
0.140038
0.140051
0.140065
0.140084
0.140112
0.140145
0.140182
0.140223
0.140266
0.14031
0.140354
0.140396
0.140437
0.140474
0.140507
0.140537
0.140563
0.140586
0.140604
0.140618
0.140629
0.140637
0.140641
0.140643
0.140642
0.14064
0.140636
0.14063
0.140625
0.140618
0.140611
0.140604
0.140597
0.140591
0.140585
0.140579
0.140575
0.140571
0.140568
0.140566
0.140565
0.140565
0.140567
0.140569
0.140573
0.140578
0.140584
0.140591
0.140599
0.140608
0.140618
0.140629
0.140641
0.140654
0.140668
0.140683
0.140699
0.140715
0.140733
0.140751
0.14077
0.140789
0.140809
0.14083
0.140852
0.140874
0.140897
0.14092
0.140944
0.140968
0.140993
0.141019
0.141044
0.14107
0.141095
0.141121
0.141146
0.141171
0.141196
0.141221
0.141246
0.141271
0.141296
0.141321
0.141346
0.141371
0.141397
0.141422
0.141449
0.141476
0.141503
0.141531
0.14156
0.141589
0.141619
0.141649
0.14168
0.141713
0.141756
0.140202
0.140222
0.140246
0.140272
0.1403
0.14033
0.140361
0.140393
0.140424
0.140454
0.14048
0.140504
0.140524
0.14054
0.140553
0.140562
0.140568
0.14057
0.14057
0.140566
0.140561
0.140555
0.140547
0.140538
0.140529
0.140519
0.14051
0.140501
0.140493
0.140486
0.14048
0.140475
0.14047
0.140468
0.140466
0.140466
0.140467
0.140469
0.140473
0.140478
0.140484
0.140493
0.140502
0.140513
0.140526
0.140539
0.140554
0.140569
0.140586
0.140603
0.140621
0.14064
0.140659
0.140679
0.1407
0.140722
0.140744
0.140766
0.140789
0.140813
0.140837
0.140861
0.140886
0.14091
0.140935
0.140961
0.140987
0.141013
0.141039
0.141066
0.141093
0.141121
0.14115
0.141179
0.14121
0.141241
0.141273
0.141305
0.141339
0.141373
0.141407
0.141442
0.141478
0.141514
0.141551
0.141588
0.141625
0.141663
0.1417
0.141738
0.141776
0.141814
0.141852
0.141891
0.141929
0.141967
0.142005
0.142043
0.142082
0.142137
0.140271
0.140293
0.140321
0.140351
0.140384
0.140416
0.140445
0.14047
0.140489
0.140501
0.140508
0.140509
0.140506
0.140499
0.14049
0.140479
0.140468
0.140456
0.140445
0.140434
0.140425
0.140417
0.14041
0.140405
0.140402
0.140401
0.140401
0.140402
0.140405
0.14041
0.140416
0.140424
0.140433
0.140444
0.140456
0.14047
0.140485
0.140503
0.140522
0.140543
0.140565
0.140588
0.140613
0.140638
0.140664
0.140691
0.140717
0.140745
0.140772
0.1408
0.140828
0.140857
0.140887
0.140917
0.140948
0.14098
0.141012
0.141044
0.141077
0.14111
0.141144
0.141177
0.141211
0.141245
0.141278
0.141312
0.141346
0.14138
0.141413
0.141447
0.14148
0.141514
0.141547
0.141581
0.141614
0.141648
0.141682
0.141716
0.14175
0.141785
0.14182
0.141856
0.141892
0.141929
0.141966
0.142005
0.142043
0.142083
0.142123
0.142165
0.142206
0.142249
0.142292
0.142336
0.142381
0.142426
0.142472
0.142518
0.142566
0.142637
0.140298
0.140327
0.14036
0.140392
0.14042
0.140441
0.140452
0.140454
0.140448
0.140437
0.140422
0.140405
0.140389
0.140375
0.140363
0.140353
0.140347
0.140344
0.140345
0.140348
0.140355
0.140364
0.140375
0.140389
0.140404
0.140421
0.14044
0.140459
0.14048
0.140501
0.140523
0.140546
0.140571
0.140598
0.140627
0.140658
0.140691
0.140725
0.140761
0.140797
0.140834
0.14087
0.140905
0.140939
0.140971
0.141002
0.141031
0.141059
0.141086
0.141114
0.141141
0.141169
0.141199
0.141229
0.14126
0.141291
0.141322
0.141354
0.141385
0.141417
0.141448
0.14148
0.141511
0.141543
0.141575
0.141607
0.14164
0.141674
0.141708
0.141744
0.141781
0.14182
0.141859
0.141899
0.141941
0.141983
0.142026
0.14207
0.142114
0.142159
0.142205
0.14225
0.142297
0.142343
0.14239
0.142438
0.142486
0.142535
0.142585
0.142635
0.142686
0.142737
0.14279
0.142843
0.142897
0.142951
0.143007
0.143063
0.143123
0.143214
0.140297
0.140326
0.14035
0.140367
0.140372
0.140364
0.140347
0.140328
0.140309
0.140294
0.140282
0.140276
0.140275
0.140278
0.140284
0.140296
0.140312
0.140331
0.140355
0.140383
0.140413
0.140447
0.140485
0.140527
0.140571
0.140617
0.140664
0.140712
0.140762
0.140812
0.140863
0.140918
0.140977
0.141039
0.141103
0.141169
0.141236
0.141302
0.141367
0.14143
0.141491
0.141548
0.1416
0.141648
0.14169
0.141726
0.141757
0.141783
0.141806
0.141827
0.141846
0.141863
0.14188
0.141896
0.141913
0.141931
0.141948
0.141967
0.141985
0.142003
0.142022
0.14204
0.142058
0.142076
0.142094
0.142111
0.14213
0.142148
0.142168
0.14219
0.142213
0.142239
0.142266
0.142296
0.142329
0.142363
0.142401
0.14244
0.142481
0.142525
0.14257
0.142616
0.142665
0.142714
0.142766
0.142819
0.142873
0.142929
0.142987
0.143046
0.143107
0.143169
0.143233
0.143298
0.143365
0.143433
0.143503
0.143574
0.143651
0.143761
0.140285
0.140297
0.140298
0.140289
0.140271
0.140236
0.140218
0.140213
0.140217
0.140228
0.140244
0.140264
0.140285
0.140305
0.14033
0.140361
0.140397
0.140438
0.140484
0.140534
0.140588
0.140654
0.14073
0.140812
0.140901
0.140995
0.141097
0.141204
0.141316
0.141435
0.141565
0.141701
0.141843
0.141992
0.142146
0.142301
0.142455
0.142607
0.142757
0.142904
0.14305
0.143196
0.143341
0.143484
0.143627
0.14377
0.143912
0.144052
0.144188
0.144318
0.14444
0.144554
0.144658
0.144752
0.144833
0.144903
0.14496
0.145005
0.145038
0.145059
0.14507
0.14507
0.145061
0.145043
0.145016
0.144981
0.144938
0.144889
0.144833
0.144772
0.144705
0.144634
0.144559
0.14448
0.144399
0.144316
0.144231
0.144145
0.144058
0.143972
0.143885
0.143795
0.14369
0.143618
0.143567
0.143531
0.143509
0.1435
0.143501
0.143512
0.143532
0.143561
0.143598
0.143641
0.143692
0.143749
0.143814
0.143894
0.144017
0.144244
0.14021
0.140208
0.140199
0.140186
0.140173
0.140167
0.140171
0.140185
0.140209
0.140241
0.140279
0.140323
0.140372
0.140426
0.140484
0.140548
0.140617
0.140693
0.140777
0.140869
0.140973
0.14109
0.141223
0.141375
0.141551
0.141758
0.142005
0.142303
0.142567
0.142782
0.143013
0.143148
0.14328
0.143386
0.143466
0.143524
0.143562
0.143583
0.14359
0.143586
0.143574
0.143557
0.143542
0.143533
0.14353
0.143524
0.143543
0.143581
0.143637
0.143706
0.143787
0.143877
0.143974
0.144077
0.144185
0.144297
0.144414
0.144534
0.144656
0.144781
0.144907
0.145033
0.145159
0.145284
0.145406
0.145525
0.145638
0.145745
0.145842
0.14593
0.146006
0.146069
0.146117
0.14615
0.146167
0.146167
0.146151
0.14612
0.146074
0.146013
0.145939
0.145852
0.145753
0.145644
0.14553
0.145412
0.145292
0.145172
0.145052
0.14493
0.14479
0.144694
0.144628
0.144588
0.144573
0.144595
0.144728
0.145339
0.147801
0.154905
0.140021
0.140032
0.140032
0.14002
0.140008
0.140008
0.140016
0.140031
0.140048
0.140066
0.140085
0.140106
0.140128
0.140153
0.140181
0.140212
0.140247
0.140289
0.140339
0.140398
0.140471
0.140561
0.140674
0.140821
0.141017
0.141287
0.14169
0.142293
0.142935
0.14387
0.145033
0.145922
0.146752
0.147365
0.147736
0.147871
0.147856
0.147741
0.147558
0.147333
0.147092
0.146863
0.14667
0.146533
0.146464
0.146466
0.146533
0.146653
0.146805
0.146968
0.14712
0.147242
0.147319
0.147343
0.147312
0.147228
0.147099
0.146935
0.146748
0.146546
0.146352
0.146206
0.146111
0.146063
0.146057
0.146088
0.146149
0.146233
0.146336
0.146454
0.146581
0.146715
0.146854
0.146994
0.147133
0.14727
0.147402
0.147528
0.147646
0.147753
0.14785
0.147935
0.148006
0.148064
0.148106
0.148134
0.148147
0.148147
0.148133
0.148106
0.148067
0.14802
0.147971
0.147934
0.147988
0.148602
0.152487
0.171567
0.231569
0.343541
)
;

boundaryField
{
    airfoil
    {
        type            calculated;
        value           uniform 0;
    }
    farBoundaries
    {
        type            calculated;
        value           uniform 1;
    }
    inlet
    {
        type            freestream;
        freestreamValue uniform 0.14;
        value           nonuniform List<scalar> 
200
(
0.14
0.14
0.14
0.14
0.14
0.14
0.14
0.14
0.14
0.14
0.14
0.14
0.14
0.14
0.14
0.14
0.14
0.14
0.14
0.14
0.14
0.14
0.14
0.14
0.14
0.14
0.14
0.14
0.14
0.14
0.145033
0.14
0.146752
0.147365
0.147736
0.147871
0.147856
0.147741
0.147558
0.147333
0.147092
0.146863
0.14667
0.146533
0.146464
0.146466
0.146533
0.146653
0.146805
0.146968
0.14712
0.147242
0.147319
0.147343
0.147312
0.147228
0.147099
0.146935
0.146748
0.146546
0.146352
0.146206
0.146111
0.146063
0.146057
0.146088
0.146149
0.146233
0.146336
0.146454
0.146581
0.146715
0.146854
0.146994
0.147133
0.14727
0.147402
0.147528
0.147646
0.147753
0.14785
0.147935
0.148006
0.148064
0.148106
0.148134
0.148147
0.148147
0.148133
0.148106
0.148067
0.14802
0.147971
0.147934
0.147988
0.148602
0.152487
0.171567
0.231569
0.343541
0.14
0.14
0.14
0.14
0.14
0.14
0.14
0.14
0.14
0.14
0.14
0.14
0.14
0.14
0.14
0.14
0.14
0.14
0.14
0.14
0.14
0.14
0.14
0.14
0.14
0.14
0.14
0.14
0.14
0.14
0.14
0.14
0.14
0.14
0.14
0.14
0.14
0.14
0.14
0.14
0.14
0.14
0.14
0.14
0.14
0.14
0.14
0.14
0.14
0.14
0.14
0.14
0.14
0.14
0.14
0.14
0.14
0.14
0.14
0.14
0.14
0.14
0.14
0.14
0.14
0.14
0.14
0.146278
0.146891
0.147517
0.147891
0.148154
0.148294
0.148343
0.14834
0.148336
0.148371
0.14847
0.148636
0.14885
0.149082
0.149296
0.149456
0.14954
0.149538
0.149451
0.149288
0.149064
0.148787
0.148515
0.148332
0.148248
0.148254
0.148339
0.148488
0.148691
0.148944
0.149643
0.163021
0.256757
)
;
    }
    outlet
    {
        type            freestream;
        freestreamValue uniform 0.14;
        value           nonuniform List<scalar> 
40
(
0.173364
0.218517
0.231336
0.209809
0.191772
0.186179
0.174451
0.161956
0.156764
0.17747
0.278114
0.465121
0.666988
0.851248
1.00713
1.12768
1.20692
1.23829
1.21255
1.11223
1.09794
1.19924
1.24098
1.23636
1.19233
1.11348
1.00365
0.866754
0.707489
0.532553
0.354912
0.21376
0.152131
0.138366
0.13463
0.131284
0.127868
0.12604
0.12853
0.140705
)
;
    }
    defaultFaces
    {
        type            empty;
    }
}


// ************************************************************************* //
