/*--------------------------------*- C++ -*----------------------------------*\
  =========                 |
  \\      /  F ield         | OpenFOAM: The Open Source CFD Toolbox
   \\    /   O peration     | Website:  https://openfoam.org
    \\  /    A nd           | Version:  6.0
     \\/     M anipulation  |
\*---------------------------------------------------------------------------*/
FoamFile
{
    version     2.0;
    format      ascii;
    class       volScalarField;
    location    "300";
    object      p;
}
// * * * * * * * * * * * * * * * * * * * * * * * * * * * * * * * * * * * * * //

dimensions      [0 2 -2 0 0 0 0];

internalField   nonuniform List<scalar> 
9800
(
126.267
124.626
123.455
122.565
121.836
121.198
120.608
120.041
119.485
118.932
118.362
117.774
117.172
116.554
115.921
115.272
114.611
113.943
113.277
112.629
112.024
111.508
111.171
111.211
111.63
112.233
112.928
113.667
114.425
115.186
115.939
116.673
117.391
118.089
118.767
119.422
120.054
120.663
121.249
121.812
122.351
122.866
123.357
123.824
124.266
124.683
125.074
125.438
125.775
126.084
126.362
126.61
126.824
127.003
127.144
127.246
127.305
127.319
127.285
127.201
127.065
126.877
126.643
126.375
126.096
125.85
125.72
125.842
126.453
127.936
130.946
136.441
146.244
161.484
186.108
203.417
215.359
220.334
224.426
229.868
235.555
240.795
245.757
250.631
255.333
259.769
263.958
268.015
272.019
276.006
279.954
283.838
287.635
291.345
294.981
298.569
302.129
305.679
309.2
312.736
191.597
191.924
192.067
192.153
192.224
192.299
192.383
192.472
192.561
192.65
192.735
192.809
192.87
192.918
192.954
192.981
193.002
193.023
193.051
193.096
193.166
193.257
193.333
193.405
193.478
193.545
193.633
193.746
193.874
194.008
194.14
194.263
194.367
194.451
194.513
194.55
194.561
194.545
194.501
194.428
194.326
194.194
194.032
193.839
193.615
193.357
193.067
192.741
192.381
191.984
191.55
191.076
190.563
190.007
189.408
188.765
188.076
187.34
186.557
185.726
184.847
183.924
182.957
181.945
180.899
179.821
178.722
177.604
176.475
175.333
174.198
173.077
172.218
171.754
174.358
181.342
191.114
202.225
211.39
218.829
225.596
232.004
237.906
243.229
248.051
252.514
256.719
260.74
264.602
268.313
271.851
275.199
278.342
281.281
284.015
286.542
288.842
290.883
292.57
293.912
127.548
129.314
130.789
132.055
133.176
134.206
135.181
136.127
137.058
137.987
138.937
139.915
140.916
141.94
142.984
144.046
145.119
146.193
147.249
148.259
149.184
149.965
150.485
150.575
150.225
149.601
148.821
147.949
147.026
146.079
145.126
144.186
143.265
142.363
141.481
140.621
139.784
138.971
138.181
137.414
136.671
135.951
135.254
134.581
133.933
133.31
132.713
132.144
131.604
131.096
130.623
130.187
129.794
129.448
129.156
128.926
128.766
128.688
128.705
128.835
129.097
129.517
130.128
130.968
132.089
133.548
135.421
137.802
140.807
144.575
149.271
155.071
162.164
170.597
180.429
190.595
200.072
208.389
215.541
221.928
227.797
233.128
237.889
242.218
246.286
250.202
253.982
257.618
261.082
264.356
267.418
270.269
272.912
275.356
277.597
279.619
281.393
282.875
284.038
284.75
133.333
132.357
131.655
131.13
130.725
130.402
130.137
129.917
129.734
129.581
129.453
129.352
129.275
129.224
129.195
129.187
129.194
129.212
129.235
129.258
129.275
129.298
129.349
129.43
129.537
129.671
129.81
129.946
130.082
130.223
130.375
130.543
130.734
130.949
131.191
131.461
131.762
132.093
132.457
132.853
133.283
133.747
134.247
134.784
135.359
135.974
136.632
137.335
138.086
138.888
139.747
140.665
141.649
142.705
143.839
145.061
146.378
147.802
149.344
151.018
152.838
154.82
156.98
159.335
161.908
164.714
167.772
171.091
174.676
178.52
182.602
186.886
191.312
195.818
200.334
204.844
209.372
213.954
218.529
222.981
227.216
231.234
235.078
238.817
242.471
246.038
249.473
252.735
255.779
258.597
261.192
263.584
265.785
267.8
269.621
271.23
272.606
273.724
274.589
275.1
152.86
152.343
151.812
151.295
150.8
150.331
149.887
149.465
149.065
148.683
148.301
147.919
147.538
147.159
146.781
146.405
146.033
145.67
145.324
145.008
144.738
144.54
144.457
144.543
144.804
145.19
145.653
146.167
146.712
147.278
147.854
148.429
149
149.571
150.14
150.709
151.277
151.846
152.416
152.99
153.567
154.151
154.743
155.345
155.959
156.587
157.232
157.897
158.584
159.296
160.038
160.812
161.623
162.475
163.374
164.325
165.333
166.406
167.55
168.771
170.08
171.482
172.987
174.601
176.339
178.209
180.223
182.393
184.732
187.254
189.974
192.912
196.081
199.497
203.153
207.029
211.045
215.099
219.085
222.953
226.693
230.329
233.863
237.29
240.58
243.712
246.661
249.417
251.978
254.36
256.575
258.64
260.556
262.321
263.925
265.358
266.611
267.678
268.584
269.236
157.647
157.588
157.52
157.449
157.378
157.311
157.251
157.202
157.167
157.148
157.136
157.131
157.139
157.157
157.186
157.226
157.277
157.34
157.416
157.505
157.607
157.718
157.831
157.946
158.064
158.184
158.312
158.453
158.606
158.77
158.946
159.127
159.313
159.509
159.715
159.931
160.159
160.401
160.657
160.93
161.222
161.535
161.87
162.233
162.623
163.045
163.501
163.994
164.528
165.107
165.734
166.413
167.15
167.948
168.812
169.749
170.764
171.862
173.051
174.337
175.729
177.231
178.852
180.597
182.478
184.5
186.67
188.992
191.466
194.094
196.867
199.776
202.798
205.912
209.08
212.27
215.443
218.581
221.672
224.718
227.709
230.639
233.482
236.223
238.84
241.33
243.686
245.92
248.033
250.037
251.927
253.704
255.358
256.883
258.271
259.519
260.627
261.59
262.437
263.072
162.877
162.449
162.081
161.768
161.504
161.285
161.107
160.969
160.869
160.806
160.769
160.761
160.783
160.834
160.912
161.016
161.142
161.289
161.452
161.626
161.804
161.979
162.139
162.272
162.376
162.462
162.542
162.625
162.716
162.822
162.947
163.091
163.256
163.448
163.669
163.919
164.2
164.514
164.86
165.242
165.659
166.113
166.606
167.139
167.714
168.332
168.995
169.705
170.463
171.273
172.136
173.055
174.031
175.067
176.167
177.331
178.564
179.868
181.245
182.697
184.228
185.837
187.524
189.291
191.138
193.066
195.072
197.152
199.303
201.52
203.793
206.119
208.487
210.892
213.324
215.781
218.253
220.737
223.217
225.682
228.111
230.491
232.804
235.046
237.209
239.295
241.303
243.238
245.092
246.864
248.545
250.131
251.614
252.995
254.271
255.445
256.516
257.482
258.368
259.083
169.923
169.445
168.999
168.588
168.211
167.87
167.563
167.292
167.058
166.86
166.685
166.535
166.413
166.318
166.25
166.207
166.188
166.193
166.221
166.271
166.342
166.437
166.555
166.698
166.864
167.055
167.268
167.504
167.761
168.041
168.343
168.667
169.009
169.377
169.771
170.193
170.64
171.117
171.621
172.155
172.718
173.313
173.938
174.597
175.289
176.015
176.777
177.575
178.411
179.286
180.201
181.158
182.158
183.202
184.291
185.428
186.612
187.846
189.131
190.468
191.857
193.299
194.793
196.338
197.936
199.588
201.292
203.048
204.852
206.703
208.598
210.534
212.506
214.51
216.538
218.585
220.639
222.691
224.728
226.743
228.724
230.668
232.569
234.428
236.237
238
239.707
241.358
242.943
244.462
245.906
247.277
248.571
249.79
250.932
251.997
252.985
253.887
254.729
255.426
176.279
175.843
175.438
175.064
174.722
174.411
174.131
173.881
173.664
173.479
173.313
173.168
173.048
172.952
172.88
172.832
172.808
172.807
172.829
172.877
172.949
173.048
173.175
173.333
173.522
173.741
173.986
174.257
174.552
174.871
175.212
175.572
175.948
176.347
176.768
177.214
177.682
178.175
178.692
179.235
179.803
180.4
181.023
181.675
182.356
183.068
183.811
184.586
185.394
186.237
187.114
188.028
188.978
189.967
190.994
192.061
193.167
194.315
195.504
196.735
198.006
199.32
200.671
202.061
203.489
204.957
206.46
207.999
209.569
211.17
212.796
214.445
216.111
217.792
219.48
221.172
222.861
224.545
226.216
227.874
229.512
231.131
232.724
234.291
235.824
237.322
238.778
240.19
241.553
242.867
244.128
245.337
246.491
247.589
248.627
249.606
250.522
251.373
252.179
252.867
181.65
181.265
180.908
180.581
180.285
180.02
179.785
179.582
179.412
179.276
179.159
179.064
178.995
178.951
178.933
178.94
178.971
179.025
179.102
179.201
179.322
179.463
179.624
179.805
180.005
180.225
180.465
180.727
181.011
181.318
181.647
181.994
182.359
182.748
183.163
183.602
184.066
184.556
185.071
185.614
186.182
186.778
187.4
188.051
188.729
189.437
190.173
190.94
191.734
192.56
193.416
194.303
195.219
196.168
197.146
198.157
199.197
200.269
201.371
202.504
203.665
204.855
206.07
207.309
208.573
209.863
211.174
212.508
213.859
215.229
216.612
218.009
219.414
220.828
222.245
223.665
225.082
226.498
227.906
229.306
230.692
232.065
233.416
234.747
236.05
237.327
238.571
239.783
240.959
242.101
243.202
244.265
245.284
246.261
247.192
248.079
248.921
249.717
250.486
251.161
187.691
187.271
186.885
186.533
186.215
185.931
185.681
185.465
185.285
185.141
185.018
184.919
184.848
184.804
184.788
184.798
184.833
184.894
184.979
185.088
185.22
185.375
185.551
185.749
185.968
186.209
186.472
186.757
187.064
187.394
187.747
188.118
188.505
188.916
189.35
189.809
190.29
190.795
191.323
191.875
192.449
193.048
193.669
194.315
194.983
195.676
196.391
197.131
197.893
198.681
199.49
200.324
201.18
202.061
202.964
203.89
204.838
205.809
206.8
207.814
208.847
209.9
210.968
212.053
213.153
214.271
215.403
216.551
217.709
218.88
220.058
221.247
222.439
223.637
224.836
226.038
227.235
228.43
229.618
230.798
231.966
233.123
234.262
235.386
236.489
237.572
238.632
239.669
240.678
241.662
242.616
243.541
244.434
245.297
246.127
246.927
247.696
248.432
249.152
249.793
191.207
190.997
190.8
190.621
190.461
190.322
190.205
190.111
190.044
190.005
189.977
189.963
189.97
189.998
190.048
190.118
190.21
190.322
190.455
190.609
190.783
190.978
191.192
191.427
191.682
191.957
192.253
192.57
192.907
193.266
193.645
194.039
194.446
194.873
195.321
195.79
196.277
196.785
197.312
197.86
198.426
199.012
199.618
200.243
200.888
201.553
202.236
202.939
203.661
204.403
205.163
205.943
206.74
207.557
208.39
209.243
210.111
210.997
211.898
212.817
213.749
214.696
215.652
216.62
217.598
218.59
219.59
220.602
221.62
222.647
223.678
224.715
225.754
226.796
227.837
228.878
229.915
230.949
231.975
232.996
234.006
235.008
235.995
236.972
237.932
238.878
239.805
240.716
241.606
242.478
243.328
244.157
244.964
245.751
246.514
247.255
247.974
248.667
249.35
249.965
198.696
198.306
197.953
197.636
197.355
197.108
196.896
196.717
196.575
196.468
196.386
196.326
196.293
196.287
196.308
196.353
196.423
196.518
196.636
196.779
196.944
197.133
197.345
197.58
197.838
198.12
198.422
198.746
199.089
199.453
199.835
200.229
200.634
201.056
201.496
201.954
202.427
202.918
203.425
203.95
204.489
205.046
205.618
206.208
206.812
207.433
208.068
208.72
209.386
210.068
210.764
211.475
212.199
212.938
213.688
214.453
215.229
216.018
216.817
217.628
218.448
219.279
220.113
220.954
221.801
222.658
223.518
224.387
225.257
226.134
227.01
227.891
228.77
229.652
230.529
231.407
232.279
233.149
234.011
234.869
235.718
236.561
237.392
238.215
239.026
239.826
240.613
241.388
242.148
242.896
243.627
244.345
245.046
245.732
246.401
247.055
247.691
248.309
248.919
249.475
196.657
196.799
196.937
197.077
197.222
197.376
197.541
197.718
197.914
198.127
198.336
198.545
198.765
198.998
199.244
199.502
199.771
200.053
200.347
200.652
200.969
201.297
201.636
201.985
202.344
202.712
203.092
203.484
203.89
204.309
204.741
205.179
205.621
206.079
206.55
207.036
207.536
208.051
208.579
209.122
209.679
210.25
210.835
211.434
212.046
212.672
213.309
213.961
214.624
215.3
215.987
216.687
217.395
218.117
218.846
219.587
220.335
221.094
221.858
222.633
223.412
224.198
224.985
225.776
226.569
227.369
228.17
228.977
229.783
230.592
231.401
232.211
233.018
233.826
234.629
235.431
236.227
237.021
237.807
238.589
239.362
240.13
240.888
241.638
242.378
243.109
243.827
244.537
245.233
245.918
246.59
247.25
247.894
248.526
249.143
249.746
250.333
250.904
251.465
251.981
212.387
211.888
211.436
211.027
210.658
210.326
210.032
209.772
209.548
209.36
209.214
209.1
209.017
208.963
208.939
208.944
208.977
209.038
209.126
209.241
209.382
209.549
209.743
209.961
210.206
210.477
210.772
211.088
211.424
211.778
212.149
212.529
212.916
213.317
213.732
214.161
214.602
215.057
215.523
216.003
216.493
216.995
217.507
218.032
218.565
219.11
219.663
220.227
220.799
221.381
221.97
222.568
223.172
223.785
224.403
225.029
225.66
226.297
226.938
227.586
228.236
228.89
229.542
230.195
230.848
231.507
232.165
232.826
233.487
234.15
234.811
235.473
236.132
236.792
237.447
238.103
238.752
239.401
240.043
240.683
241.316
241.946
242.568
243.185
243.794
244.398
244.993
245.581
246.16
246.731
247.292
247.846
248.388
248.922
249.445
249.959
250.461
250.953
251.438
251.891
191.764
192.565
193.34
194.102
194.857
195.609
196.362
197.122
197.898
198.681
199.418
200.125
200.829
201.532
202.236
202.939
203.641
204.342
205.041
205.738
206.432
207.124
207.811
208.495
209.173
209.845
210.511
211.173
211.835
212.498
213.161
213.811
214.454
215.102
215.756
216.416
217.081
217.753
218.431
219.115
219.805
220.502
221.203
221.912
222.624
223.343
224.066
224.794
225.526
226.263
227.002
227.746
228.491
229.24
229.989
230.742
231.494
232.249
233.003
233.757
234.51
235.262
236.006
236.747
237.483
238.219
238.95
239.68
240.405
241.127
241.843
242.556
243.262
243.963
244.656
245.344
246.023
246.696
247.359
248.016
248.661
249.299
249.926
250.544
251.15
251.746
252.33
252.904
253.464
254.014
254.55
255.075
255.585
256.084
256.568
257.04
257.497
257.94
258.37
258.777
238.935
238.026
237.172
236.368
235.605
234.877
234.178
233.501
232.835
232.193
231.661
231.181
230.738
230.328
229.954
229.614
229.309
229.04
228.806
228.608
228.447
228.321
228.231
228.177
228.16
228.179
228.234
228.323
228.442
228.59
228.764
228.965
229.173
229.4
229.646
229.909
230.187
230.482
230.79
231.113
231.449
231.798
232.159
232.532
232.916
233.31
233.714
234.129
234.551
234.983
235.423
235.87
236.324
236.786
237.252
237.726
238.203
238.687
239.173
239.665
240.159
240.655
241.147
241.638
242.128
242.622
243.116
243.615
244.112
244.613
245.112
245.614
246.114
246.614
247.113
247.612
248.108
248.603
249.095
249.586
250.072
250.557
251.037
251.514
251.985
252.453
252.915
253.373
253.824
254.271
254.71
255.143
255.569
255.988
256.399
256.803
257.198
257.585
257.96
258.342
156.269
158.51
160.71
162.879
165.039
167.202
169.38
171.592
173.87
176.17
178.26
180.249
182.217
184.175
186.124
188.059
189.98
191.885
193.773
195.641
197.489
199.314
201.117
202.896
204.649
206.376
208.075
209.747
211.394
213.016
214.603
216.106
217.571
219.014
220.439
221.846
223.236
224.61
225.967
227.309
228.634
229.943
231.237
232.515
233.777
235.024
236.255
237.471
238.67
239.855
241.023
242.176
243.313
244.433
245.537
246.626
247.696
248.751
249.789
250.81
251.813
252.795
253.75
254.692
255.612
256.514
257.399
258.27
259.123
259.96
260.778
261.581
262.365
263.133
263.882
264.614
265.327
266.023
266.699
267.358
267.997
268.619
269.22
269.804
270.368
270.913
271.439
271.946
272.433
272.901
273.349
273.778
274.188
274.578
274.949
275.301
275.633
275.946
276.231
276.553
311.029
308.991
306.729
304.514
302.353
300.211
298.068
295.902
293.632
291.228
289.402
287.63
285.854
284.131
282.464
280.853
279.299
277.805
276.374
275.008
273.707
272.475
271.311
270.217
269.19
268.23
267.337
266.512
265.755
265.054
264.381
263.85
263.324
262.8
262.32
261.888
261.499
261.153
260.847
260.581
260.353
260.164
260.01
259.891
259.806
259.754
259.732
259.74
259.776
259.839
259.926
260.039
260.173
260.329
260.504
260.698
260.909
261.136
261.378
261.634
261.896
262.152
262.429
262.74
263.016
263.296
263.593
263.906
264.228
264.561
264.902
265.253
265.611
265.977
266.348
266.725
267.106
267.492
267.88
268.271
268.664
269.058
269.453
269.848
270.242
270.636
271.027
271.417
271.804
272.189
272.569
272.945
273.317
273.684
274.045
274.402
274.751
275.087
275.398
276.082
20.1184
29.6408
36.9929
45.3637
54.3378
63.5946
73.2393
83.7635
93.5247
96.9376
99.9619
106.38
113.241
119.832
126.339
132.785
139.165
145.46
151.669
157.777
163.786
169.683
175.47
181.139
186.692
192.111
197.396
202.607
207.839
212.625
215.853
219.078
223.369
227.374
231.235
235.015
238.72
242.342
245.882
249.339
252.715
256.009
259.221
262.351
265.401
268.369
271.257
274.066
276.795
279.445
282.018
284.513
286.93
289.272
291.541
293.742
295.871
297.927
299.917
301.849
303.664
305.209
306.72
308.6
310.217
311.718
313.181
314.602
315.972
317.294
318.565
319.79
320.967
322.098
323.183
324.225
325.222
326.178
327.09
327.963
328.796
329.591
330.347
331.069
331.754
332.406
333.024
333.611
334.166
334.693
335.19
335.662
336.105
336.525
336.92
337.298
337.645
337.903
338.087
339.708
314.258
313.743
313.292
313.017
312.81
312.64
312.513
312.435
312.401
312.411
312.458
312.543
312.659
312.808
312.986
313.201
313.431
313.68
313.963
314.278
314.612
314.97
315.346
315.744
316.16
316.596
317.048
317.52
318.007
318.516
319.038
319.525
319.982
320.592
321.274
321.872
322.464
323.076
323.7
324.338
324.985
325.644
326.311
326.994
327.694
328.395
328.953
329.486
330.384
331.363
332.109
332.833
333.581
334.345
335.116
335.905
336.723
337.518
337.974
338.516
339.819
341.124
341.977
342.821
343.75
344.542
344.524
346.206
348.274
347.881
293.72
293.895
294.484
295.096
295.654
296.2
296.742
297.284
297.82
298.354
298.882
299.411
299.937
300.465
300.991
301.52
302.046
302.574
303.1
303.63
304.157
304.687
305.216
305.748
306.279
306.814
307.348
307.886
308.424
308.966
309.508
310.053
310.595
311.146
311.702
312.254
312.806
313.362
313.92
314.481
315.045
315.613
316.182
316.756
317.333
317.915
318.493
319.071
319.667
320.271
320.86
321.452
322.049
322.652
323.26
323.875
324.495
325.123
325.739
326.357
327.022
327.696
328.337
328.989
329.66
330.343
330.982
331.731
332.604
333.057
285.148
285.457
286.095
286.73
287.317
287.9
288.486
289.077
289.666
290.255
290.841
291.427
292.008
292.59
293.167
293.745
294.319
294.894
295.465
296.036
296.604
297.172
297.736
298.302
298.863
299.426
299.986
300.546
301.103
301.661
302.217
302.773
303.325
303.876
304.425
304.972
305.515
306.059
306.6
307.142
307.681
308.22
308.757
309.294
309.829
310.364
310.898
311.426
311.951
312.477
312.996
313.514
314.033
314.551
315.069
315.588
316.106
316.627
317.146
317.656
318.165
318.676
319.178
319.687
320.199
320.719
321.233
321.74
322.307
322.711
275.53
275.918
276.616
277.296
277.925
278.553
279.187
279.828
280.466
281.106
281.741
282.377
283.009
283.641
284.268
284.895
285.519
286.142
286.762
287.382
287.998
288.613
289.226
289.838
290.447
291.057
291.663
292.27
292.875
293.48
294.083
294.686
295.285
295.883
296.479
297.071
297.66
298.25
298.838
299.426
300.012
300.599
301.184
301.77
302.355
302.941
303.524
304.102
304.677
305.25
305.814
306.379
306.943
307.507
308.071
308.636
309.201
309.767
310.331
310.885
311.438
311.985
312.523
313.068
313.62
314.181
314.733
315.287
315.889
316.324
269.835
270.235
270.92
271.585
272.204
272.824
273.451
274.087
274.721
275.358
275.991
276.624
277.252
277.88
278.504
279.128
279.748
280.368
280.985
281.602
282.214
282.827
283.437
284.047
284.653
285.261
285.865
286.47
287.073
287.677
288.279
288.881
289.479
290.076
290.67
291.261
291.849
292.439
293.027
293.615
294.202
294.79
295.376
295.964
296.551
297.14
297.727
298.309
298.887
299.461
300.027
300.595
301.164
301.734
302.304
302.875
303.448
304.024
304.598
305.162
305.722
306.276
306.822
307.378
307.944
308.52
309.089
309.658
310.273
310.727
263.66
264.072
264.753
265.41
266.024
266.646
267.278
267.919
268.56
269.203
269.842
270.482
271.117
271.751
272.382
273.013
273.64
274.269
274.894
275.519
276.141
276.763
277.383
278.003
278.62
279.238
279.853
280.469
281.083
281.698
282.312
282.926
283.536
284.144
284.748
285.349
285.948
286.548
287.146
287.744
288.342
288.94
289.537
290.135
290.733
291.333
291.932
292.525
293.113
293.695
294.272
294.85
295.431
296.014
296.599
297.186
297.776
298.371
298.966
299.553
300.131
300.703
301.27
301.851
302.442
303.048
303.647
304.245
304.882
305.368
259.714
260.118
260.78
261.427
262.037
262.655
263.284
263.92
264.555
265.191
265.823
266.455
267.082
267.708
268.33
268.953
269.572
270.192
270.809
271.426
272.04
272.653
273.265
273.876
274.485
275.094
275.701
276.309
276.916
277.523
278.129
278.736
279.34
279.94
280.536
281.129
281.722
282.315
282.906
283.499
284.091
284.683
285.276
285.869
286.463
287.06
287.656
288.246
288.83
289.406
289.978
290.554
291.132
291.712
292.295
292.881
293.47
294.066
294.663
295.25
295.826
296.393
296.959
297.54
298.132
298.741
299.345
299.946
300.578
301.069
256.05
256.458
257.113
257.753
258.358
258.971
259.592
260.22
260.846
261.472
262.095
262.717
263.335
263.953
264.568
265.183
265.796
266.409
267.02
267.632
268.24
268.849
269.456
270.063
270.667
271.273
271.877
272.482
273.085
273.691
274.295
274.901
275.504
276.104
276.698
277.29
277.881
278.475
279.067
279.661
280.253
280.848
281.443
282.039
282.636
283.237
283.837
284.432
285.018
285.595
286.168
286.745
287.324
287.905
288.488
289.073
289.661
290.255
290.849
291.433
292.001
292.557
293.113
293.683
294.266
294.865
295.459
296.049
296.664
297.149
253.508
253.925
254.577
255.214
255.817
256.426
257.04
257.66
258.278
258.895
259.509
260.122
260.73
261.338
261.943
262.548
263.151
263.754
264.355
264.955
265.553
266.15
266.745
267.34
267.933
268.527
269.119
269.712
270.304
270.898
271.49
272.085
272.676
273.264
273.845
274.425
275.005
275.586
276.166
276.748
277.329
277.913
278.496
279.082
279.668
280.258
280.848
281.433
282.007
282.572
283.133
283.7
284.268
284.839
285.412
285.988
286.567
287.152
287.739
288.314
288.872
289.415
289.96
290.521
291.096
291.687
292.275
292.858
293.458
293.939
251.804
252.219
252.852
253.466
254.047
254.631
255.222
255.817
256.41
257.005
257.597
258.188
258.777
259.366
259.953
260.54
261.125
261.712
262.296
262.88
263.462
264.044
264.624
265.205
265.784
266.364
266.942
267.522
268.101
268.681
269.261
269.844
270.422
270.997
271.565
272.131
272.697
273.265
273.831
274.399
274.967
275.536
276.106
276.677
277.25
277.826
278.402
278.974
279.533
280.082
280.628
281.18
281.735
282.293
282.853
283.418
283.987
284.564
285.143
285.712
286.261
286.794
287.332
287.888
288.458
289.049
289.637
290.22
290.813
291.294
250.421
250.84
251.464
252.067
252.638
253.212
253.791
254.375
254.956
255.539
256.118
256.697
257.273
257.849
258.422
258.995
259.566
260.137
260.707
261.276
261.842
262.408
262.973
263.537
264.1
264.664
265.227
265.79
266.353
266.918
267.483
268.049
268.613
269.172
269.723
270.273
270.824
271.377
271.929
272.482
273.036
273.591
274.147
274.705
275.265
275.828
276.393
276.953
277.5
278.035
278.569
279.109
279.653
280.201
280.751
281.307
281.867
282.436
283.008
283.571
284.11
284.633
285.162
285.711
286.275
286.86
287.442
288.021
288.603
289.08
250.575
250.983
251.579
252.156
252.702
253.251
253.805
254.363
254.92
255.478
256.033
256.589
257.142
257.695
258.245
258.797
259.346
259.897
260.445
260.993
261.539
262.085
262.63
263.175
263.718
264.263
264.806
265.351
265.896
266.442
266.989
267.538
268.084
268.625
269.158
269.69
270.223
270.759
271.293
271.83
272.366
272.906
273.445
273.989
274.533
275.082
275.632
276.177
276.708
277.225
277.741
278.264
278.79
279.319
279.851
280.388
280.929
281.478
282.03
282.571
283.085
283.58
284.081
284.603
285.14
285.698
286.255
286.807
287.353
287.806
250.045
250.451
251.035
251.602
252.139
252.679
253.223
253.771
254.316
254.862
255.406
255.949
256.489
257.028
257.565
258.103
258.638
259.174
259.708
260.241
260.772
261.303
261.833
262.363
262.891
263.421
263.949
264.479
265.009
265.541
266.073
266.608
267.14
267.667
268.185
268.703
269.222
269.744
270.265
270.788
271.312
271.838
272.365
272.896
273.428
273.965
274.504
275.038
275.557
276.063
276.567
277.079
277.595
278.114
278.636
279.164
279.696
280.237
280.781
281.315
281.82
282.306
282.799
283.313
283.842
284.393
284.943
285.489
286.025
286.474
252.518
252.897
253.44
253.969
254.473
254.978
255.487
256
256.512
257.024
257.535
258.045
258.553
259.061
259.566
260.073
260.577
261.083
261.586
262.089
262.59
263.091
263.59
264.09
264.588
265.087
265.585
266.085
266.584
267.086
267.587
268.092
268.593
269.088
269.574
270.059
270.544
271.033
271.52
272.009
272.498
272.99
273.483
273.98
274.478
274.98
275.485
275.985
276.466
276.932
277.398
277.872
278.349
278.831
279.317
279.808
280.305
280.813
281.325
281.825
282.291
282.736
283.191
283.67
284.166
284.687
285.211
285.727
286.222
286.641
252.376
252.735
253.261
253.78
254.272
254.764
255.259
255.757
256.253
256.749
257.243
257.736
258.227
258.718
259.207
259.696
260.183
260.671
261.157
261.643
262.127
262.61
263.093
263.576
264.057
264.54
265.023
265.507
265.991
266.477
266.964
267.454
267.942
268.424
268.895
269.367
269.84
270.317
270.792
271.271
271.75
272.232
272.716
273.203
273.693
274.188
274.686
275.18
275.655
276.114
276.575
277.045
277.519
277.998
278.481
278.971
279.467
279.974
280.485
280.986
281.454
281.899
282.356
282.837
283.335
283.86
284.384
284.906
285.404
285.832
259.229
259.538
260.004
260.473
260.918
261.362
261.807
262.255
262.701
263.147
263.589
264.032
264.472
264.911
265.347
265.783
266.217
266.651
267.083
267.513
267.94
268.367
268.792
269.217
269.639
270.063
270.485
270.909
271.331
271.756
272.181
272.61
273.034
273.45
273.854
274.257
274.662
275.069
275.475
275.884
276.292
276.705
277.118
277.536
277.956
278.382
278.811
279.234
279.633
280.012
280.392
280.783
281.178
281.58
281.985
282.4
282.821
283.255
283.696
284.122
284.5
284.853
285.221
285.619
286.038
286.489
286.948
287.391
287.796
288.147
258.74
258.91
259.32
259.771
260.192
260.605
261.019
261.436
261.851
262.266
262.678
263.09
263.5
263.91
264.317
264.725
265.13
265.538
265.942
266.347
266.748
267.15
267.55
267.951
268.351
268.752
269.153
269.556
269.958
270.364
270.771
271.182
271.59
271.99
272.377
272.766
273.158
273.553
273.947
274.345
274.744
275.148
275.553
275.964
276.377
276.797
277.22
277.64
278.036
278.414
278.796
279.19
279.588
279.993
280.403
280.823
281.25
281.691
282.138
282.575
282.969
283.34
283.728
284.145
284.581
285.048
285.518
285.984
286.414
286.797
276.947
276.939
277.216
277.573
277.893
278.196
278.497
278.796
279.09
279.38
279.664
279.945
280.22
280.492
280.759
281.023
281.281
281.54
281.791
282.039
282.28
282.52
282.754
282.988
283.217
283.446
283.672
283.899
284.123
284.351
284.577
284.808
285.033
285.242
285.431
285.621
285.812
286.006
286.197
286.393
286.589
286.79
286.993
287.203
287.415
287.638
287.866
288.085
288.259
288.405
288.556
288.723
288.897
289.082
289.275
289.483
289.702
289.943
290.196
290.426
290.573
290.687
290.832
291.021
291.245
291.518
291.816
292.064
292.251
292.433
276.598
275.147
275.085
275.513
275.802
276.002
276.203
276.413
276.617
276.815
277.007
277.195
277.378
277.558
277.732
277.903
278.07
278.238
278.399
278.557
278.71
278.862
279.01
279.159
279.304
279.451
279.595
279.742
279.889
280.039
280.19
280.346
280.499
280.638
280.756
280.881
281.008
281.141
281.274
281.413
281.555
281.705
281.858
282.021
282.188
282.368
282.553
282.736
282.879
283.001
283.133
283.285
283.443
283.616
283.799
283.999
284.211
284.444
284.688
284.919
285.091
285.244
285.424
285.644
285.893
286.182
286.483
286.761
287.018
287.227
341.925
337.099
335.49
335.366
334.977
334.349
333.721
333.126
332.527
331.922
331.31
330.696
330.076
329.454
328.825
328.194
327.559
326.925
326.283
325.637
324.984
324.329
323.67
323.011
322.349
321.69
321.03
320.375
319.72
319.072
318.427
317.791
317.145
316.45
315.703
314.962
314.221
313.483
312.742
312.009
311.277
310.555
309.838
309.134
308.438
307.759
307.093
306.399
305.575
304.668
303.771
302.895
302.028
301.181
300.35
299.549
298.773
298.035
297.333
296.55
295.51
294.363
293.289
292.308
291.412
290.626
289.954
289.006
287.899
287.026
340.109
327.681
318.514
311.924
306.954
303.111
300.133
297.813
295.978
294.5
293.282
292.26
291.385
290.625
289.957
289.367
288.841
288.373
287.953
287.578
287.241
286.94
286.669
286.426
286.208
286.012
285.836
285.677
285.535
285.407
285.292
285.189
285.096
285.013
284.939
284.873
284.814
284.763
284.716
284.675
284.639
284.607
284.579
284.554
284.532
284.513
284.496
284.481
284.468
284.456
284.445
284.436
284.427
284.419
284.412
284.404
284.397
284.389
284.382
284.374
284.365
284.356
284.346
284.336
284.324
284.312
284.298
284.284
284.269
284.254
284.239
284.225
284.212
284.199
284.183
331.919
325.312
319.201
314.435
310.274
306.513
303.267
300.555
298.306
296.445
294.907
293.633
292.568
291.668
290.897
290.229
289.643
289.126
288.664
288.249
287.876
287.539
287.235
286.96
286.712
286.488
286.286
286.105
285.942
285.795
285.662
285.543
285.435
285.338
285.251
285.173
285.102
285.039
284.981
284.93
284.884
284.843
284.806
284.773
284.743
284.717
284.692
284.671
284.651
284.633
284.616
284.601
284.587
284.574
284.561
284.549
284.537
284.525
284.513
284.501
284.488
284.475
284.462
284.447
284.432
284.415
284.398
284.379
284.36
284.339
284.317
284.294
284.271
284.244
284.202
322.988
319.011
314.821
311.759
309.15
306.581
304.138
301.924
299.937
298.158
296.584
295.204
293.998
292.945
292.026
291.225
290.527
289.918
289.384
288.913
288.495
288.122
287.787
287.486
287.215
286.97
286.749
286.55
286.37
286.207
286.059
285.926
285.804
285.694
285.593
285.502
285.42
285.345
285.277
285.215
285.16
285.109
285.064
285.022
284.985
284.951
284.919
284.891
284.864
284.84
284.818
284.797
284.777
284.759
284.741
284.724
284.707
284.69
284.674
284.657
284.64
284.622
284.604
284.586
284.566
284.545
284.522
284.498
284.472
284.444
284.413
284.379
284.342
284.299
284.222
317.153
314.664
311.723
309.503
307.492
305.393
303.344
301.485
299.827
298.344
297.024
295.856
294.817
293.884
293.038
292.27
291.57
290.934
290.355
289.83
289.351
288.916
288.52
288.161
287.838
287.548
287.288
287.057
286.851
286.667
286.503
286.357
286.225
286.105
285.996
285.896
285.803
285.719
285.64
285.568
285.502
285.441
285.385
285.334
285.287
285.244
285.204
285.168
285.134
285.102
285.073
285.046
285.02
284.996
284.972
284.95
284.929
284.907
284.886
284.865
284.844
284.822
284.799
284.776
284.751
284.725
284.697
284.666
284.633
284.595
284.553
284.506
284.453
284.391
284.275
311.844
309.947
307.745
306.318
305.063
303.625
302.114
300.663
299.298
298.018
296.84
295.777
294.829
293.983
293.226
292.547
291.936
291.387
290.889
290.436
290.017
289.626
289.258
288.911
288.584
288.278
287.992
287.728
287.486
287.267
287.068
286.891
286.731
286.589
286.46
286.344
286.238
286.141
286.051
285.969
285.893
285.823
285.758
285.699
285.644
285.593
285.546
285.502
285.46
285.422
285.385
285.351
285.318
285.287
285.257
285.228
285.201
285.174
285.148
285.122
285.096
285.07
285.043
285.015
284.985
284.954
284.921
284.885
284.845
284.8
284.75
284.692
284.626
284.55
284.399
306.88
305.55
303.934
303.107
302.403
301.452
300.372
299.306
298.283
297.302
296.376
295.52
294.735
294.015
293.35
292.737
292.173
291.658
291.188
290.761
290.37
290.011
289.677
289.365
289.072
288.797
288.539
288.299
288.075
287.867
287.676
287.501
287.34
287.193
287.057
286.932
286.814
286.702
286.597
286.496
286.401
286.312
286.228
286.151
286.08
286.014
285.954
285.899
285.847
285.8
285.756
285.714
285.674
285.637
285.601
285.567
285.534
285.503
285.472
285.442
285.412
285.382
285.351
285.32
285.287
285.253
285.216
285.176
285.132
285.083
285.028
284.966
284.894
284.814
284.642
302.742
301.793
300.584
300.163
299.852
299.272
298.534
297.779
297.035
296.299
295.585
294.914
294.289
293.709
293.169
292.666
292.199
291.768
291.369
291.002
290.66
290.34
290.036
289.745
289.467
289.2
288.947
288.708
288.484
288.277
288.087
287.915
287.761
287.622
287.498
287.386
287.283
287.187
287.094
287.005
286.916
286.83
286.746
286.665
286.587
286.513
286.442
286.376
286.314
286.255
286.199
286.146
286.095
286.047
286.001
285.957
285.915
285.875
285.837
285.801
285.767
285.733
285.701
285.669
285.636
285.602
285.566
285.528
285.486
285.441
285.39
285.334
285.269
285.202
285.038
298.975
298.346
297.466
297.381
297.403
297.139
296.696
296.215
295.722
295.213
294.703
294.211
293.745
293.304
292.885
292.489
292.115
291.766
291.44
291.138
290.854
290.585
290.328
290.08
289.839
289.604
289.376
289.157
288.947
288.748
288.561
288.389
288.231
288.088
287.959
287.842
287.736
287.638
287.544
287.454
287.367
287.281
287.198
287.117
287.04
286.967
286.898
286.834
286.773
286.717
286.663
286.612
286.563
286.514
286.467
286.421
286.375
286.331
286.288
286.246
286.207
286.169
286.133
286.098
286.063
286.029
285.995
285.959
285.922
285.883
285.842
285.799
285.752
285.711
285.59
295.857
295.462
294.826
294.98
295.235
295.2
294.977
294.706
294.412
294.088
293.747
293.41
293.082
292.766
292.461
292.167
291.886
291.619
291.368
291.131
290.906
290.69
290.48
290.273
290.067
289.864
289.663
289.467
289.275
289.092
288.919
288.758
288.609
288.475
288.353
288.244
288.144
288.052
287.963
287.877
287.791
287.706
287.62
287.536
287.454
287.375
287.299
287.229
287.162
287.101
287.043
286.989
286.938
286.89
286.843
286.797
286.753
286.711
286.67
286.632
286.596
286.563
286.532
286.504
286.478
286.454
286.431
286.408
286.386
286.364
286.342
286.321
286.302
286.292
286.252
293.295
293.077
292.632
292.968
293.403
293.547
293.502
293.403
293.275
293.108
292.915
292.712
292.509
292.308
292.107
291.908
291.714
291.526
291.345
291.172
291.003
290.838
290.672
290.506
290.336
290.164
289.99
289.816
289.643
289.476
289.315
289.163
289.022
288.894
288.777
288.672
288.576
288.486
288.4
288.316
288.233
288.149
288.065
287.981
287.898
287.818
287.741
287.669
287.6
287.536
287.477
287.42
287.367
287.316
287.266
287.218
287.171
287.125
287.081
287.039
287
286.965
286.934
286.907
286.884
286.864
286.849
286.836
286.826
286.819
286.815
286.815
286.822
286.834
286.879
291.161
291.055
290.724
291.177
291.73
291.997
292.077
292.105
292.102
292.059
291.985
291.896
291.801
291.7
291.594
291.485
291.374
291.263
291.153
291.044
290.934
290.822
290.705
290.582
290.452
290.315
290.172
290.026
289.877
289.73
289.586
289.449
289.321
289.204
289.096
288.999
288.909
288.825
288.744
288.664
288.584
288.503
288.42
288.337
288.255
288.175
288.097
288.023
287.954
287.889
287.828
287.772
287.718
287.668
287.619
287.571
287.525
287.48
287.437
287.396
287.359
287.326
287.297
287.274
287.255
287.242
287.234
287.23
287.23
287.234
287.243
287.255
287.277
287.295
287.375
289.79
289.753
289.516
290.038
290.657
291
291.163
291.279
291.366
291.414
291.43
291.429
291.417
291.396
291.366
291.329
291.285
291.237
291.184
291.127
291.065
290.996
290.917
290.829
290.73
290.621
290.502
290.376
290.244
290.112
289.98
289.853
289.733
289.621
289.518
289.423
289.335
289.251
289.17
289.09
289.009
288.927
288.842
288.758
288.673
288.589
288.508
288.432
288.359
288.291
288.228
288.168
288.112
288.059
288.008
287.958
287.91
287.863
287.818
287.776
287.738
287.704
287.676
287.653
287.637
287.627
287.623
287.625
287.632
287.644
287.66
287.68
287.709
287.733
287.815
288.54
288.487
288.224
288.745
289.383
289.761
289.976
290.156
290.318
290.447
290.548
290.632
290.706
290.769
290.82
290.861
290.891
290.913
290.926
290.93
290.923
290.905
290.873
290.828
290.767
290.693
290.606
290.509
290.403
290.292
290.18
290.07
289.964
289.865
289.772
289.687
289.606
289.529
289.454
289.379
289.302
289.223
289.142
289.059
288.976
288.894
288.814
288.738
288.665
288.597
288.534
288.475
288.419
288.366
288.315
288.266
288.218
288.172
288.128
288.086
288.049
288.017
287.99
287.97
287.957
287.95
287.951
287.957
287.97
287.987
288.009
288.034
288.067
288.095
288.175
288.45
288.339
288.07
288.543
289.132
289.485
289.696
289.889
290.076
290.241
290.385
290.517
290.64
290.754
290.855
290.946
291.023
291.089
291.143
291.184
291.21
291.221
291.216
291.194
291.154
291.097
291.024
290.938
290.842
290.739
290.632
290.525
290.421
290.322
290.229
290.141
290.057
289.977
289.898
289.818
289.737
289.653
289.567
289.48
289.392
289.304
289.219
289.138
289.06
288.987
288.919
288.855
288.795
288.738
288.683
288.631
288.58
288.531
288.485
288.441
288.402
288.369
288.341
288.32
288.307
288.301
288.302
288.31
288.324
288.343
288.367
288.394
288.428
288.456
288.534
287.824
287.485
286.975
287.324
287.867
288.217
288.456
288.7
288.958
289.205
289.436
289.657
289.869
290.068
290.253
290.421
290.573
290.708
290.826
290.925
291.006
291.067
291.107
291.126
291.124
291.102
291.06
291.003
290.932
290.851
290.765
290.676
290.587
290.502
290.42
290.342
290.267
290.194
290.121
290.047
289.971
289.892
289.81
289.726
289.64
289.555
289.472
289.391
289.315
289.242
289.174
289.111
289.051
288.995
288.941
288.889
288.839
288.791
288.745
288.704
288.666
288.634
288.608
288.589
288.577
288.573
288.577
288.587
288.604
288.625
288.652
288.681
288.718
288.747
288.825
289.352
288.666
287.968
288.062
288.372
288.562
288.711
288.916
289.167
289.43
289.693
289.954
290.209
290.452
290.678
290.885
291.07
291.233
291.374
291.491
291.584
291.654
291.7
291.722
291.72
291.696
291.652
291.589
291.512
291.425
291.33
291.232
291.135
291.039
290.947
290.858
290.772
290.687
290.603
290.519
290.432
290.342
290.251
290.157
290.063
289.97
289.878
289.789
289.704
289.624
289.548
289.478
289.411
289.348
289.288
289.231
289.176
289.124
289.075
289.03
288.989
288.954
288.926
288.905
288.892
288.887
288.89
288.899
288.915
288.936
288.963
288.992
289.027
289.056
289.131
288.452
287.133
286.005
286.076
286.469
286.742
286.993
287.323
287.707
288.103
288.494
288.878
289.249
289.601
289.929
290.231
290.504
290.748
290.961
291.145
291.298
291.422
291.516
291.581
291.619
291.632
291.62
291.587
291.537
291.474
291.401
291.323
291.242
291.161
291.082
291.004
290.928
290.852
290.775
290.696
290.614
290.53
290.442
290.353
290.262
290.171
290.082
289.995
289.911
289.832
289.757
289.687
289.621
289.558
289.497
289.44
289.385
289.333
289.284
289.239
289.199
289.166
289.139
289.121
289.11
289.107
289.111
289.123
289.141
289.165
289.193
289.225
289.262
289.293
289.368
291.759
288.768
286.893
286.474
286.616
286.864
287.212
287.679
288.21
288.751
289.271
289.76
290.212
290.622
290.989
291.312
291.593
291.834
292.035
292.198
292.325
292.418
292.479
292.511
292.514
292.491
292.446
292.38
292.299
292.206
292.104
291.999
291.892
291.787
291.684
291.584
291.486
291.39
291.293
291.196
291.097
290.996
290.893
290.788
290.684
290.581
290.479
290.382
290.288
290.199
290.115
290.036
289.96
289.889
289.82
289.754
289.692
289.633
289.577
289.527
289.483
289.446
289.416
289.394
289.381
289.377
289.381
289.392
289.409
289.433
289.461
289.492
289.53
289.56
289.63
287.23
285.217
283.876
283.314
283.369
283.832
284.477
285.194
285.955
286.728
287.477
288.18
288.829
289.42
289.951
290.423
290.837
291.196
291.502
291.757
291.965
292.128
292.25
292.333
292.382
292.4
292.389
292.355
292.301
292.232
292.152
292.065
291.975
291.885
291.795
291.706
291.617
291.529
291.44
291.348
291.254
291.156
291.056
290.954
290.851
290.748
290.648
290.551
290.458
290.37
290.285
290.206
290.129
290.056
289.985
289.918
289.853
289.792
289.735
289.683
289.638
289.601
289.572
289.552
289.541
289.539
289.546
289.56
289.581
289.608
289.64
289.677
289.721
289.759
289.835
273.9
274.094
277.677
279.566
281.225
283.094
284.833
286.327
287.618
288.725
289.655
290.431
291.082
291.627
292.081
292.457
292.765
293.015
293.212
293.362
293.468
293.534
293.565
293.562
293.531
293.474
293.394
293.295
293.182
293.058
292.928
292.795
292.663
292.534
292.408
292.287
292.17
292.054
291.94
291.826
291.709
291.592
291.473
291.353
291.234
291.117
291.004
290.895
290.792
290.693
290.6
290.511
290.425
290.342
290.262
290.185
290.11
290.04
289.974
289.915
289.863
289.82
289.787
289.763
289.75
289.746
289.751
289.765
289.786
289.813
289.848
289.887
289.938
289.981
290.101
267.349
266.951
265.39
268.448
272.792
276.17
278.793
281.189
283.384
285.261
286.812
288.102
289.182
290.083
290.829
291.445
291.95
292.361
292.691
292.95
293.146
293.288
293.381
293.431
293.442
293.42
293.369
293.295
293.201
293.093
292.976
292.854
292.731
292.609
292.491
292.376
292.264
292.154
292.044
291.932
291.818
291.7
291.579
291.456
291.332
291.211
291.094
290.982
290.876
290.776
290.681
290.59
290.503
290.418
290.335
290.254
290.177
290.103
290.034
289.973
289.919
289.875
289.841
289.818
289.805
289.802
289.808
289.824
289.848
289.88
289.921
289.969
290.038
290.093
290.312
269.577
270.456
270.274
275.495
280.697
283.662
285.543
287.252
288.785
289.997
290.925
291.663
292.265
292.756
293.153
293.474
293.73
293.933
294.086
294.195
294.265
294.299
294.3
294.27
294.211
294.127
294.021
293.896
293.757
293.608
293.452
293.296
293.141
292.99
292.845
292.707
292.575
292.449
292.326
292.205
292.082
291.958
291.832
291.706
291.58
291.456
291.336
291.22
291.111
291.007
290.909
290.815
290.723
290.634
290.546
290.46
290.376
290.296
290.22
290.152
290.093
290.043
290.004
289.976
289.96
289.954
289.958
289.97
289.991
290.02
290.055
290.097
290.154
290.204
290.352
285.297
283.886
282.42
283.681
285.358
286.324
287.006
287.785
288.613
289.37
290.042
290.655
291.221
291.738
292.203
292.618
292.981
293.294
293.557
293.772
293.94
294.064
294.146
294.189
294.193
294.165
294.105
294.019
293.912
293.788
293.652
293.511
293.368
293.228
293.092
292.962
292.836
292.713
292.591
292.467
292.341
292.211
292.078
291.942
291.805
291.669
291.538
291.411
291.291
291.177
291.069
290.966
290.866
290.769
290.673
290.579
290.487
290.399
290.315
290.239
290.172
290.114
290.068
290.033
290.01
289.998
289.996
290.003
290.017
290.037
290.063
290.092
290.124
290.157
290.189
289.732
288.721
288.302
288.846
289.765
290.595
291.319
292.021
292.691
293.284
293.79
294.224
294.597
294.917
295.187
295.412
295.594
295.737
295.84
295.906
295.936
295.931
295.894
295.826
295.728
295.604
295.455
295.285
295.098
294.9
294.694
294.485
294.279
294.079
293.887
293.706
293.533
293.367
293.206
293.048
292.889
292.73
292.568
292.406
292.245
292.086
291.932
291.784
291.644
291.511
291.385
291.265
291.149
291.037
290.927
290.819
290.713
290.61
290.513
290.423
290.342
290.271
290.211
290.163
290.128
290.104
290.091
290.087
290.09
290.099
290.113
290.129
290.146
290.165
290.163
288.33
288.62
288.55
289.603
290.883
291.833
292.527
293.124
293.659
294.114
294.488
294.802
295.068
295.297
295.493
295.661
295.802
295.916
296.003
296.061
296.089
296.087
296.055
295.994
295.905
295.788
295.646
295.483
295.3
295.103
294.897
294.686
294.475
294.269
294.07
293.879
293.697
293.523
293.354
293.19
293.025
292.86
292.693
292.525
292.356
292.191
292.029
291.874
291.726
291.586
291.452
291.325
291.203
291.084
290.967
290.852
290.74
290.631
290.526
290.428
290.339
290.26
290.192
290.137
290.093
290.062
290.042
290.032
290.03
290.035
290.045
290.059
290.079
290.096
290.14
293.994
293.983
293.912
294.55
295.282
295.755
296.075
296.371
296.652
296.889
297.076
297.224
297.341
297.432
297.501
297.552
297.585
297.601
297.595
297.566
297.512
297.432
297.326
297.195
297.04
296.861
296.662
296.444
296.21
295.965
295.713
295.459
295.208
294.963
294.728
294.503
294.289
294.084
293.885
293.69
293.497
293.304
293.111
292.919
292.727
292.54
292.357
292.181
292.012
291.853
291.701
291.556
291.417
291.282
291.15
291.02
290.894
290.77
290.652
290.54
290.437
290.344
290.263
290.194
290.138
290.095
290.064
290.043
290.032
290.029
290.033
290.042
290.06
290.076
290.14
295.599
295.407
295.004
295.679
296.513
297.023
297.341
297.623
297.876
298.068
298.198
298.278
298.319
298.333
298.325
298.303
298.267
298.219
298.155
298.073
297.969
297.844
297.697
297.528
297.338
297.129
296.902
296.659
296.403
296.139
295.87
295.601
295.336
295.079
294.832
294.596
294.371
294.155
293.945
293.741
293.539
293.338
293.138
292.94
292.743
292.55
292.362
292.181
292.007
291.841
291.684
291.533
291.388
291.247
291.109
290.974
290.842
290.713
290.589
290.471
290.362
290.262
290.174
290.098
290.035
289.985
289.946
289.919
289.902
289.894
289.894
289.901
289.919
289.935
290.006
300.522
300.066
299.593
299.988
300.487
300.7
300.758
300.801
300.831
300.816
300.752
300.65
300.524
300.381
300.23
300.075
299.919
299.759
299.592
299.415
299.224
299.019
298.799
298.565
298.315
298.051
297.773
297.482
297.181
296.875
296.566
296.26
295.96
295.67
295.39
295.122
294.864
294.617
294.377
294.144
293.915
293.689
293.466
293.245
293.028
292.815
292.608
292.408
292.216
292.032
291.856
291.688
291.526
291.369
291.216
291.066
290.92
290.778
290.641
290.51
290.388
290.275
290.173
290.084
290.007
289.943
289.891
289.851
289.821
289.802
289.792
289.79
289.801
289.812
289.876
302.899
302.395
301.734
302.052
302.501
302.65
302.633
302.595
302.54
302.435
302.277
302.079
301.855
301.616
301.37
301.123
300.877
300.63
300.381
300.125
299.861
299.588
299.306
299.015
298.713
298.403
298.083
297.755
297.422
297.087
296.754
296.426
296.106
295.797
295.499
295.213
294.938
294.674
294.418
294.171
293.929
293.693
293.46
293.232
293.007
292.787
292.572
292.365
292.164
291.972
291.788
291.612
291.442
291.278
291.118
290.963
290.811
290.663
290.52
290.383
290.254
290.134
290.024
289.925
289.839
289.764
289.701
289.65
289.609
289.579
289.559
289.549
289.553
289.559
289.621
307.329
306.638
305.872
305.949
306.13
306.045
305.815
305.576
305.326
305.036
304.701
304.336
303.952
303.561
303.17
302.788
302.415
302.052
301.695
301.342
300.989
300.636
300.279
299.919
299.554
299.185
298.811
298.434
298.056
297.68
297.309
296.947
296.594
296.253
295.923
295.607
295.301
295.009
294.726
294.453
294.188
293.931
293.678
293.432
293.189
292.952
292.72
292.496
292.279
292.07
291.87
291.678
291.492
291.314
291.141
290.972
290.808
290.648
290.493
290.345
290.203
290.07
289.946
289.833
289.731
289.64
289.56
289.491
289.433
289.386
289.349
289.323
289.313
289.307
289.358
310.42
309.645
308.72
308.654
308.699
308.473
308.104
307.721
307.332
306.903
306.434
305.936
305.425
304.909
304.399
303.9
303.419
302.953
302.503
302.063
301.633
301.208
300.788
300.368
299.951
299.532
299.115
298.698
298.287
297.88
297.484
297.096
296.721
296.358
296.009
295.672
295.349
295.038
294.74
294.452
294.175
293.905
293.643
293.386
293.135
292.888
292.647
292.412
292.186
291.968
291.759
291.557
291.364
291.178
290.997
290.821
290.65
290.483
290.322
290.165
290.015
289.873
289.739
289.614
289.498
289.392
289.296
289.209
289.132
289.064
289.007
288.961
288.93
288.91
288.936
314.833
313.866
312.788
312.471
312.244
311.773
311.176
310.577
309.978
309.352
308.695
308.021
307.342
306.671
306.014
305.382
304.775
304.195
303.639
303.103
302.582
302.075
301.578
301.089
300.606
300.129
299.658
299.195
298.74
298.296
297.865
297.446
297.041
296.65
296.273
295.912
295.564
295.232
294.913
294.606
294.311
294.025
293.746
293.474
293.208
292.947
292.692
292.444
292.204
291.973
291.75
291.536
291.329
291.13
290.936
290.748
290.563
290.384
290.209
290.04
289.877
289.721
289.572
289.431
289.298
289.174
289.056
288.947
288.846
288.752
288.666
288.591
288.525
288.479
288.43
318.493
317.367
316.077
315.539
315.095
314.414
313.612
312.813
312.019
311.207
310.375
309.536
308.705
307.893
307.109
306.361
305.649
304.974
304.331
303.715
303.121
302.545
301.985
301.438
300.903
300.38
299.868
299.369
298.884
298.414
297.958
297.518
297.093
296.684
296.291
295.913
295.551
295.204
294.87
294.55
294.241
293.941
293.648
293.363
293.083
292.811
292.545
292.288
292.039
291.799
291.569
291.347
291.133
290.926
290.725
290.529
290.338
290.151
289.969
289.792
289.621
289.455
289.295
289.142
288.993
288.851
288.713
288.58
288.452
288.327
288.207
288.092
287.979
287.885
287.729
323.197
321.811
320.287
319.427
318.648
317.659
316.569
315.496
314.445
313.393
312.341
311.302
310.289
309.314
308.383
307.504
306.675
305.895
305.155
304.452
303.777
303.129
302.501
301.893
301.303
300.73
300.174
299.635
299.113
298.61
298.125
297.657
297.208
296.777
296.363
295.968
295.589
295.227
294.88
294.546
294.224
293.911
293.607
293.31
293.021
292.739
292.465
292.199
291.942
291.693
291.452
291.218
290.991
290.77
290.554
290.343
290.136
289.935
289.739
289.548
289.363
289.184
289.01
288.841
288.677
288.517
288.361
288.207
288.056
287.905
287.756
287.605
287.452
287.306
287.071
327.254
325.597
323.751
322.561
321.465
320.177
318.807
317.47
316.177
314.91
313.667
312.461
311.302
310.2
309.158
308.18
307.261
306.397
305.579
304.801
304.057
303.344
302.658
301.999
301.364
300.753
300.166
299.602
299.061
298.542
298.045
297.568
297.111
296.674
296.253
295.851
295.463
295.09
294.729
294.38
294.04
293.709
293.387
293.074
292.769
292.473
292.187
291.912
291.645
291.389
291.141
290.901
290.669
290.444
290.226
290.014
289.809
289.609
289.415
289.227
289.044
288.865
288.691
288.521
288.354
288.189
288.025
287.863
287.699
287.534
287.366
287.193
287.012
286.828
286.558
332.455
330.361
328.087
326.381
324.784
323.055
321.294
319.606
317.998
316.449
314.958
313.537
312.194
310.937
309.766
308.681
307.673
306.734
305.854
305.025
304.237
303.486
302.767
302.078
301.415
300.778
300.164
299.574
299.006
298.461
297.937
297.434
296.952
296.491
296.049
295.626
295.22
294.83
294.456
294.096
293.748
293.414
293.092
292.781
292.482
292.194
291.916
291.648
291.39
291.14
290.897
290.662
290.434
290.212
289.995
289.785
289.58
289.381
289.186
288.996
288.811
288.629
288.451
288.276
288.103
287.933
287.763
287.594
287.423
287.251
287.074
286.892
286.701
286.499
286.233
336.803
334.279
331.464
329.222
327.118
324.92
322.747
320.716
318.834
317.078
315.436
313.908
312.491
311.178
309.96
308.828
307.769
306.774
305.832
304.937
304.083
303.269
302.492
301.752
301.046
300.376
299.738
299.134
298.56
298.017
297.501
297.011
296.545
296.102
295.678
295.273
294.884
294.51
294.149
293.801
293.465
293.14
292.827
292.524
292.23
291.947
291.673
291.407
291.15
290.9
290.658
290.423
290.195
289.973
289.758
289.549
289.345
289.147
288.953
288.765
288.58
288.399
288.222
288.048
287.877
287.707
287.539
287.372
287.204
287.035
286.862
286.686
286.502
286.304
286.069
342.417
338.656
334.796
331.681
328.911
326.232
323.703
321.384
319.253
317.28
315.453
313.767
312.216
310.791
309.48
308.273
307.158
306.125
305.163
304.267
303.427
302.639
301.898
301.199
300.537
299.911
299.315
298.749
298.209
297.694
297.201
296.729
296.277
295.842
295.424
295.021
294.633
294.26
293.9
293.553
293.218
292.895
292.584
292.283
291.993
291.712
291.441
291.179
290.924
290.678
290.439
290.208
289.983
289.764
289.552
289.345
289.144
288.948
288.757
288.57
288.387
288.208
288.033
287.861
287.692
287.526
287.362
287.2
287.038
286.877
286.715
286.552
286.385
286.207
286.018
347.331
342.33
337.388
333.308
329.623
326.187
323.096
320.382
318
315.904
314.055
312.42
310.963
309.656
308.469
307.383
306.378
305.442
304.563
303.735
302.95
302.205
301.497
300.823
300.18
299.567
298.982
298.424
297.89
297.38
296.892
296.425
295.977
295.547
295.134
294.738
294.357
293.99
293.637
293.297
292.969
292.653
292.348
292.053
291.768
291.492
291.226
290.968
290.717
290.475
290.24
290.012
289.79
289.575
289.365
289.162
288.964
288.77
288.582
288.398
288.218
288.043
287.871
287.702
287.537
287.375
287.216
287.059
286.905
286.753
286.603
286.455
286.308
286.155
286.016
353.276
343.649
336.387
330.94
326.654
323.182
320.333
317.964
315.954
314.215
312.678
311.297
310.035
308.87
307.784
306.767
305.808
304.904
304.047
303.237
302.468
301.739
301.046
300.387
299.76
299.164
298.594
298.051
297.531
297.034
296.558
296.102
295.664
295.244
294.84
294.452
294.079
293.72
293.373
293.04
292.718
292.408
292.108
291.819
291.539
291.269
291.007
290.754
290.508
290.27
290.039
289.816
289.598
289.387
289.181
288.982
288.787
288.598
288.413
288.232
288.056
287.884
287.715
287.551
287.389
287.231
287.077
286.925
286.777
286.633
286.494
286.36
286.231
286.105
286.012
80.9388
84.7424
91.1385
96.2802
100.748
105.217
109.686
114.048
118.3
122.463
126.547
130.555
134.489
138.354
142.152
145.886
149.562
153.201
156.789
160.315
163.774
167.167
170.485
173.73
176.895
179.981
182.983
185.904
188.738
191.49
194.155
196.742
199.262
201.739
204.203
206.631
208.997
211.287
213.498
215.636
217.697
219.687
221.601
223.445
225.217
226.923
228.572
230.19
231.766
233.334
234.889
236.396
237.825
239.184
240.478
241.711
242.884
244.007
245.115
246.185
247.185
248.182
249.174
250.112
250.975
251.799
252.686
253.422
253.942
254.591
264.228
266.257
266.276
265.599
265.136
264.814
264.471
264.112
263.752
263.405
263.056
262.713
262.365
262.021
261.671
261.323
260.968
260.605
260.229
259.848
259.461
259.077
258.693
258.318
257.948
257.592
257.246
256.918
256.605
256.313
256.038
255.792
255.577
255.285
254.915
254.575
254.263
253.973
253.7
253.454
253.233
253.043
252.881
252.755
252.662
252.608
252.604
252.637
252.47
252.174
251.975
251.854
251.771
251.73
251.737
251.798
251.912
252.091
252.385
252.609
252.463
252.243
252.248
252.396
252.63
252.993
253.68
253.77
253.548
253.615
183.506
185.564
187.073
188.31
189.591
190.924
192.256
193.586
194.917
196.255
197.596
198.945
200.298
201.66
203.028
204.408
205.798
207.201
208.614
210.037
211.465
212.904
214.347
215.797
217.251
218.709
220.167
221.627
223.085
224.542
225.995
227.446
228.877
230.349
231.853
233.334
234.811
236.292
237.766
239.236
240.695
242.149
243.59
245.022
246.441
247.85
249.24
250.61
252.048
253.527
254.951
256.365
257.767
259.154
260.518
261.866
263.193
264.505
265.783
267.063
268.438
269.822
271.127
272.407
273.662
274.898
276.056
277.339
278.786
279.881
264.358
264.85
265.136
265.355
265.597
265.858
266.118
266.38
266.643
266.909
267.174
267.442
267.709
267.978
268.246
268.516
268.782
269.047
269.308
269.57
269.831
270.096
270.362
270.635
270.911
271.197
271.487
271.788
272.097
272.418
272.748
273.094
273.442
273.781
274.091
274.393
274.704
275.03
275.363
275.71
276.067
276.44
276.825
277.229
277.646
278.085
278.538
278.99
279.417
279.797
280.158
280.549
280.962
281.4
281.855
282.338
282.843
283.382
283.928
284.469
284.972
285.404
285.832
286.321
286.868
287.474
288.051
288.709
289.339
289.853
220.867
221.794
222.811
223.75
224.66
225.576
226.492
227.407
228.318
229.229
230.138
231.05
231.959
232.871
233.781
234.696
235.61
236.527
237.443
238.36
239.277
240.196
241.114
242.035
242.955
243.877
244.798
245.723
246.645
247.571
248.496
249.426
250.347
251.278
252.202
253.117
254.034
254.957
255.877
256.801
257.723
258.649
259.574
260.504
261.433
262.368
263.302
264.23
265.168
266.095
266.999
267.917
268.837
269.763
270.689
271.622
272.557
273.504
274.442
275.379
276.334
277.258
278.156
279.078
280.015
280.974
281.879
282.904
283.948
284.805
258.228
258.694
259.204
259.681
260.146
260.618
261.091
261.567
262.043
262.521
262.999
263.478
263.956
264.436
264.914
265.393
265.87
266.347
266.819
267.292
267.762
268.236
268.706
269.182
269.656
270.137
270.617
271.104
271.592
272.088
272.586
273.095
273.602
274.098
274.57
275.037
275.507
275.986
276.464
276.951
277.439
277.938
278.44
278.955
279.473
280.007
280.547
281.088
281.59
282.052
282.502
282.974
283.457
283.955
284.462
284.989
285.529
286.094
286.671
287.232
287.722
288.154
288.596
289.092
289.63
290.224
290.824
291.401
291.936
292.378
239.51
240.173
240.992
241.759
242.493
243.23
243.969
244.71
245.45
246.192
246.934
247.678
248.422
249.168
249.915
250.667
251.419
252.174
252.93
253.689
254.448
255.211
255.974
256.742
257.508
258.279
259.049
259.824
260.597
261.376
262.153
262.938
263.716
264.499
265.269
266.035
266.8
267.574
268.344
269.12
269.893
270.674
271.453
272.239
273.024
273.818
274.612
275.403
276.186
276.952
277.702
278.467
279.234
280.01
280.786
281.574
282.364
283.17
283.973
284.77
285.548
286.295
287.031
287.797
288.582
289.397
290.189
291.024
291.861
292.546
259.216
259.667
260.245
260.798
261.33
261.866
262.407
262.953
263.499
264.05
264.602
265.157
265.712
266.27
266.828
267.388
267.947
268.508
269.064
269.623
270.179
270.738
271.295
271.856
272.416
272.981
273.546
274.117
274.687
275.264
275.842
276.429
277.012
277.59
278.15
278.707
279.265
279.83
280.394
280.966
281.537
282.117
282.697
283.287
283.88
284.484
285.091
285.699
286.28
286.834
287.376
287.936
288.501
289.08
289.664
290.263
290.87
291.497
292.13
292.752
293.325
293.857
294.391
294.967
295.573
296.221
296.866
297.509
298.132
298.637
252.723
253.272
254
254.689
255.346
256.006
256.67
257.338
258.006
258.678
259.349
260.024
260.699
261.377
262.055
262.738
263.42
264.106
264.789
265.476
266.161
266.85
267.536
268.227
268.914
269.607
270.297
270.992
271.685
272.384
273.081
273.785
274.484
275.184
275.871
276.556
277.239
277.93
278.618
279.313
280.005
280.704
281.402
282.108
282.813
283.527
284.241
284.954
285.654
286.339
287.009
287.693
288.381
289.077
289.775
290.485
291.198
291.927
292.654
293.376
294.072
294.74
295.402
296.094
296.805
297.546
298.271
299.023
299.773
300.383
264.583
265.024
265.635
266.224
266.785
267.353
267.926
268.507
269.088
269.675
270.261
270.852
271.44
272.033
272.623
273.216
273.807
274.399
274.987
275.577
276.163
276.752
277.338
277.928
278.516
279.108
279.698
280.294
280.888
281.489
282.088
282.694
283.296
283.896
284.481
285.063
285.645
286.234
286.82
287.412
288.004
288.602
289.2
289.806
290.412
291.028
291.646
292.263
292.861
293.439
294.004
294.585
295.17
295.765
296.363
296.974
297.591
298.224
298.86
299.487
300.078
300.639
301.198
301.791
302.407
303.056
303.698
304.346
304.986
305.497
264.149
264.622
265.291
265.93
266.535
267.145
267.762
268.387
269.013
269.645
270.276
270.913
271.548
272.189
272.828
273.472
274.114
274.76
275.402
276.048
276.691
277.337
277.979
278.625
279.268
279.915
280.559
281.208
281.854
282.505
283.155
283.811
284.461
285.112
285.75
286.386
287.021
287.662
288.299
288.943
289.584
290.231
290.877
291.529
292.181
292.841
293.501
294.159
294.805
295.436
296.055
296.686
297.32
297.962
298.606
299.259
299.916
300.587
301.257
301.921
302.562
303.18
303.793
304.434
305.092
305.778
306.457
307.147
307.833
308.378
272.849
273.258
273.86
274.442
274.995
275.557
276.127
276.706
277.288
277.876
278.463
279.057
279.648
280.245
280.839
281.438
282.034
282.633
283.226
283.823
284.414
285.009
285.598
286.192
286.781
287.374
287.964
288.558
289.15
289.746
290.34
290.941
291.536
292.13
292.711
293.29
293.868
294.451
295.031
295.616
296.199
296.788
297.376
297.97
298.564
299.165
299.767
300.367
300.953
301.525
302.084
302.656
303.23
303.813
304.398
304.993
305.591
306.202
306.814
307.419
307.999
308.555
309.107
309.686
310.284
310.909
311.526
312.152
312.776
313.263
275.567
276.008
276.656
277.283
277.879
278.484
279.094
279.713
280.33
280.952
281.57
282.192
282.809
283.428
284.042
284.658
285.268
285.88
286.486
287.093
287.695
288.299
288.898
289.5
290.098
290.699
291.297
291.899
292.498
293.101
293.702
294.308
294.908
295.508
296.099
296.686
297.272
297.863
298.451
299.044
299.634
300.23
300.824
301.423
302.022
302.627
303.232
303.835
304.428
305.011
305.582
306.162
306.745
307.336
307.927
308.527
309.13
309.743
310.356
310.963
311.553
312.124
312.69
313.278
313.881
314.505
315.118
315.749
316.387
316.884
283.455
283.884
284.527
285.158
285.758
286.365
286.973
287.587
288.192
288.799
289.395
289.992
290.578
291.163
291.739
292.316
292.886
293.456
294.02
294.585
295.145
295.706
296.263
296.822
297.378
297.936
298.491
299.049
299.604
300.163
300.72
301.282
301.837
302.393
302.941
303.486
304.028
304.575
305.12
305.668
306.215
306.766
307.316
307.87
308.424
308.984
309.543
310.1
310.648
311.186
311.714
312.249
312.787
313.331
313.876
314.428
314.983
315.548
316.111
316.668
317.209
317.733
318.251
318.788
319.339
319.908
320.467
321.04
321.62
322.06
287.585
288.009
288.662
289.301
289.905
290.514
291.12
291.729
292.328
292.927
293.515
294.101
294.679
295.257
295.829
296.402
296.969
297.538
298.102
298.668
299.23
299.793
300.352
300.913
301.471
302.031
302.587
303.147
303.703
304.262
304.819
305.38
305.935
306.491
307.04
307.586
308.129
308.676
309.221
309.769
310.315
310.865
311.413
311.965
312.516
313.073
313.628
314.181
314.728
315.269
315.798
316.333
316.87
317.414
317.957
318.507
319.059
319.619
320.176
320.73
321.273
321.804
322.327
322.867
323.418
323.983
324.538
325.112
325.699
326.142
295.773
296.155
296.765
297.362
297.924
298.487
299.045
299.602
300.152
300.7
301.241
301.784
302.32
302.86
303.395
303.934
304.468
305.006
305.539
306.075
306.606
307.141
307.67
308.203
308.731
309.263
309.79
310.321
310.848
311.378
311.905
312.437
312.961
313.487
314.007
314.525
315.039
315.556
316.071
316.589
317.103
317.622
318.138
318.658
319.176
319.699
320.219
320.738
321.25
321.76
322.258
322.761
323.265
323.774
324.283
324.798
325.313
325.837
326.356
326.871
327.377
327.875
328.362
328.863
329.373
329.896
330.407
330.937
331.482
331.873
300.07
300.41
300.986
301.545
302.071
302.598
303.126
303.657
304.186
304.719
305.249
305.783
306.314
306.85
307.383
307.92
308.454
308.992
309.525
310.063
310.595
311.132
311.664
312.2
312.731
313.267
313.797
314.333
314.863
315.399
315.93
316.466
316.994
317.527
318.054
318.579
319.1
319.625
320.146
320.672
321.193
321.72
322.242
322.77
323.294
323.824
324.351
324.876
325.396
325.918
326.426
326.94
327.452
327.971
328.488
329.011
329.533
330.063
330.588
331.11
331.627
332.141
332.643
333.155
333.674
334.203
334.72
335.258
335.818
336.22
310.489
310.781
311.299
311.807
312.285
312.764
313.245
313.731
314.214
314.701
315.187
315.676
316.162
316.653
317.14
317.631
318.118
318.609
319.095
319.585
320.07
320.559
321.043
321.531
322.014
322.501
322.983
323.469
323.95
324.436
324.916
325.402
325.879
326.36
326.836
327.312
327.782
328.257
328.726
329.2
329.669
330.142
330.61
331.083
331.551
332.024
332.492
332.96
333.42
333.884
334.336
334.791
335.244
335.702
336.156
336.615
337.072
337.535
337.991
338.444
338.891
339.338
339.771
340.213
340.658
341.113
341.557
342.013
342.497
342.81
314.759
314.876
315.32
315.77
316.179
316.582
316.985
317.391
317.793
318.198
318.599
319.003
319.405
319.811
320.215
320.623
321.029
321.442
321.855
322.275
322.694
323.12
323.546
323.979
324.412
324.853
325.295
325.745
326.194
326.653
327.113
327.581
328.043
328.517
328.998
329.478
329.956
330.443
330.931
331.428
331.926
332.432
332.939
333.456
333.973
334.501
335.025
335.546
336.081
336.634
337.164
337.7
338.238
338.786
339.335
339.894
340.455
341.026
341.581
342.135
342.725
343.326
343.888
344.46
345.044
345.635
346.176
346.833
347.538
347.937
331.72
331.392
331.149
331.006
330.905
330.838
330.805
330.806
330.839
330.903
330.994
331.116
331.261
331.434
331.629
331.846
332.076
332.336
332.618
332.92
333.235
333.571
333.918
334.284
334.66
335.054
335.458
335.878
336.306
336.752
337.211
337.665
338.01
338.493
339.107
339.622
340.117
340.631
341.151
341.682
342.216
342.76
343.305
343.862
344.426
345.005
345.506
345.833
346.463
347.31
347.911
348.476
349.055
349.65
350.242
350.847
351.467
352.08
352.451
352.72
353.602
354.657
355.3
355.911
356.577
357.127
357.036
358.234
359.676
359.392
-1.53922
-7.55353
-10.4653
-15.2136
-20.7992
-26.1529
-30.8314
-34.4475
-36.3868
-35.161
-35.7663
-44.6654
-46.2421
-45.681
-45.8479
-46.2647
-46.491
-46.5486
-46.5041
-46.3531
-46.0879
-45.7021
-45.1981
-44.5714
-43.8233
-42.9488
-41.9483
-40.8273
-39.6577
-38.3317
-35.9339
-37.6884
-38.4895
-37.207
-35.7824
-34.5897
-33.3864
-32.0948
-30.7465
-29.3537
-27.9157
-26.4288
-24.8957
-23.3156
-21.6906
-20.0197
-18.3051
-16.5461
-14.7443
-12.8992
-11.0207
-9.12079
-7.20387
-5.26704
-3.31011
-1.33213
0.666214
2.68774
4.7312
6.75428
8.59833
11.3625
12.7412
14.1838
16.1552
18.187
20.1595
22.1301
24.1203
26.122
28.1294
30.142
32.159
34.1791
36.201
38.2234
40.2454
42.2656
44.2834
46.2973
48.3069
50.3104
52.3081
54.2987
56.2824
58.2577
60.2253
62.1834
64.1329
66.0717
68.0013
69.9188
71.8262
73.7207
75.6049
77.4743
79.3127
81.111
83.2583
87.6877
313.547
314.588
315.156
315.877
316.67
317.388
317.95
318.289
318.417
318.454
318.12
317.76
317.761
317.754
317.628
317.411
317.123
316.764
316.334
315.832
315.262
314.625
313.922
313.156
312.329
311.443
310.5
309.499
308.446
307.457
306.437
305.424
304.653
303.977
303.253
302.48
301.676
300.848
299.995
299.118
298.217
297.297
296.358
295.401
294.428
293.442
292.443
291.433
290.413
289.385
288.358
287.346
286.353
285.378
284.421
283.484
282.566
281.67
280.792
279.937
279.159
278.355
277.473
276.749
276.137
275.538
274.942
274.364
273.808
273.274
272.759
272.265
271.792
271.342
270.913
270.508
270.124
269.765
269.428
269.116
268.828
268.56
268.305
268.06
267.825
267.599
267.38
267.167
266.959
266.753
266.549
266.345
266.14
265.934
265.724
265.511
265.292
265.075
264.876
264.172
154.476
153.437
152.541
151.579
150.612
149.705
148.885
148.172
147.593
147.135
146.711
146.299
145.879
145.508
145.193
144.924
144.7
144.518
144.381
144.285
144.231
144.217
144.243
144.307
144.409
144.546
144.719
144.926
145.167
145.445
145.702
145.946
146.192
146.461
146.761
147.088
147.439
147.813
148.211
148.63
149.07
149.53
150.009
150.507
151.022
151.554
152.102
152.665
153.242
153.833
154.436
155.051
155.676
156.31
156.951
157.6
158.254
158.913
159.574
160.237
160.909
161.56
162.207
162.864
163.524
164.182
164.836
165.486
166.13
166.768
167.397
168.018
168.627
169.226
169.812
170.386
170.944
171.488
172.014
172.524
173.015
173.492
173.96
174.423
174.883
175.347
175.815
176.288
176.764
177.249
177.738
178.238
178.743
179.26
179.785
180.322
180.87
181.432
182.007
182.081
239.763
240.251
240.683
241.156
241.641
242.11
242.55
242.95
243.297
243.599
243.896
244.222
244.562
244.882
245.183
245.47
245.744
246.003
246.248
246.479
246.696
246.9
247.09
247.267
247.431
247.583
247.723
247.851
247.967
248.074
248.196
248.346
248.517
248.684
248.841
248.992
249.138
249.281
249.418
249.552
249.682
249.809
249.934
250.056
250.176
250.295
250.413
250.53
250.648
250.765
250.884
251.003
251.124
251.247
251.371
251.499
251.63
251.764
251.902
252.044
252.191
252.351
252.522
252.709
252.904
253.103
253.306
253.516
253.733
253.957
254.188
254.427
254.674
254.929
255.193
255.467
255.749
256.043
256.346
256.66
256.985
257.322
257.671
258.034
258.404
258.78
259.159
259.541
259.922
260.302
260.68
261.057
261.432
261.805
262.174
262.542
262.906
263.265
263.625
263.934
191.12
190.762
190.45
190.12
189.794
189.494
189.224
188.989
188.796
188.644
188.506
188.378
188.26
188.165
188.092
188.041
188.009
187.998
188.008
188.036
188.085
188.153
188.24
188.346
188.47
188.613
188.773
188.951
189.147
189.36
189.576
189.795
190.023
190.263
190.519
190.789
191.073
191.369
191.678
191.999
192.332
192.675
193.031
193.396
193.772
194.157
194.553
194.957
195.37
195.791
196.221
196.657
197.101
197.552
198.009
198.472
198.94
199.414
199.892
200.375
200.863
201.348
201.838
202.332
202.827
203.325
203.824
204.325
204.827
205.329
205.831
206.333
206.835
207.335
207.835
208.332
208.828
209.321
209.812
210.3
210.784
211.265
211.742
212.215
212.683
213.145
213.603
214.061
214.525
214.998
215.476
215.962
216.455
216.957
217.466
217.987
218.516
219.055
219.61
220.043
212.867
213.224
213.567
213.925
214.295
214.67
215.046
215.422
215.795
216.164
216.538
216.918
217.307
217.698
218.093
218.491
218.893
219.297
219.706
220.116
220.531
220.947
221.367
221.789
222.214
222.641
223.071
223.502
223.936
224.37
224.813
225.264
225.723
226.185
226.649
227.115
227.585
228.057
228.532
229.008
229.488
229.969
230.453
230.938
231.426
231.915
232.406
232.898
233.392
233.887
234.384
234.881
235.38
235.879
236.379
236.879
237.381
237.882
238.383
238.885
239.387
239.889
240.393
240.899
241.405
241.91
242.415
242.918
243.422
243.924
244.426
244.927
245.427
245.926
246.424
246.921
247.417
247.912
248.406
248.899
249.39
249.881
250.371
250.86
251.348
251.835
252.321
252.802
253.275
253.738
254.192
254.636
255.07
255.492
255.903
256.302
256.688
257.058
257.42
257.722
196.558
196.57
196.606
196.636
196.674
196.729
196.803
196.896
197.012
197.149
197.298
197.45
197.615
197.794
197.99
198.199
198.423
198.661
198.913
199.179
199.459
199.752
200.059
200.378
200.711
201.057
201.416
201.786
202.17
202.564
202.966
203.371
203.783
204.205
204.639
205.082
205.535
205.996
206.467
206.946
207.433
207.928
208.43
208.939
209.455
209.977
210.506
211.039
211.579
212.123
212.672
213.224
213.781
214.34
214.904
215.469
216.037
216.607
217.179
217.751
218.326
218.897
219.47
220.042
220.614
221.185
221.755
222.324
222.892
223.457
224.021
224.582
225.141
225.696
226.248
226.796
227.341
227.881
228.417
228.949
229.475
229.997
230.513
231.024
231.53
232.029
232.522
233.012
233.5
233.989
234.477
234.966
235.455
235.944
236.435
236.928
237.424
237.92
238.426
238.851
199.077
199.408
199.743
200.088
200.447
200.82
201.206
201.605
202.019
202.444
202.879
203.318
203.771
204.235
204.713
205.202
205.704
206.217
206.741
207.277
207.824
208.381
208.95
209.528
210.117
210.715
211.324
211.941
212.568
213.202
213.846
214.494
215.151
215.816
216.49
217.17
217.858
218.553
219.255
219.962
220.676
221.394
222.118
222.846
223.579
224.315
225.055
225.797
226.543
227.289
228.039
228.789
229.54
230.291
231.042
231.792
232.542
233.289
234.035
234.777
235.518
236.254
236.986
237.715
238.44
239.16
239.876
240.587
241.292
241.992
242.685
243.372
244.053
244.726
245.392
246.05
246.701
247.343
247.977
248.603
249.22
249.828
250.427
251.016
251.596
252.166
252.726
253.274
253.808
254.329
254.836
255.328
255.807
256.27
256.718
257.15
257.567
257.965
258.357
258.675
191.413
191.645
191.893
192.144
192.407
192.688
192.988
193.307
193.646
194.006
194.378
194.755
195.147
195.557
195.984
196.426
196.884
197.358
197.849
198.354
198.875
199.411
199.962
200.527
201.108
201.702
202.311
202.933
203.569
204.217
204.875
205.538
206.21
206.893
207.589
208.294
209.01
209.735
210.47
211.212
211.964
212.722
213.487
214.258
215.036
215.817
216.605
217.395
218.19
218.986
219.786
220.587
221.389
222.191
222.995
223.796
224.598
225.396
226.193
226.986
227.777
228.56
229.338
230.11
230.877
231.637
232.391
233.138
233.878
234.61
235.334
236.05
236.758
237.456
238.145
238.825
239.495
240.155
240.804
241.443
242.071
242.688
243.294
243.889
244.473
245.045
245.607
246.161
246.705
247.241
247.768
248.286
248.796
249.299
249.794
250.282
250.764
251.238
251.716
252.119
188.09
188.457
188.835
189.221
189.625
190.047
190.489
190.951
191.434
191.937
192.456
192.982
193.527
194.091
194.675
195.277
195.898
196.537
197.195
197.871
198.565
199.276
200.006
200.753
201.517
202.298
203.096
203.909
204.74
205.584
206.443
207.308
208.188
209.08
209.988
210.907
211.839
212.783
213.738
214.702
215.677
216.659
217.651
218.648
219.653
220.663
221.678
222.697
223.719
224.742
225.768
226.793
227.818
228.842
229.865
230.884
231.9
232.912
233.92
234.922
235.919
236.906
237.886
238.858
239.821
240.774
241.717
242.649
243.569
244.477
245.372
246.254
247.122
247.977
248.817
249.643
250.453
251.249
252.028
252.79
253.536
254.264
254.975
255.669
256.343
257
257.636
258.254
258.851
259.428
259.984
260.521
261.036
261.532
262.006
262.459
262.893
263.304
263.708
264.029
182.013
182.365
182.732
183.108
183.502
183.917
184.353
184.812
185.295
185.802
186.326
186.861
187.416
187.995
188.596
189.219
189.864
190.53
191.219
191.929
192.662
193.416
194.192
194.988
195.807
196.646
197.506
198.386
199.287
200.207
201.144
202.092
203.056
204.037
205.038
206.053
207.086
208.132
209.194
210.268
211.355
212.452
213.56
214.677
215.802
216.933
218.071
219.213
220.359
221.506
222.655
223.804
224.951
226.095
227.235
228.369
229.498
230.618
231.73
232.833
233.926
235.007
236.076
237.134
238.18
239.213
240.234
241.24
242.232
243.207
244.166
245.107
246.03
246.934
247.82
248.687
249.536
250.365
251.176
251.966
252.737
253.488
254.218
254.929
255.619
256.29
256.941
257.573
258.185
258.778
259.35
259.904
260.437
260.951
261.445
261.92
262.377
262.814
263.246
263.594
176.689
177.07
177.468
177.88
178.314
178.772
179.254
179.761
180.296
180.858
181.441
182.039
182.662
183.313
183.992
184.697
185.431
186.191
186.98
187.795
188.64
189.512
190.413
191.34
192.297
193.28
194.292
195.329
196.395
197.485
198.6
199.731
200.885
202.063
203.265
204.488
205.734
206.998
208.283
209.584
210.903
212.235
213.582
214.94
216.309
217.686
219.071
220.461
221.856
223.253
224.652
226.051
227.45
228.846
230.238
231.624
233.004
234.373
235.732
237.077
238.408
239.72
241.016
242.293
243.555
244.797
246.023
247.23
248.419
249.588
250.737
251.863
252.966
254.044
255.097
256.124
257.125
258.1
259.048
259.969
260.862
261.729
262.568
263.38
264.161
264.915
265.638
266.332
266.996
267.631
268.236
268.812
269.358
269.875
270.363
270.821
271.251
271.65
272.034
272.324
170.365
170.764
171.177
171.601
172.045
172.511
173
173.513
174.053
174.619
175.207
175.81
176.438
177.096
177.783
178.498
179.244
180.021
180.829
181.67
182.544
183.452
184.394
185.371
186.384
187.431
188.516
189.636
190.793
191.985
193.212
194.465
195.751
197.071
198.426
199.813
201.231
202.677
204.152
205.653
207.177
208.723
210.288
211.868
213.463
215.066
216.678
218.292
219.908
221.521
223.131
224.733
226.329
227.915
229.493
231.06
232.618
234.162
235.694
237.209
238.708
240.184
241.637
243.064
244.467
245.843
247.193
248.516
249.814
251.087
252.335
253.557
254.754
255.923
257.063
258.174
259.254
260.301
261.317
262.3
263.251
264.17
265.058
265.914
266.738
267.531
268.29
269.016
269.708
270.366
270.99
271.58
272.134
272.656
273.143
273.597
274.018
274.404
274.771
275.042
163.3
163.699
164.116
164.546
164.998
165.476
165.982
166.515
167.079
167.674
168.295
168.937
169.608
170.313
171.051
171.823
172.629
173.471
174.35
175.266
176.221
177.215
178.25
179.325
180.442
181.601
182.802
184.047
185.336
186.669
188.044
189.454
190.907
192.404
193.946
195.53
197.156
198.822
200.529
202.272
204.052
205.865
207.71
209.583
211.483
213.404
215.345
217.298
219.26
221.224
223.185
225.136
227.075
228.994
230.894
232.771
234.626
236.458
238.269
240.058
241.825
243.567
245.283
246.97
248.627
250.249
251.836
253.384
254.895
256.369
257.806
259.208
260.577
261.912
263.215
264.483
265.717
266.913
268.07
269.188
270.266
271.302
272.298
273.254
274.169
275.044
275.878
276.673
277.425
278.137
278.805
279.432
280.015
280.557
281.056
281.514
281.932
282.308
282.661
282.906
157.696
157.802
157.96
158.152
158.38
158.643
158.944
159.284
159.662
160.081
160.536
161.025
161.553
162.125
162.74
163.4
164.106
164.86
165.666
166.523
167.435
168.404
169.431
170.518
171.668
172.883
174.164
175.513
176.932
178.422
179.981
181.604
183.297
185.061
186.896
188.799
190.767
192.795
194.879
197.01
199.183
201.388
203.619
205.865
208.122
210.383
212.648
214.914
217.181
219.445
221.705
223.953
226.187
228.397
230.58
232.726
234.835
236.902
238.93
240.919
242.873
244.792
246.681
248.539
250.368
252.164
253.925
255.648
257.329
258.964
260.555
262.1
263.6
265.059
266.477
267.857
269.198
270.501
271.764
272.985
274.162
275.294
276.379
277.416
278.405
279.347
280.24
281.086
281.882
282.629
283.324
283.968
284.557
285.094
285.574
286.001
286.373
286.688
286.963
287.115
153.29
153.556
153.813
154.098
154.402
154.715
155.039
155.377
155.733
156.108
156.498
156.901
157.324
157.772
158.246
158.749
159.281
159.847
160.448
161.088
161.77
162.498
163.274
164.103
164.988
165.934
166.946
168.028
169.186
170.425
171.751
173.164
174.676
176.296
178.033
179.893
181.884
184.012
186.282
188.696
191.253
193.945
196.758
199.669
202.643
205.64
208.627
211.58
214.491
217.359
220.186
222.972
225.722
228.431
231.101
233.722
236.288
238.787
241.217
243.571
245.852
248.062
250.209
252.299
254.342
256.342
258.303
260.222
262.099
263.929
265.712
267.442
269.12
270.743
272.317
273.842
275.322
276.759
278.155
279.508
280.817
282.08
283.296
284.46
285.573
286.633
287.639
288.591
289.488
290.33
291.114
291.841
292.506
293.11
293.65
294.125
294.535
294.875
295.165
295.317
134.45
135.358
136.143
136.839
137.505
138.163
138.816
139.471
140.137
140.821
141.521
142.237
142.978
143.751
144.558
145.403
146.289
147.219
148.196
149.224
150.307
151.449
152.652
153.922
155.262
156.677
158.168
159.742
161.399
163.145
164.976
166.888
168.885
170.974
173.15
175.411
177.751
180.169
182.66
185.223
187.859
190.575
193.382
196.302
199.354
202.53
205.789
209.059
212.289
215.448
218.533
221.545
224.498
227.403
230.277
233.126
235.952
238.74
241.479
244.149
246.737
249.231
251.638
253.962
256.214
258.401
260.533
262.616
264.656
266.649
268.596
270.49
272.329
274.108
275.83
277.493
279.102
280.66
282.17
283.633
285.052
286.424
287.748
289.019
290.236
291.395
292.494
293.53
294.503
295.409
296.246
297.01
297.696
298.301
298.817
299.241
299.565
299.781
299.9
299.835
125.715
124.822
124.167
123.514
122.891
122.334
121.839
121.39
120.983
120.614
120.292
120.018
119.788
119.599
119.453
119.353
119.3
119.297
119.349
119.461
119.637
119.885
120.213
120.631
121.149
121.781
122.541
123.448
124.522
125.788
127.274
129.014
131.041
133.399
136.132
139.288
142.915
147.063
151.771
157.065
162.947
169.356
176.219
183.079
189.498
195.327
200.646
205.629
210.377
214.863
219.041
222.909
226.51
229.887
233.093
236.175
239.175
242.103
244.968
247.767
250.498
253.147
255.709
258.18
260.567
262.876
265.12
267.307
269.447
271.544
273.601
275.614
277.583
279.501
281.367
283.178
284.935
286.64
288.298
289.91
291.48
293.009
294.496
295.939
297.336
298.684
299.981
301.222
302.406
303.531
304.592
305.586
306.508
307.351
308.107
308.768
309.322
309.754
310.069
310.172
191.149
190.286
189.483
188.896
188.381
187.863
187.35
186.848
186.347
185.841
185.329
184.802
184.262
183.707
183.135
182.545
181.937
181.308
180.66
179.989
179.296
178.578
177.835
177.064
176.265
175.433
174.567
173.662
172.715
171.72
170.672
169.561
168.377
167.119
165.779
164.364
162.887
161.392
159.963
158.755
158.104
158.453
161.334
167.369
175.174
183.54
190.791
196.947
202.663
208.201
213.483
218.408
222.995
227.283
231.297
235.04
238.553
241.882
245.075
248.156
251.141
254.029
256.822
259.514
262.107
264.6
267.002
269.321
271.571
273.76
275.899
277.989
280.035
282.032
283.981
285.876
287.72
289.512
291.254
292.95
294.604
296.218
297.795
299.333
300.832
302.288
303.7
305.062
306.374
307.629
308.826
309.958
311.018
311.998
312.886
313.669
314.33
314.846
315.183
315.228
128.191
128.791
129.057
129.373
129.678
129.913
130.097
130.251
130.383
130.493
130.575
130.642
130.688
130.713
130.719
130.706
130.673
130.619
130.545
130.449
130.333
130.195
130.039
129.864
129.675
129.476
129.276
129.085
128.921
128.804
128.762
128.843
129.1
129.613
130.483
131.857
133.914
136.9
141.128
146.958
154.981
165.048
177.953
188.783
195.283
199.458
203.961
209.14
214.092
218.473
222.577
226.657
230.711
234.618
238.319
241.8
245.091
248.212
251.205
254.104
256.943
259.731
262.472
265.152
267.765
270.302
272.763
275.149
277.472
279.737
281.955
284.131
286.268
288.364
290.42
292.43
294.396
296.315
298.191
300.026
301.826
303.593
305.333
307.047
308.736
310.401
312.042
313.66
315.255
316.829
318.382
319.918
321.436
322.938
324.425
325.894
327.344
328.769
330.133
331.495
)
;

boundaryField
{
    airfoil
    {
        type            zeroGradient;
    }
    farBoundaries
    {
        type            zeroGradient;
    }
    inlet
    {
        type            freestream;
        freestreamValue uniform 15;
        value           nonuniform List<scalar> 
200
(
15
15
15
15
15
15
15
15
15
15
15
15
15
15
15
15
15
15
15
15
15
15
15
15
15
15
15
15
15
15
15
15
15
15
15
15
15
15
15
15
15
15
86.5013
157.081
194.666
199.452
203.961
209.14
214.092
218.473
222.577
226.657
230.711
234.618
238.319
241.8
245.091
248.212
251.205
254.104
256.943
259.731
262.472
265.152
267.765
270.302
272.763
275.149
277.472
279.737
281.955
284.131
286.268
288.364
290.42
292.43
294.396
296.315
298.191
300.026
301.826
303.593
305.333
307.047
308.736
310.401
312.042
313.66
315.255
316.829
318.382
319.918
321.436
322.938
324.425
325.894
327.344
328.769
330.133
331.495
15
15
15
15
15
15
15
15
15
15
15
15
15
15
15
15
15
15
15
15
15
15
15
15
15
15
15
15
15
15
15
15
15
15
15
15
15
15
15
15
15
15
15
15
15
15
15
15
15
15
15
15
15
15
15
15
15
15
15
15
15
15
15
15
15
15
15
15
15
15
15
15
15
15
121.22
160.217
215.26
220.334
224.426
229.868
235.555
240.795
245.757
250.631
255.333
259.769
263.958
268.015
272.019
276.006
279.954
283.838
287.635
291.345
294.981
298.569
302.129
305.679
309.2
312.736
)
;
    }
    outlet
    {
        type            freestream;
        freestreamValue uniform 1;
        value           nonuniform List<scalar> 
40
(
290.312
290.352
290.189
290.163
290.14
290.14
290.006
289.876
289.621
289.358
288.936
288.43
287.729
287.071
286.558
286.233
286.069
286.018
286.016
286.012
284.183
284.202
284.222
284.275
284.399
284.642
285.038
285.59
286.252
286.879
287.375
287.815
288.175
288.534
288.825
289.131
289.368
289.63
289.835
290.101
)
;
    }
    defaultFaces
    {
        type            empty;
    }
}


// ************************************************************************* //
