/*--------------------------------*- C++ -*----------------------------------*\
  =========                 |
  \\      /  F ield         | OpenFOAM: The Open Source CFD Toolbox
   \\    /   O peration     | Website:  https://openfoam.org
    \\  /    A nd           | Version:  6.0
     \\/     M anipulation  |
\*---------------------------------------------------------------------------*/
FoamFile
{
    version     2.0;
    format      ascii;
    class       surfaceScalarField;
    location    "21";
    object      phi;
}
// * * * * * * * * * * * * * * * * * * * * * * * * * * * * * * * * * * * * * //

dimensions      [0 3 -1 0 0 0 0];

internalField   nonuniform List<scalar> 
3880
(
-1.79768e-05
1.79877e-05
-1.09345e-08
-5.34882e-05
3.55352e-05
-2.37408e-08
-9.53622e-05
4.19049e-05
-3.09187e-08
-0.000136531
4.12029e-05
-3.41819e-08
-0.000172632
3.61358e-05
-3.4594e-08
-0.000201254
2.86544e-05
-3.28186e-08
-0.000221463
2.02383e-05
-2.9279e-08
-0.000233497
1.2059e-05
-2.4249e-08
-0.000238567
5.08699e-06
-1.79387e-08
9.74485e-08
-1.05042e-08
-0.000238654
-1.72972e-05
3.5285e-05
-5.08365e-05
6.90744e-05
-8.95844e-05
8.06528e-05
-0.000126586
7.82043e-05
-0.00015752
6.70698e-05
-0.000179941
5.10753e-05
-0.000192829
3.3126e-05
-0.000196322
1.55523e-05
-0.000191574
3.3892e-07
-1.08748e-05
-0.000180602
-1.59032e-05
5.11881e-05
-4.54174e-05
9.85886e-05
-7.78273e-05
0.000113063
-0.000106447
0.000106824
-0.000127081
8.77042e-05
-0.000137254
6.12476e-05
-0.000135786
3.16587e-05
-0.000122611
2.37674e-06
-9.87429e-05
-2.3529e-05
-4.33657e-05
-6.62521e-05
-1.37075e-05
6.48956e-05
-3.69496e-05
0.000121831
-5.9583e-05
0.000135696
-7.54299e-05
0.000122671
-8.05956e-05
9.28699e-05
-7.26584e-05
5.33104e-05
-5.02672e-05
9.26751e-06
-1.30372e-05
-3.48533e-05
3.82846e-05
-7.48508e-05
-0.000106687
0.000101606
-1.0547e-05
7.54427e-05
-2.49159e-05
0.0001362
-3.3883e-05
0.000144663
-3.21184e-05
0.000120906
-1.63349e-05
7.70864e-05
1.55944e-05
2.1381e-05
6.508e-05
-4.02181e-05
0.000132884
-0.000102657
0.000218726
-0.000160693
-0.00020857
0.000320609
-6.17074e-06
8.16134e-05
-8.52846e-06
0.000138557
8.08251e-07
0.000135326
2.59058e-05
9.58087e-05
6.89917e-05
3.40005e-05
0.00013143
-4.10574e-05
0.000214305
-0.000123093
0.000318624
-0.000206977
0.000444809
-0.000286878
-0.000354889
0.000591128
-2.67114e-07
8.18805e-05
1.31873e-05
0.000125103
4.64813e-05
0.000102032
0.00010203
4.02598e-05
0.000180482
-4.4451e-05
0.000281722
-0.000142298
0.000405665
-0.000247036
0.000552865
-0.000354177
0.000724403
-0.000458416
-0.000549863
0.000919377
7.44725e-06
7.44333e-05
4.11129e-05
9.14372e-05
0.000105059
3.80857e-05
0.000199881
-5.45617e-05
0.000324285
-0.000168855
0.000475897
-0.000293909
0.0006521
-0.000423239
0.000851185
-0.000553262
0.00107362
-0.000680848
-0.000799004
0.00132276
1.70801e-05
5.73531e-05
7.55615e-05
3.29559e-05
0.000177432
-6.37848e-05
0.000321777
-0.000198907
0.000505648
-0.000352725
0.000724278
-0.000512539
0.00097139
-0.000670351
0.00124017
-0.000822041
0.00152684
-0.000967524
-0.00111749
0.00184533
2.83656e-05
2.89875e-05
0.000115618
-5.42961e-05
0.000261958
-0.000210125
0.000465983
-0.000402932
0.0007249
-0.000611643
0.00103424
-0.00082188
0.00138721
-0.00102332
0.001773
-0.00120783
0.00217592
-0.00137044
-0.0015151
0.00257352
4.04902e-05
-1.15027e-05
0.000158431
-0.000172236
0.000352206
-0.0004039
0.000620548
-0.000671274
0.000962833
-0.000953928
0.00137975
-0.0012388
0.00187454
-0.00151811
0.0024563
-0.00178959
0.00314794
-0.00206208
-0.0023739
0.00400674
5.23747e-05
-6.38774e-05
0.000200009
-0.000319871
0.000438117
-0.000642008
0.000763181
-0.000996337
0.00117251
-0.00136326
0.00166423
-0.00173052
0.00223727
-0.00209115
0.00289076
-0.00244308
0.00361918
-0.0027905
-0.00314245
0.00438773
6.35005e-05
-0.000127378
0.000238304
-0.000494675
0.000514969
-0.000918673
0.000885476
-0.00136684
0.00134205
-0.00181984
0.00187656
-0.00226503
0.00247979
-0.00269438
0.00313994
-0.00310323
0.00383845
-0.00348901
-0.00384557
0.00454157
7.38875e-05
-0.000201265
0.000273041
-0.000693828
0.000582221
-0.00122785
0.000987634
-0.00177226
0.0014754
-0.0023076
0.0020309
-0.00282053
0.00263834
-0.00330182
0.00328001
-0.0037449
0.00393465
-0.00414364
-0.00448684
0.00457592
8.36788e-05
-0.000284944
0.000304364
-0.000914513
0.000640139
-0.00156363
0.00107082
-0.00220294
0.00157637
-0.00281315
0.0021366
-0.00338076
0.00273131
-0.00389653
0.0033404
-0.00435398
0.00394373
-0.00474698
-0.00506462
0.00452151
9.28637e-05
-0.000377808
0.000332013
-0.00115366
0.00068815
-0.00191977
0.00113447
-0.00264926
0.00164524
-0.00332391
0.0021959
-0.00393142
0.00276374
-0.00446437
0.00332847
-0.00491872
0.00387266
-0.00529117
-0.00557445
0.0043825
0.000101199
-0.000479006
0.000355106
-0.00140757
0.000724545
-0.00228921
0.0011762
-0.00310092
0.0016794
-0.00382711
0.00220662
-0.00445864
0.00273436
-0.00499211
0.00324379
-0.00542815
0.0037211
-0.00576848
-0.0060115
0.00415815
0.000108254
-0.00058726
0.000372299
-0.00167161
0.000746902
-0.00266381
0.00119273
-0.00354675
0.00167528
-0.00430967
0.00216562
-0.00494898
0.00264108
-0.00546757
0.00308562
-0.00587268
0.00348965
-0.00617251
-0.00637217
0.00385032
0.000113505
-0.000700765
0.000382079
-0.00194019
0.000752711
-0.00303444
0.00118098
-0.00397501
0.00163001
-0.0047587
0.00207109
-0.00539006
0.00248389
-0.00588038
0.00285611
-0.00624489
0.00318266
-0.00649906
-0.00665485
0.00346533
0.000116422
-0.000817186
0.000383033
-0.0022068
0.000739885
-0.00339129
0.00113886
-0.00437398
0.00154242
-0.00516226
0.00192369
-0.00577133
0.00226588
-0.00622256
0.00256099
-0.00654
0.00280831
-0.00674639
-0.00685996
0.00301343
0.000116539
-0.000933725
0.000374055
-0.00246432
0.000707112
-0.00372435
0.00106568
-0.00473255
0.00141338
-0.00550997
0.00172663
-0.00608458
0.00199298
-0.00648891
0.00220889
-0.00675591
0.00237752
-0.00691502
-0.00698972
0.00250728
0.000113456
-0.00104718
0.000354381
-0.00270524
0.000653881
-0.00402385
0.000962102
-0.00504077
0.00124558
-0.00579345
0.00148516
-0.00632416
0.00167312
-0.00667687
0.00181009
-0.00689288
0.00190242
-0.00700735
-0.00704763
0.00196033
0.000106912
-0.00115409
0.000323727
-0.00292206
0.000580612
-0.00428074
0.000830093
-0.00529025
0.0010432
-0.00600656
0.00120594
-0.00648689
0.00131529
-0.00678622
0.00137549
-0.00695309
0.00139519
-0.00702705
-0.00703799
0.00138555
9.67622e-05
-0.00125085
0.000282217
-0.00310751
0.000488455
-0.00448697
0.000672555
-0.00547435
0.000811297
-0.0061453
0.000896196
-0.00657179
0.000928568
-0.00681859
0.000915476
-0.00693999
0.000866981
-0.00697855
-0.00696548
0.000794474
8.29875e-05
-0.00133384
0.000230367
-0.00325489
0.000379176
-0.00463578
0.000493011
-0.00558819
0.000555299
-0.00620759
0.000563066
-0.00657956
0.000521369
-0.00677689
0.000439221
-0.00685785
0.000327271
-0.0068666
-0.00683485
0.000196637
6.57058e-05
-0.00139955
0.000169062
-0.00335825
0.00025503
-0.00472175
0.00029535
-0.00562851
0.000280597
-0.00619283
0.000213056
-0.00651202
0.000100852
-0.00666469
-4.5888e-05
-0.00671111
-0.000216673
-0.00669582
-0.00665065
-0.000400865
4.51874e-05
-0.00144474
9.95622e-05
-0.00341262
0.000118724
-0.00474091
8.37218e-05
-0.0055935
-7.60329e-06
-0.00610151
-0.000148136
-0.00637149
-0.000327295
-0.00648553
-0.000534509
-0.00650389
-0.000760053
-0.00647028
-0.00641669
-0.000994011
2.18823e-05
-0.00146662
2.35388e-05
-0.00341428
-2.65549e-05
-0.00469082
-0.00013741
-0.00548265
-0.000304188
-0.00593473
-0.000515492
-0.00616018
-0.00075875
-0.00624227
-0.00102332
-0.00623932
-0.00130078
-0.00619282
-0.00613344
-0.00158403
-3.53941e-06
-0.00146308
-5.68514e-05
-0.00336097
-0.000177019
-0.00457065
-0.000363114
-0.00529655
-0.000604055
-0.00569379
-0.000884948
-0.00587929
-0.00119157
-0.00593565
-0.00151306
-0.00591782
-0.00184241
-0.00586347
-0.00579392
-0.00218193
-3.0123e-05
-0.00143296
-0.000138788
-0.0032523
-0.000327821
-0.00438162
-0.000587019
-0.00503736
-0.000900557
-0.00538025
-0.00125183
-0.00552802
-0.0016263
-0.00556119
-0.00201356
-0.00553055
-0.00240966
-0.00546738
-0.00540654
-0.00279704
-5.6635e-05
-0.00137632
-0.000218752
-0.00309018
-0.000472552
-0.00412782
-0.000799208
-0.0047107
-0.00117959
-0.00499987
-0.00159778
-0.00510983
-0.00204248
-0.00511649
-0.00250642
-0.00506661
-0.0029887
-0.00498509
-0.00486999
-0.00352526
-8.19998e-05
-0.00129432
-0.000293698
-0.00287849
-0.000605462
-0.00381605
-0.000989563
-0.0043266
-0.00142246
-0.00456697
-0.00188609
-0.00464619
-0.00236747
-0.00463511
-0.00285762
-0.00457647
-0.00335034
-0.00449237
-0.00439088
-0.00382945
-0.00010558
-0.00118874
-0.000362249
-0.00262182
-0.000725192
-0.00345311
-0.0011584
-0.00389339
-0.00163436
-0.00409102
-0.00213334
-0.0041472
-0.00264192
-0.00412653
-0.00315109
-0.0040673
-0.00365366
-0.00398979
-0.00390449
-0.00414005
-0.000127031
-0.00106171
-0.000423814
-0.00232503
-0.000831633
-0.00304529
-0.0013073
-0.00341772
-0.00182027
-0.00357805
-0.00235007
-0.0036174
-0.00288366
-0.00359295
-0.00341285
-0.00353811
-0.00393208
-0.00347056
-0.00339979
-0.00443678
-0.000146091
-0.000915619
-0.000477961
-0.00199316
-0.000924604
-0.00259865
-0.00143683
-0.0029055
-0.0019819
-0.00303299
-0.00253918
-0.00306011
-0.00309639
-0.00303574
-0.00364653
-0.00298797
-0.00418561
-0.00293148
-0.00287405
-0.00471135
-0.000162513
-0.000753106
-0.000524232
-0.00163145
-0.00100367
-0.00211921
-0.00154678
-0.00236239
-0.00211922
-0.00246054
-0.00270052
-0.00247881
-0.00327923
-0.00245703
-0.00384942
-0.00241778
-0.00440828
-0.00237262
-0.00232764
-0.00495469
-0.000176047
-0.000577059
-0.000562118
-0.00124537
-0.00106819
-0.00161313
-0.00163639
-0.0017942
-0.0022313
-0.00186563
-0.00283266
-0.00187745
-0.00342977
-0.00185992
-0.00401757
-0.00182998
-0.00459402
-0.00179617
-0.00176298
-0.00515868
-0.00018645
-0.000390609
-0.000591099
-0.000840726
-0.00111742
-0.00108681
-0.00170472
-0.00120689
-0.00231685
-0.0012535
-0.00293378
-0.00126052
-0.00354539
-0.00124831
-0.00414724
-0.00122814
-0.00473777
-0.00120564
-0.00118376
-0.00531698
-0.000193515
-0.000197093
-0.000610711
-0.000423531
-0.00115068
-0.000546849
-0.00175087
-0.000606699
-0.00237466
-0.000629704
-0.00300222
-0.000632963
-0.00362382
-0.000626703
-0.0042354
-0.000616564
-0.00483572
-0.00060533
-0.00059446
-0.00542501
-0.000197088
-5.12701e-09
-0.000620608
-1.06848e-08
-0.00116744
-1.33984e-08
-0.00177413
-1.44374e-08
-0.00240382
-1.45812e-08
-0.00303677
-1.429e-08
-0.00366346
-1.38111e-08
-0.00428001
-1.32653e-08
-0.00488532
-1.26936e-08
-1.21031e-08
-0.00547977
-0.000197088
0.000197083
-0.000620608
0.000423509
-0.00116744
0.000546822
-0.00177413
0.00060667
-0.00240382
0.000629674
-0.00303677
0.000632935
-0.00366346
0.000626676
-0.00428001
0.000616538
-0.00488532
0.000605305
0.000594436
-0.00547977
-0.000193515
0.000390599
-0.000610711
0.000840705
-0.00115068
0.00108679
-0.00175087
0.00120686
-0.00237466
0.00125347
-0.00300222
0.00126049
-0.00362382
0.00124828
-0.0042354
0.00122811
-0.00483572
0.00120562
0.00118373
-0.00542501
-0.00018645
0.000577049
-0.000591099
0.00124535
-0.00111742
0.00161311
-0.00170472
0.00179417
-0.00231685
0.0018656
-0.00293378
0.00187742
-0.00354539
0.00185989
-0.00414724
0.00182996
-0.00473777
0.00179615
0.00176295
-0.00531698
-0.000176047
0.000753096
-0.000562118
0.00163142
-0.00106819
0.00211918
-0.00163639
0.00236237
-0.0022313
0.00246051
-0.00283266
0.00247878
-0.00342978
0.00245701
-0.00401758
0.00241776
-0.00459402
0.00237259
0.00232761
-0.00515868
-0.000162513
0.000915609
-0.000524233
0.00199314
-0.00100367
0.00259862
-0.00154678
0.00290547
-0.00211922
0.00303296
-0.00270053
0.00306008
-0.00327923
0.00303571
-0.00384942
0.00298795
-0.00440828
0.00293145
0.00287403
-0.00495469
-0.000146091
0.0010617
-0.000477961
0.00232501
-0.000924605
0.00304527
-0.00143683
0.0034177
-0.0019819
0.00357802
-0.00253919
0.00361737
-0.00309639
0.00359292
-0.00364653
0.00353808
-0.00418562
0.00347054
0.00339977
-0.00471136
-0.000127031
0.00118873
-0.000423814
0.0026218
-0.000831633
0.00345309
-0.0013073
0.00389336
-0.00182027
0.00409099
-0.00235008
0.00414718
-0.00288366
0.00412651
-0.00341285
0.00406728
-0.00393208
0.00398977
0.00390446
-0.00443678
-0.00010558
0.00129431
-0.000362249
0.00287847
-0.000725193
0.00381603
-0.0011584
0.00432657
-0.00163436
0.00456695
-0.00213334
0.00464616
-0.00264192
0.00463508
-0.00315109
0.00457645
-0.00365366
0.00449234
0.00439086
-0.00414006
-8.20001e-05
0.00137631
-0.000293699
0.00309017
-0.000605463
0.00412779
-0.000989565
0.00471067
-0.00142246
0.00499984
-0.0018861
0.0051098
-0.00236747
0.00511646
-0.00285762
0.00506659
-0.00335034
0.00498507
0.00486997
-0.00382946
-5.66353e-05
0.00143295
-0.000218752
0.00325228
-0.000472553
0.00438159
-0.000799209
0.00503733
-0.00117959
0.00538022
-0.00159778
0.00552799
-0.00204248
0.00556116
-0.00250642
0.00553053
-0.00298871
0.00546736
0.00540652
-0.00352526
-3.01233e-05
0.00146307
-0.000138788
0.00336095
-0.000327822
0.00457063
-0.00058702
0.00529653
-0.000900558
0.00569376
-0.00125183
0.00587926
-0.0016263
0.00593563
-0.00201356
0.00591779
-0.00240966
0.00586345
0.0057939
-0.00279704
-3.53973e-06
0.00146661
-5.68522e-05
0.00341426
-0.00017702
0.00469079
-0.000363116
0.00548262
-0.000604057
0.0059347
-0.00088495
0.00616015
-0.00119157
0.00624224
-0.00151306
0.00623929
-0.00184241
0.0061928
0.00613342
-0.00218193
2.18819e-05
0.00144473
2.35379e-05
0.0034126
-2.65562e-05
0.00474089
-0.000137411
0.00559348
-0.00030419
0.00610148
-0.000515494
0.00637146
-0.000758751
0.0064855
-0.00102333
0.00650387
-0.00130078
0.00647025
0.00641667
-0.00158403
4.51871e-05
0.00139954
9.95613e-05
0.00335823
0.000118723
0.00472173
8.37203e-05
0.00562848
-7.60483e-06
0.00619281
-0.000148137
0.00651199
-0.000327296
0.00666466
-0.00053451
0.00671108
-0.000760053
0.00669579
0.00665063
-0.000994011
6.57054e-05
0.00133384
0.000169061
0.00325487
0.000255029
0.00463576
0.000295348
0.00558816
0.000280595
0.00620756
0.000213054
0.00657953
0.000100851
0.00677686
-4.58881e-05
0.00685782
-0.000216672
0.00686658
0.00683482
-0.000400864
8.29872e-05
0.00125085
0.000230366
0.0031075
0.000379174
0.00448695
0.00049301
0.00547433
0.000555298
0.00614527
0.000563065
0.00657176
0.000521369
0.00681856
0.000439221
0.00693997
0.000327272
0.00697853
0.00696545
0.000196639
9.67618e-05
0.00115409
0.000282216
0.00292204
0.000488453
0.00428071
0.000672553
0.00529023
0.000811296
0.00600653
0.000896195
0.00648686
0.000928567
0.00678619
0.000915476
0.00695306
0.000866983
0.00702702
0.00703796
0.000794477
0.000106912
0.00104717
0.000323726
0.00270523
0.00058061
0.00402383
0.000830091
0.00504074
0.0010432
0.00579342
0.00120594
0.00632413
0.00131529
0.00667684
0.00137549
0.00689285
0.00139519
0.00700732
0.0070476
0.00138555
0.000113455
0.00093372
0.00035438
0.0024643
0.000653879
0.00372433
0.0009621
0.00473252
0.00124558
0.00550994
0.00148516
0.00608455
0.00167312
0.00648888
0.00181009
0.00675588
0.00190242
0.00691499
0.00698969
0.00196033
0.000116538
0.000817181
0.000374053
0.00220679
0.00070711
0.00339127
0.00106568
0.00437396
0.00141338
0.00516223
0.00172663
0.0057713
0.00199298
0.00622253
0.00220889
0.00653997
0.00237753
0.00674635
0.00685993
0.00250729
0.000116421
0.00070076
0.000383031
0.00194018
0.000739883
0.00303442
0.00113885
0.00397499
0.00154241
0.00475868
0.00192368
0.00539002
0.00226587
0.00588034
0.00256099
0.00624486
0.00280831
0.00649903
0.00665481
0.00301343
0.000113504
0.000587256
0.000382077
0.0016716
0.000752708
0.00266379
0.00118097
0.00354672
0.00163001
0.00430964
0.00207109
0.00494894
0.00248389
0.00546754
0.0028561
0.00587264
0.00318266
0.00617247
0.00637214
0.00346533
0.000108253
0.000479003
0.000372297
0.00140756
0.000746899
0.00228919
0.00119273
0.0031009
0.00167528
0.00382709
0.00216561
0.00445861
0.00264108
0.00499207
0.00308561
0.00542811
0.00348965
0.00576844
0.00601146
0.00385032
0.000101198
0.000377805
0.000355104
0.00115365
0.000724542
0.00191975
0.0011762
0.00264924
0.0016794
0.00332389
0.00220662
0.00393139
0.00273436
0.00446433
0.00324379
0.00491868
0.0037211
0.00529113
0.00557441
0.00415815
9.28631e-05
0.000284942
0.00033201
0.000914506
0.000688146
0.00156362
0.00113447
0.00220292
0.00164523
0.00281313
0.00219589
0.00338073
0.00276373
0.0038965
0.00332846
0.00435394
0.00387266
0.00474694
0.00506457
0.00438249
8.36781e-05
0.000201264
0.000304361
0.000693823
0.000640134
0.00122784
0.00107081
0.00177224
0.00157636
0.00230758
0.00213659
0.0028205
0.0027313
0.00330179
0.00334038
0.00374486
0.00394372
0.0041436
0.0044868
0.0045215
7.38867e-05
0.000127377
0.000273038
0.000494671
0.000582215
0.000918666
0.000987626
0.00136683
0.00147539
0.00181982
0.00203088
0.002265
0.00263833
0.00269434
0.00328
0.00310319
0.00393463
0.00348896
0.00384552
0.00457591
6.34995e-05
6.38777e-05
0.000238301
0.00031987
0.000514962
0.000642005
0.000885466
0.000996329
0.00134204
0.00136324
0.00187654
0.0017305
0.00247977
0.00209112
0.00313992
0.00244304
0.00383842
0.00279045
0.0031424
0.00454155
5.23734e-05
1.15043e-05
0.000200004
0.000172239
0.000438108
0.000403901
0.000763167
0.00067127
0.00117249
0.000953918
0.00166421
0.00123878
0.00223724
0.00151809
0.00289072
0.00178955
0.00361915
0.00206203
0.00237385
0.0043877
4.04886e-05
-2.89843e-05
0.000158425
5.43025e-05
0.000352195
0.000210131
0.00062053
0.000402935
0.000962808
0.00061164
0.00137972
0.00082187
0.00187451
0.0010233
0.00245626
0.0012078
0.00314789
0.0013704
0.00151504
0.00400669
2.83636e-05
-5.73479e-05
0.000115611
-3.29447e-05
0.000261945
6.37976e-05
0.000465962
0.000198918
0.00072487
0.000352731
0.0010342
0.000512538
0.00138716
0.00067034
0.00177295
0.000822019
0.00217585
0.00096749
0.00111744
0.00257345
1.70778e-05
-7.44257e-05
7.55538e-05
-9.14208e-05
0.000177417
-3.80656e-05
0.000321753
5.45813e-05
0.000505614
0.000168871
0.000724233
0.000293919
0.000971335
0.000423239
0.0012401
0.000553251
0.00152677
0.000680823
0.000798964
0.00184525
7.44472e-06
-8.18704e-05
4.11047e-05
-0.000125081
0.000105043
-0.000102004
0.000199856
-4.0231e-05
0.000324249
4.4477e-05
0.00047585
0.000142318
0.000652042
0.000247047
0.000851116
0.000354177
0.00107354
0.000458401
0.000549833
0.00132267
-2.69704e-07
-8.16007e-05
1.3179e-05
-0.000138529
4.64653e-05
-0.000135291
0.000102005
-9.57708e-05
0.000180446
-3.39644e-05
0.000281676
4.1088e-05
0.000405608
0.000123115
0.000552797
0.000206987
0.000724324
0.000286875
0.000354869
0.000919288
-6.17324e-06
-7.54274e-05
-8.53637e-06
-0.000136166
7.9305e-07
-0.00014462
2.58821e-05
-0.00012086
6.89587e-05
-7.7041e-05
0.000131387
-2.13405e-05
0.000214252
4.02504e-05
0.000318561
0.000102679
0.000444735
0.0001607
0.000208561
0.000591043
-1.05493e-05
-6.48782e-05
-2.4923e-05
-0.000121793
-3.38966e-05
-0.000135647
-3.21395e-05
-0.000122617
-1.63642e-05
-9.28163e-05
1.55565e-05
-5.32613e-05
6.50331e-05
-9.22621e-06
0.000132828
3.48837e-05
0.00021866
7.48677e-05
0.000106688
0.000320533
-1.37094e-05
-5.11688e-05
-3.69555e-05
-9.85465e-05
-5.95942e-05
-0.000113008
-7.54473e-05
-0.000106764
-8.06197e-05
-8.76439e-05
-7.26896e-05
-6.11914e-05
-5.03058e-05
-3.161e-05
-1.30834e-05
-2.33861e-06
3.82304e-05
2.35539e-05
4.33751e-05
0.000101544
-1.59046e-05
-3.52642e-05
-4.54218e-05
-6.90293e-05
-7.78356e-05
-8.05942e-05
-0.00010646
-7.81396e-05
-0.000127099
-6.70045e-05
-0.000137277
-5.10139e-05
-0.000135815
-3.30718e-05
-0.000122645
-1.55085e-05
-9.87832e-05
-3.08021e-07
1.08905e-05
-6.62987e-05
-1.72981e-05
-1.79661e-05
-5.08391e-05
-3.54883e-05
-8.95894e-05
-4.18439e-05
-0.000126594
-4.11354e-05
-0.000157531
-3.60675e-05
-0.000179955
-2.85898e-05
-0.000192846
-2.01808e-05
-0.000196343
-1.20117e-05
-0.000191598
-5.05241e-06
-7.78247e-08
-0.00018063
-1.79771e-05
-5.34891e-05
-9.53639e-05
-0.000136533
-0.000172636
-0.000201258
-0.000221468
-0.000233504
-0.000238575
-0.000238663
0.000186709
-0.000426677
1.31432e-06
0.00132608
-0.00114179
2.41945e-06
0.00249569
-0.00116966
4.89194e-08
0.00324333
-0.000743801
-3.83177e-06
0.00387258
-0.00062399
-5.26045e-06
0.00430455
-0.000431093
-8.83903e-07
0.00466048
-0.000357778
1.85414e-06
0.00490377
-0.000249701
6.40714e-06
0.00512593
-0.000227566
5.40946e-06
-0.000147253
-4.16166e-07
0.000298443
-0.000905723
0.00140852
-0.00225187
0.00255177
-0.00231291
0.00328288
-0.00147491
0.00390058
-0.00124169
0.00432592
-0.000856427
0.00467766
-0.000709523
0.00491915
-0.000491183
0.00514052
-0.000448937
-0.000295934
0.00051473
-0.00148671
0.00156775
-0.00330489
0.00265973
-0.0034049
0.00335901
-0.00217419
0.00395444
-0.00183712
0.00436709
-0.00126908
0.00471089
-0.00105332
0.00494907
-0.000729366
0.0051691
-0.000668961
-0.000446709
0.000821693
-0.00220679
0.00179283
-0.00427602
0.00281152
-0.00442359
0.00346602
-0.00282869
0.00403022
-0.00240132
0.00442536
-0.00166422
0.00475837
-0.00138633
0.00499239
-0.000963388
0.00521102
-0.000887588
-0.00060101
0.00119972
-0.00308591
0.00206845
-0.00514475
0.0029958
-0.00535095
0.00359589
-0.00342877
0.00412228
-0.00292772
0.00449675
-0.00203869
0.0048173
-0.00170688
0.00504714
-0.00119323
0.00526494
-0.00110538
-0.000760601
0.00162472
-0.00411949
0.00237596
-0.005896
0.0031989
-0.00617389
0.00373889
-0.00396876
0.00422381
-0.00341263
0.00457646
-0.00239135
0.00488435
-0.00201477
0.00511101
-0.00141989
0.00532933
-0.00132371
-0.000927709
0.00206859
-0.00526871
0.00269416
-0.00652157
0.00340558
-0.00688531
0.00388426
-0.00444744
0.00432721
-0.00385557
0.00465907
-0.00272322
0.00495568
-0.00231138
0.00518129
-0.00164549
0.00540235
-0.00154477
-0.00110506
0.00250099
-0.00644694
0.00299995
-0.00702053
0.00359985
-0.0074852
0.00402078
-0.00486837
0.00442459
-0.00425938
0.00473892
-0.00303754
0.00502725
-0.00259971
0.00525507
-0.0018733
0.00548197
-0.00177167
-0.00129589
0.00290433
-0.00750593
0.00327439
-0.0073906
0.00376764
-0.00797845
0.00413797
-0.0052387
0.00450846
-0.00462988
0.00481046
-0.00333954
0.005095
-0.00288426
0.00532936
-0.00210766
0.00556603
-0.00200835
-0.0015039
0.00328342
-0.00821583
0.00351581
-0.00762299
0.0038981
-0.00836074
0.00422858
-0.00556917
0.00457204
-0.00497334
0.00486883
-0.00363633
0.00515488
-0.00317031
0.00540149
-0.00235427
0.00565206
-0.00225891
-0.00173386
0.0433022
-0.000949238
-0.0505688
0.0390929
-0.00341368
0.037034
-0.0063019
0.0368659
-0.00540107
0.0367448
-0.00485223
0.0369503
-0.00384178
0.0371718
-0.00339183
0.0375035
-0.00268592
0.037761
-0.00251641
-0.00212278
0.0523457
0.00327567
-0.0565706
0.0501512
-0.00121921
0.0475676
-0.00371828
0.0460411
-0.0038746
0.0448437
-0.00365482
0.0440477
-0.00304578
0.0434119
-0.00275605
0.0430493
-0.00232326
0.0426814
-0.0021485
-0.00198556
0.0539016
0.00448847
-0.0551144
0.0526156
6.68083e-05
0.0509984
-0.00210107
0.0496947
-0.00257087
0.0485931
-0.00255326
0.0477444
-0.00219706
0.0469853
-0.00199697
0.046444
-0.00178193
0.0458998
-0.00160429
-0.00161506
0.0520543
0.00434304
-0.0519089
0.0516401
0.000481062
0.0507986
-0.00125964
0.0499578
-0.00173008
0.049203
-0.00179845
0.0485968
-0.00159078
0.0480255
-0.00142573
0.0475795
-0.00133596
0.0471306
-0.00115532
-0.00124007
0.0499995
0.00366514
-0.0493216
0.0498677
0.000612915
0.0494333
-0.000825239
0.0489253
-0.00122215
0.048438
-0.00131108
0.0480388
-0.00119164
0.0476631
-0.00104997
0.0473477
-0.00102062
0.0470435
-0.00085111
-0.00094147
0.0482997
0.00287026
-0.0475049
0.0483218
0.000590877
0.0480581
-0.000561524
0.0477201
-0.000884191
0.0473779
-0.000968918
0.0470898
-0.000903484
0.0468301
-0.000790273
0.0465965
-0.00078706
0.0463891
-0.000643653
-0.000712338
0.0470909
0.00208622
-0.0463069
0.0471825
0.00049932
0.0469957
-0.000374705
0.0467369
-0.000625397
0.0464632
-0.000695255
0.0462218
-0.000662127
0.0460124
-0.000580813
0.0458126
-0.000587281
0.0456471
-0.000478198
-0.000522158
0.0462765
0.00135255
-0.0455428
0.0464189
0.000356879
0.0462736
-0.000229377
0.0460503
-0.00040209
0.0458063
-0.000451286
0.0455813
-0.000437133
0.0453868
-0.000386314
0.0451941
-0.000394617
0.0450378
-0.000321908
-0.00034675
0.0457799
0.000664078
-0.0450914
0.0459546
0.000182173
0.0458354
-0.000110153
0.0456286
-0.000195284
0.0453971
-0.000219801
0.0451774
-0.000217431
0.0449843
-0.000193208
0.0447894
-0.000199738
0.0446296
-0.000162136
-0.000174172
0.0455455
-0.0448814
0.0457277
0.0456175
0.0454222
0.0452024
0.044985
0.0447918
0.044592
0.0444299
0.0567781
0.00230056
-0.0560653
0.057333
0.00291047
0.0576813
0.00350199
0.0577734
0.00406606
0.0575624
0.00459348
0.0570085
0.00507542
0.0560802
0.00550419
0.0547482
0.00587365
0.052957
0.00617893
0.00639491
0.0513984
0.00169186
-0.0507897
0.0520522
0.00225675
0.0527369
0.00281727
0.0534346
0.00336833
0.0541238
0.00390424
0.0547805
0.00441878
0.0553792
0.0049055
0.0558948
0.00535803
0.0563031
0.00577064
0.0061274
0.0480913
0.00121706
-0.0476165
0.048647
0.00170097
0.0492806
0.00218371
0.0499865
0.0026624
0.0507569
0.00313389
0.051581
0.00359472
0.0524454
0.00404106
0.0533347
0.00446873
0.0542321
0.00487322
0.00524508
0.0454935
0.000890569
-0.045167
0.0459002
0.00129433
0.0463875
0.00169635
0.0469555
0.00209439
0.0476032
0.00248618
0.0483286
0.00286939
0.049128
0.00324162
0.0499964
0.00360036
0.0509268
0.00394281
0.00426298
0.0439046
0.000650856
-0.0436649
0.0442184
0.000980527
0.0446064
0.00130832
0.0450685
0.00163236
0.0456039
0.0019508
0.0462115
0.00226175
0.0468897
0.00256337
0.0476363
0.00285376
0.0484483
0.00313082
0.00338968
0.0428087
0.000468805
-0.0426266
0.0430607
0.000728502
0.0433826
0.000986429
0.0437739
0.00124107
0.0442338
0.00149091
0.044761
0.00173447
0.0453541
0.00197028
0.046011
0.00219685
0.0467293
0.00241259
0.0026141
0.0421147
0.000324164
-0.04197
0.0423262
0.000516971
0.0426043
0.000708361
0.0429481
0.000897183
0.0433568
0.00108229
0.0438287
0.00126256
0.0443621
0.00143687
0.0449548
0.00160411
0.0456043
0.0017631
0.00191153
0.0416626
0.000203694
-0.0415421
0.0418482
0.00033138
0.0420984
0.000458108
0.0424125
0.000583104
0.0427892
0.000705602
0.0432269
0.00082484
0.0437237
0.000940072
0.0442773
0.00105056
0.0448848
0.00115551
0.00125358
0.0413978
9.80066e-05
-0.0412921
0.0415675
0.000161642
0.0418008
0.000224817
0.0420968
0.000287141
0.0424542
0.00034823
0.0428713
0.000407699
0.0433462
0.000465171
0.0438765
0.000520274
0.0444594
0.000572617
0.000621561
0.0412723
-0.0411743
0.0414339
0.0416587
0.0419459
0.0422941
0.0427018
0.043167
0.0436872
0.0442599
0.0481107
-0.00335415
-0.0475536
0.0488242
-0.00289536
0.0496469
-0.00240675
0.0505391
-0.00188624
0.051473
-0.00133479
0.05243
-0.000760313
0.0533918
-0.000167311
0.0543368
0.000440525
0.0552387
0.00105846
0.0016807
0.0479858
-0.00340725
-0.0479327
0.0480821
-0.00299167
0.0482211
-0.00254578
0.0484088
-0.00207388
0.0486511
-0.00157709
0.0489523
-0.0010615
0.0493158
-0.000530854
0.0497438
1.25266e-05
0.0502361
0.000566154
0.00112706
0.0468972
-0.00314789
-0.0471565
0.0466932
-0.00278774
0.0465499
-0.00240246
0.0464725
-0.00199645
0.0464672
-0.00157177
0.0465375
-0.00113184
0.0466858
-0.000679177
0.0469141
-0.000215788
0.0472241
0.000256243
0.000734657
0.0455816
-0.00277173
-0.0459578
0.0452633
-0.00246945
0.0450064
-0.00214553
0.0448143
-0.0018044
0.0446905
-0.00144794
0.0446372
-0.00107857
0.0446565
-0.000698382
0.04475
-0.000309328
0.0449197
8.65865e-05
0.000487269
0.0446595
-0.00234991
-0.0450813
0.0442915
-0.00210145
0.0439819
-0.00183586
0.0437337
-0.0015562
0.0435498
-0.00126407
0.0434326
-0.000961334
0.0433839
-0.000649723
0.0434055
-0.000330932
0.0434988
-6.70444e-06
0.000321169
0.0439892
-0.00190058
-0.0444385
0.0435918
-0.00170408
0.0432502
-0.00149429
0.0429674
-0.00127343
0.0427461
-0.00104276
0.0425885
-0.00080367
0.0424963
-0.000557554
0.0424712
-0.000305803
0.0425143
-4.98434e-05
0.000208858
0.0435584
-0.00143614
-0.0440228
0.0431443
-0.00129003
0.0427843
-0.00113422
0.042481
-0.000970194
0.0422371
-0.000798858
0.0420547
-0.000621235
0.0419355
-0.000438361
0.041881
-0.000251288
0.0418923
-6.10991e-05
0.000131096
0.0432795
-0.000961606
-0.043754
0.0428544
-0.000864922
0.042482
-0.000761852
0.0421651
-0.000653326
0.0419062
-0.000539947
0.0417074
-0.000422378
0.0415703
-0.000301303
0.0414965
-0.000177425
0.0414868
-5.14688e-05
7.58243e-05
0.0431185
-0.000481612
-0.0435985
0.0426872
-0.000433596
0.0423077
-0.000382409
0.0419829
-0.000328492
0.0417151
-0.000272143
0.0415064
-0.000213686
0.0413586
-0.000153458
0.041273
-9.18095e-05
0.0412506
-2.91001e-05
3.42985e-05
0.0430446
-0.0435263
0.0426111
0.0422286
0.0419002
0.041628
0.0414143
0.0412609
0.0411691
0.04114
0.0429475
0.000174608
-0.000193156
0.0429914
0.000521209
-0.00056516
0.0430659
0.000872556
-0.00094705
0.0431885
0.00123683
-0.00135943
0.0433893
0.00161939
-0.00182013
0.0437117
0.00202447
-0.00234694
0.0442148
0.00245418
-0.0029572
0.0449702
0.00291096
-0.00366641
0.0460722
0.00337081
-0.00447277
0.00392309
-0.00540453
0.0429657
0.000137854
0.0430729
0.000413952
0.0432541
0.000691406
0.0435195
0.000971398
0.0438842
0.00125474
0.044367
0.00154167
0.0449899
0.00183124
0.0457773
0.00212355
0.0467451
0.00240304
0.00273547
0.0429665
0.000100244
0.0430779
0.000302628
0.0432627
0.000506554
0.0435251
0.000709009
0.0438707
0.000909096
0.0443069
0.00110552
0.044842
0.00129619
0.0454861
0.0014794
0.046244
0.00164518
0.0018229
0.0429586
7.05318e-05
0.0430476
0.000213666
0.043196
0.000358161
0.0434046
0.000500427
0.0436744
0.000639258
0.0440066
0.000773358
0.0444016
0.000901156
0.0448596
0.00102145
0.0453755
0.00112923
0.00124064
0.0429506
4.88712e-05
0.0430161
0.000148201
0.0431258
0.000248461
0.0432794
0.000346755
0.0434767
0.000442024
0.0437168
0.000533217
0.0439988
0.000619193
0.0443212
0.000699021
0.0446805
0.000769912
0.000839809
0.0429445
3.32869e-05
0.0429918
0.000100954
0.043071
0.000169222
0.0431817
0.00023604
0.0433231
0.00030063
0.0434941
0.000362254
0.0436931
0.00042017
0.0439183
0.000473783
0.0441666
0.00052162
0.000567947
0.0429403
2.19009e-05
0.0429749
6.64123e-05
0.0430328
0.0001113
0.0431136
0.000155205
0.0432166
0.000197604
0.0433409
0.000238008
0.0434851
0.00027594
0.0436479
0.00031101
0.0438271
0.000342389
0.000372241
0.0429376
1.32655e-05
0.0429638
4.02138e-05
0.0430077
6.73768e-05
0.0430689
9.39454e-05
0.0431469
0.000119605
0.0432409
0.000144065
0.0433498
0.000167048
0.0434725
0.000188329
0.0436074
0.000207474
0.000225584
0.0429359
6.25551e-06
0.0429572
1.8964e-05
0.0429928
3.1763e-05
0.0430425
4.42827e-05
0.0431057
5.63764e-05
0.0431819
6.79086e-05
0.0432701
7.87505e-05
0.0433697
8.87963e-05
0.0434793
9.78533e-05
0.00010638
0.0429352
0.0429541
0.0429859
0.0430302
0.0430866
0.0431545
0.0432332
0.043322
0.0434199
0.00713246
-6.13899e-05
-1.37753e-09
0.00716093
-2.84671e-05
-3.70943e-09
0.00715426
6.67956e-06
-6.23481e-09
0.00710856
4.57075e-05
-8.70126e-09
0.00701813
9.04409e-05
-1.10945e-08
0.00687488
0.000143268
-1.34351e-08
0.00666743
0.00020746
-1.57348e-08
0.00637997
0.000287481
-1.80143e-08
0.00599123
0.000388758
-2.02992e-08
0.000511482
-2.25764e-08
0.00712743
-0.000117745
0.00715049
-5.15371e-05
0.00713814
1.90349e-05
0.00708656
9.72835e-05
0.00699015
0.000186858
0.00684089
0.000292525
0.00662755
0.000420797
0.00633448
0.000580551
0.00594065
0.000782589
0.00102712
0.00711738
-0.000164055
0.00712968
-6.38392e-05
0.00710601
4.27072e-05
0.00704274
0.000160553
0.00693442
0.000295175
0.00677325
0.000453698
0.00654824
0.000645805
0.00624412
0.00088467
0.0058404
0.00118631
0.00155054
0.00710238
-0.000195365
0.00709862
-6.00758e-05
0.00705809
8.32302e-05
0.00697745
0.000241199
0.00685147
0.000421151
0.00667265
0.000632523
0.00643041
0.000888038
0.00611015
0.00120493
0.00569235
0.00160411
0.00208421
0.0070825
-0.0002068
0.00705749
-3.50638e-05
0.00699476
0.00014596
0.00689128
0.000344678
0.00674215
0.000570288
0.00654021
0.000834464
0.00627553
0.00115271
0.00593453
0.00154593
0.00549945
0.00203919
0.00262896
0.00705784
-0.000193574
0.00700658
1.62015e-05
0.00691658
0.000235961
0.00678517
0.000476082
0.00660777
0.000747696
0.00637765
0.00106458
0.00608575
0.00144461
0.00572008
0.00191161
0.00526594
0.00249333
0.00318355
0.00702846
-0.000150965
0.0069462
9.84636e-05
0.00682427
0.00035789
0.00666031
0.000640042
0.00644998
0.000958026
0.00618711
0.00132745
0.00586381
0.00176791
0.00547045
0.00230496
0.00499737
0.00296641
0.00374414
0.00699444
-7.43376e-05
0.00687689
0.000216019
0.00671891
0.000515871
0.00651819
0.000840755
0.00627057
0.00120565
0.00597057
0.00162745
0.00561214
0.00212634
0.00518954
0.00272757
0.00470103
0.00345492
0.00430512
0.00695647
4.02614e-05
0.00680049
0.000372001
0.00660353
0.000712831
0.00636297
0.00108132
0.00607464
0.00149397
0.00573384
0.00196826
0.00533683
0.00252335
0.0048838
0.0031806
0.0043876
0.00395113
0.00486326
0.00691818
0.00672502
0.0064908
0.00621269
0.00588652
0.00550784
0.00507398
0.00458817
0.00406653
0.00691818
-4.02585e-05
0.000193153
0.00672502
-0.000371992
0.000565151
0.0064908
-0.000712817
0.000947036
0.00621269
-0.0010813
0.00135941
0.00588653
-0.00149395
0.00182011
0.00550784
-0.00196823
0.00234691
0.00507398
-0.00252331
0.00295717
0.00458817
-0.00318056
0.00366637
0.00406653
-0.00395108
0.00447273
-0.00486321
0.00540448
0.00695647
7.43404e-05
0.00680049
-0.000216011
0.00660353
-0.000515857
0.00636297
-0.000840736
0.00607464
-0.00120562
0.00573384
-0.00162743
0.00533683
-0.00212631
0.0048838
-0.00272753
0.0043876
-0.00345488
-0.00430507
0.00699444
0.000150968
0.00687689
-9.84556e-05
0.00671891
-0.000357876
0.00651819
-0.000640023
0.00627057
-0.000958003
0.00597058
-0.00132743
0.00561214
-0.00176787
0.00518954
-0.00230493
0.00470103
-0.00296637
-0.0037441
0.00702846
0.000193576
0.0069462
-1.61937e-05
0.00682427
-0.000235948
0.00666031
-0.000476064
0.00644998
-0.000747673
0.00618711
-0.00106455
0.00586381
-0.00144458
0.00547045
-0.00191157
0.00499737
-0.00249329
-0.0031835
0.00705784
0.000206802
0.00700658
3.50714e-05
0.00691658
-0.000145947
0.00678517
-0.00034466
0.00660777
-0.000570265
0.00637765
-0.000834436
0.00608576
-0.00115268
0.00572008
-0.0015459
0.00526594
-0.00203915
-0.00262892
0.0070825
0.000195368
0.00705749
6.00834e-05
0.00699476
-8.32175e-05
0.00689128
-0.000241181
0.00674215
-0.000421129
0.00654021
-0.000632496
0.00627553
-0.000888006
0.00593453
-0.0012049
0.00549945
-0.00160407
-0.00208416
0.00710238
0.000164058
0.00709862
6.38467e-05
0.00705809
-4.26946e-05
0.00697745
-0.000160535
0.00685147
-0.000295153
0.00667265
-0.000453671
0.00643041
-0.000645774
0.00611015
-0.000884633
0.00569235
-0.00118627
-0.00155049
0.00711738
0.000117748
0.00712968
5.15446e-05
0.00710601
-1.90223e-05
0.00704274
-9.7266e-05
0.00693442
-0.000186836
0.00677325
-0.000292498
0.00654824
-0.000420765
0.00624412
-0.000580515
0.0058404
-0.000782548
-0.00102707
0.00712743
6.13927e-05
0.0071505
2.84746e-05
0.00713814
-6.66705e-06
0.00708656
-4.56901e-05
0.00699015
-9.04187e-05
0.00684089
-0.000143241
0.00662755
-0.000207429
0.00633448
-0.000287445
0.00594065
-0.000388718
-0.000511437
0.00713246
0.00716093
0.00715426
0.00710856
0.00701813
0.00687488
0.00666743
0.00637997
0.00599123
0.0429352
-6.25557e-06
0.0429541
-1.89642e-05
0.0429859
-3.17633e-05
0.0430302
-4.42831e-05
0.0430866
-5.6377e-05
0.0431545
-6.79093e-05
0.0432332
-7.87513e-05
0.043322
-8.87972e-05
0.0434199
-9.78544e-05
-0.000106381
0.0435263
0.0429359
-1.32656e-05
0.0429572
-4.02141e-05
0.0429928
-6.73773e-05
0.0430425
-9.39462e-05
0.0431057
-0.000119606
0.0431819
-0.000144066
0.0432702
-0.00016705
0.0433697
-0.000188331
0.0434793
-0.000207476
-0.000225586
0.0435985
0.0429376
-2.19011e-05
0.0429638
-6.64127e-05
0.0430077
-0.000111301
0.0430689
-0.000155206
0.0431469
-0.000197605
0.0432409
-0.00023801
0.0433498
-0.000275942
0.0434725
-0.000311012
0.0436074
-0.000342392
-0.000372244
0.043754
0.0429403
-3.32871e-05
0.0429749
-0.000100954
0.0430328
-0.000169223
0.0431136
-0.000236041
0.0432166
-0.000300632
0.0433409
-0.000362256
0.0434851
-0.000420172
0.0436479
-0.000473786
0.0438271
-0.000521624
-0.000567951
0.0440228
0.0429445
-4.88714e-05
0.0429918
-0.000148202
0.043071
-0.000248461
0.0431817
-0.000346756
0.0433231
-0.000442025
0.0434941
-0.000533219
0.0436931
-0.000619195
0.0439183
-0.000699024
0.0441666
-0.000769916
-0.000839813
0.0444385
0.0429506
-7.05319e-05
0.0430161
-0.000213666
0.0431258
-0.000358161
0.0432794
-0.000500427
0.0434767
-0.000639258
0.0437168
-0.000773359
0.0439988
-0.000901157
0.0443212
-0.00102145
0.0446805
-0.00112923
-0.00124064
0.0450813
0.0429586
-0.000100244
0.0430476
-0.000302627
0.043196
-0.000506553
0.0434046
-0.000709007
0.0436744
-0.000909094
0.0440066
-0.00110552
0.0444016
-0.00129619
0.0448595
-0.0014794
0.0453755
-0.00164518
-0.0018229
0.0459578
0.0429665
-0.000137853
0.0430779
-0.000413949
0.0432627
-0.000691402
0.0435251
-0.000971392
0.0438707
-0.00125473
0.0443069
-0.00154166
0.0448419
-0.00183124
0.0454861
-0.00212355
0.0462439
-0.00240303
-0.00273546
0.0471565
0.0429657
-0.000174607
0.0430729
-0.000521204
0.0432541
-0.000872548
0.0435195
-0.00123682
0.0438842
-0.00161937
0.0443669
-0.00202445
0.0449899
-0.00245416
0.0457773
-0.00291094
0.046745
-0.00337079
-0.00392307
0.0479326
0.0429475
0.0429914
0.0430659
0.0431885
0.0433892
0.0437117
0.0442147
0.0449702
0.0460721
0.0475535
0.0430447
0.000481612
0.0426111
0.000433595
0.0422287
0.000382408
0.0419002
0.000328491
0.041628
0.000272142
0.0414143
0.000213685
0.0412609
0.000153457
0.0411691
9.18083e-05
0.04114
2.90989e-05
-3.42998e-05
0.0411743
0.0431185
0.000961605
0.0426872
0.000864921
0.0423078
0.00076185
0.0419829
0.000653324
0.0417151
0.000539945
0.0415064
0.000422376
0.0413586
0.000301301
0.041273
0.000177423
0.0412506
5.14662e-05
-7.58269e-05
0.0412921
0.0432795
0.00143614
0.0428544
0.00129003
0.042482
0.00113422
0.0421652
0.00097019
0.0419062
0.000798854
0.0417074
0.000621232
0.0415703
0.000438357
0.0414965
0.000251284
0.0414868
6.10949e-05
-0.000131101
0.0415421
0.0435584
0.00190057
0.0431443
0.00170408
0.0427843
0.00149428
0.042481
0.00127343
0.0422371
0.00104275
0.0420547
0.000803665
0.0419355
0.000557549
0.041881
0.000305797
0.0418923
4.98374e-05
-0.000208864
0.04197
0.0439892
0.00234991
0.0435918
0.00210145
0.0432502
0.00183585
0.0429674
0.00155619
0.0427461
0.00126406
0.0425885
0.000961327
0.0424963
0.000649715
0.0424712
0.000330924
0.0425143
6.69615e-06
-0.000321178
0.0426266
0.0446595
0.00277172
0.0442915
0.00246945
0.0439818
0.00214552
0.0437336
0.00180439
0.0435498
0.00144793
0.0434326
0.00107856
0.0433839
0.000698373
0.0434055
0.000309318
0.0434988
-8.65972e-05
-0.00048728
0.0436649
0.0455816
0.00314788
0.0452633
0.00278774
0.0450064
0.00240246
0.0448143
0.00199644
0.0446905
0.00157176
0.0446372
0.00113183
0.0446564
0.000679165
0.04475
0.000215776
0.0449196
-0.000256256
-0.000734672
0.045167
0.0468971
0.00340725
0.0466932
0.00299166
0.0465499
0.00254578
0.0464725
0.00207387
0.0464671
0.00157708
0.0465375
0.00106149
0.0466858
0.000530842
0.0469141
-1.25405e-05
0.047224
-0.00056617
-0.00112708
0.0476164
0.0479857
0.00335415
0.048082
0.00289536
0.0482211
0.00240674
0.0484087
0.00188623
0.048651
0.00133478
0.0489522
0.000760303
0.0493157
0.0001673
0.0497437
-0.000440538
0.050236
-0.00105847
-0.00168072
0.0507897
0.0481106
0.048824
0.0496468
0.050539
0.0514729
0.0524298
0.0533916
0.0543366
0.0552385
0.0560651
0.0412723
-9.80079e-05
0.0414339
-0.000161644
0.0416587
-0.000224819
0.0419459
-0.000287144
0.0422941
-0.000348232
0.0427018
-0.000407701
0.043167
-0.000465173
0.0436873
-0.000520276
0.0442599
-0.000572619
-0.000621562
0.0448814
0.0413978
-0.000203697
0.0415676
-0.000331384
0.0418008
-0.000458112
0.0420968
-0.000583109
0.0424542
-0.000705606
0.0428713
-0.000824844
0.0433462
-0.000940076
0.0438765
-0.00105056
0.0444594
-0.00115552
-0.00125358
0.0450914
0.0416626
-0.000324169
0.0418482
-0.000516976
0.0420984
-0.000708367
0.0424125
-0.00089719
0.0427892
-0.0010823
0.0432269
-0.00126257
0.0437237
-0.00143688
0.0442773
-0.00160412
0.0448849
-0.0017631
-0.00191153
0.0455428
0.0421147
-0.000468812
0.0423262
-0.00072851
0.0426043
-0.000986437
0.0429482
-0.00124108
0.0433568
-0.00149092
0.0438287
-0.00173448
0.0443621
-0.00197029
0.0449549
-0.00219686
0.0456043
-0.0024126
-0.00261411
0.0463069
0.0428087
-0.000650865
0.0430607
-0.000980537
0.0433826
-0.00130833
0.0437739
-0.00163238
0.0442338
-0.00195081
0.0447611
-0.00226177
0.0453542
-0.00256339
0.0460111
-0.00285377
0.0467293
-0.00313084
-0.00338969
0.0475049
0.0439046
-0.000890581
0.0442184
-0.00129435
0.0446065
-0.00169637
0.0450685
-0.00209441
0.0456039
-0.0024862
0.0462115
-0.00286941
0.0468898
-0.00324164
0.0476364
-0.00360038
0.0484484
-0.00394283
-0.004263
0.0493217
0.0454935
-0.00121707
0.0459002
-0.00170098
0.0463875
-0.00218372
0.0469555
-0.00266242
0.0476033
-0.00313392
0.0483286
-0.00359475
0.049128
-0.00404108
0.0499964
-0.00446876
0.0509268
-0.00487324
-0.0052451
0.0519089
0.0480912
-0.00169188
0.048647
-0.00225677
0.0492806
-0.00281729
0.0499865
-0.00336836
0.0507569
-0.00390427
0.0515809
-0.00441881
0.0524454
-0.00490553
0.0533347
-0.00535806
0.0542321
-0.00577067
-0.00612743
0.0551144
0.0513983
-0.00230057
0.0520521
-0.00291049
0.0527368
-0.00350201
0.0534345
-0.00406609
0.0541237
-0.0045935
0.0547804
-0.00507545
0.0553791
-0.00550421
0.0558947
-0.00587366
0.0563029
-0.00617894
-0.00639492
0.0565704
0.0567779
0.0573328
0.0576811
0.0577731
0.0575621
0.0570082
0.0560799
0.0547478
0.0529565
0.0505683
0.0455456
-0.000664123
0.0457277
-0.000182156
0.0456175
0.000110273
0.045422
0.000195421
0.045202
0.000219983
0.044985
0.000217095
0.0447921
0.000192893
0.0445927
0.000199335
0.0444306
0.000162088
0.000174508
0.04578
-0.00135265
0.0459547
-0.000356844
0.0458353
0.000229619
0.0456283
0.000402403
0.0453967
0.000451658
0.0451773
0.000436446
0.0449845
0.000385647
0.0447901
0.000393753
0.0446304
0.000321816
0.000347458
0.0462766
-0.00208638
0.046419
-0.000499274
0.0462735
0.000375091
0.04605
0.000625955
0.0458058
0.000695836
0.0455812
0.000661047
0.0453871
0.000579728
0.045195
0.00058584
0.0450388
0.000478063
0.000523315
0.0470911
-0.00287051
0.0471826
-0.000590829
0.0469956
0.000562091
0.0467365
0.000885105
0.0464626
0.000969735
0.0462217
0.000901945
0.0460127
0.000788669
0.0458137
0.000784877
0.0456483
0.000643466
0.000714039
0.0482999
-0.00366553
0.048322
-0.000612888
0.048058
0.000826054
0.0477196
0.00122357
0.0473771
0.00131217
0.0470895
0.00118957
0.0468304
0.00104772
0.0465978
0.0010175
0.0463905
0.00085082
0.000943791
0.0499998
-0.00434363
0.049868
-0.000481099
0.0494332
0.00126079
0.0489246
0.0017322
0.0484369
0.00179989
0.0480383
0.00158815
0.0476633
0.00142274
0.0473491
0.00133169
0.0470452
0.00115476
0.00124299
0.0520547
-0.00448935
0.0516405
-6.69823e-05
0.0507987
0.00210261
0.0499571
0.00257385
0.0492018
0.0025552
0.0485959
0.00219404
0.0480254
0.00199325
0.0475807
0.00177632
0.0471324
0.00160305
0.00161834
0.053902
-0.00327695
0.0526163
0.00121874
0.0509988
0.0037201
0.0496942
0.0038785
0.0485917
0.00365765
0.0477428
0.00304293
0.0469842
0.00275188
0.0464444
0.00231612
0.0459016
0.0021458
0.00198872
0.052346
0.000947521
0.0501522
0.00341251
0.0475689
0.00630344
0.0460415
0.00540585
0.0448424
0.00485676
0.0440452
0.00384015
0.0434093
0.00338775
0.0430484
0.002677
0.042683
0.00251124
0.00212518
0.0433019
0.00821389
0.0390942
0.00762027
0.0370365
0.00836109
0.0368675
0.0055749
0.0367435
0.00498075
0.0369467
0.00363687
0.0371678
0.0031667
0.0375015
0.00234329
0.0377621
0.0022506
0.00173522
0.00328344
0.0075039
0.00351606
0.00738765
0.00389838
0.00797876
0.00422861
0.00524467
0.00457167
0.00463769
0.00486829
0.00334025
0.00515433
0.00288066
0.0054012
0.00209643
0.00565214
0.00199966
0.0015052
0.00290434
0.00644481
0.00327466
0.00701733
0.00376796
0.00748546
0.00413803
0.0048746
0.00450809
0.00426763
0.00480992
0.00303842
0.00509446
0.00259612
0.00532908
0.00186181
0.00556613
0.0017626
0.00129711
0.00250099
0.00526649
0.00300023
0.00651809
0.00360019
0.00688551
0.00402085
0.00445394
0.00442423
0.00386425
0.00473838
0.00272427
0.00502671
0.00230779
0.00525479
0.00163374
0.00548204
0.00153535
0.00110623
0.00206859
0.00411718
0.00269445
0.00589223
0.00340594
0.00617403
0.00388436
0.00397552
0.00432688
0.00342173
0.00465858
0.00239257
0.0049552
0.00201116
0.00518105
0.00140788
0.00540244
0.00131396
0.000928812
0.00162472
0.00308351
0.00237624
0.0051407
0.00319925
0.00535102
0.00373899
0.00343577
0.00422351
0.00293721
0.00457601
0.00204007
0.00488392
0.00170326
0.0051108
0.001181
0.00532942
0.00109534
0.000761644
0.00119972
0.00220432
0.0020687
0.00427172
0.00299612
0.00442361
0.00359598
0.00283591
0.00412203
0.00241117
0.00449637
0.00166573
0.00481693
0.00138269
0.00504697
0.000950962
0.00526503
0.000877288
0.000601999
0.000821696
0.00148417
0.00179305
0.00330036
0.00281179
0.00340487
0.0034661
0.0021816
0.00403001
0.00184726
0.00442504
0.0012707
0.00475807
0.00104967
0.00499225
0.000716778
0.00521109
0.000658451
0.00044765
0.000514735
0.000903137
0.00156792
0.00224717
0.00265995
0.00231284
0.00335908
0.00148246
0.0039543
0.00125204
0.00436687
0.00085813
0.0047107
0.000705839
0.00494901
0.000478471
0.0051692
0.000438259
0.000296819
0.000298445
0.000424062
0.00140863
0.00113699
0.0025519
0.00116958
0.00328292
0.000751439
0.00390048
0.000634477
0.00432576
0.00043285
0.0046775
0.000354094
0.00491906
0.000236919
0.00514051
0.000216803
0.000148132
0.000186714
0.00132612
0.00249575
0.00324336
0.00387257
0.00430454
0.00466049
0.00490381
0.00512602
)
;

boundaryField
{
    inlet
    {
        type            calculated;
        value           nonuniform List<scalar> 
40
(
-0.0429289
-0.0429289
-0.0429289
-0.0429289
-0.0429289
-0.0429289
-0.0429289
-0.0429289
-0.0429289
-0.0429289
-0.00707107
-0.00707107
-0.00707107
-0.00707107
-0.00707107
-0.00707107
-0.00707107
-0.00707107
-0.00707107
-0.00707107
-0.00707107
-0.00707107
-0.00707107
-0.00707107
-0.00707107
-0.00707107
-0.00707107
-0.00707107
-0.00707107
-0.00707107
-0.0429289
-0.0429289
-0.0429289
-0.0429289
-0.0429289
-0.0429289
-0.0429289
-0.0429289
-0.0429289
-0.0429289
)
;
    }
    outlet
    {
        type            calculated;
        value           nonuniform List<scalar> 
40
(
0.0381499
0.0425441
0.0455293
0.0467556
0.0467449
0.0461599
0.045457
0.0448624
0.044457
0.0442557
0.0052736
0.0052892
0.00531987
0.00536532
0.00542453
0.00549644
0.0055797
0.00567279
0.00577405
0.00588201
0.00588217
0.00577422
0.00567292
0.00557985
0.00549659
0.00542467
0.00536544
0.00532003
0.0052892
0.00527374
0.0442561
0.0444575
0.0448629
0.0454576
0.0461607
0.046746
0.0467571
0.0455313
0.0425465
0.0381521
)
;
    }
    cylinder
    {
        type            calculated;
        value           uniform 0;
    }
    top
    {
        type            symmetryPlane;
        value           uniform 0;
    }
    bottom
    {
        type            symmetryPlane;
        value           uniform 0;
    }
    defaultFaces
    {
        type            empty;
        value           nonuniform 0();
    }
}


// ************************************************************************* //
