/*--------------------------------*- C++ -*----------------------------------*\
  =========                 |
  \\      /  F ield         | OpenFOAM: The Open Source CFD Toolbox
   \\    /   O peration     | Website:  https://openfoam.org
    \\  /    A nd           | Version:  6.0
     \\/     M anipulation  |
\*---------------------------------------------------------------------------*/
FoamFile
{
    version     2.0;
    format      ascii;
    class       surfaceScalarField;
    location    "18";
    object      phi;
}
// * * * * * * * * * * * * * * * * * * * * * * * * * * * * * * * * * * * * * //

dimensions      [0 3 -1 0 0 0 0];

internalField   nonuniform List<scalar> 
3880
(
-1.79782e-05
1.79779e-05
2.88077e-10
-5.35044e-05
3.55256e-05
6.4382e-10
-9.53959e-05
4.18906e-05
8.3819e-10
-0.00013658
4.1183e-05
9.23556e-10
-0.00017269
3.61098e-05
9.30736e-10
-0.000201314
2.8623e-05
8.7635e-10
-0.00022152
2.0205e-05
7.71435e-10
-0.000233552
1.20308e-05
6.2263e-10
-0.000238622
5.06972e-06
4.3098e-10
8.87043e-08
1.90902e-10
-0.000238711
-1.73024e-05
3.52803e-05
-5.08643e-05
6.90875e-05
-8.96398e-05
8.06662e-05
-0.000126668
7.82111e-05
-0.000157623
6.70651e-05
-0.000180058
5.10573e-05
-0.000192951
3.30987e-05
-0.000196447
1.5527e-05
-0.000191704
3.25898e-07
-1.08814e-05
-0.000180733
-1.59152e-05
5.11955e-05
-4.54665e-05
9.86387e-05
-7.79227e-05
0.000113122
-0.000106591
0.000106879
-0.000127269
8.77437e-05
-0.000137477
6.12647e-05
-0.000136034
3.16558e-05
-0.000122875
2.36785e-06
-9.90182e-05
-2.35306e-05
-4.33693e-05
-6.65303e-05
-1.37288e-05
6.49243e-05
-3.70273e-05
0.000121937
-5.97329e-05
0.000135828
-7.5659e-05
0.000122805
-8.09027e-05
9.29874e-05
-7.30347e-05
5.33967e-05
-5.06987e-05
9.31989e-06
-1.35093e-05
-3.48216e-05
3.77861e-05
-7.4826e-05
-0.000106683
0.0001011
-1.05787e-05
7.5503e-05
-2.50255e-05
0.000136384
-3.40947e-05
0.000144897
-3.24467e-05
0.000121157
-1.6785e-05
7.73257e-05
1.5028e-05
2.15837e-05
6.44122e-05
-4.00643e-05
0.000132136
-0.000102545
0.000217924
-0.000160614
-0.000208546
0.000319786
-6.21196e-06
8.1715e-05
-8.66736e-06
0.000138839
5.3867e-07
0.000135691
2.54808e-05
9.6215e-05
6.83955e-05
3.44111e-05
0.000130659
-4.06796e-05
0.000213369
-0.000122775
0.000317549
-0.000206725
0.000443635
-0.0002867
-0.000354818
0.000589908
-3.14643e-07
8.20296e-05
1.30296e-05
0.000125495
4.61731e-05
0.000102548
0.000101535
4.08526e-05
0.00017977
-4.3823e-05
0.000280772
-0.000141682
0.000404473
-0.000246476
0.000551452
-0.000353704
0.000722822
-0.00045807
-0.00054971
0.000917713
7.39913e-06
7.46305e-05
4.09555e-05
9.19389e-05
0.000104749
3.87538e-05
0.000199374
-5.37723e-05
0.000323535
-0.000167984
0.000474859
-0.000293006
0.000650741
-0.000422358
0.0008495
-0.000552462
0.00107164
-0.000680214
-0.000798742
0.00132068
1.7039e-05
5.75915e-05
7.54298e-05
3.3548e-05
0.000177173
-6.2989e-05
0.000321348
-0.000197947
0.000504995
-0.000351631
0.000723335
-0.000511346
0.000970086
-0.00066911
0.00123847
-0.000820842
0.00152476
-0.000966509
-0.00111704
0.00184306
2.83399e-05
2.92516e-05
0.00011554
-5.36521e-05
0.00026181
-0.000209259
0.000465742
-0.000401879
0.000724529
-0.000610419
0.00103368
-0.000820499
0.00138638
-0.00102181
0.00177186
-0.00120632
0.00217448
-0.00136913
-0.00151388
0.00257132
4.04862e-05
-1.12346e-05
0.000158428
-0.000171594
0.000352219
-0.00040305
0.000620594
-0.000670253
0.000962929
-0.000952754
0.00137992
-0.00123748
0.00187479
-0.00151669
0.00245659
-0.00178812
0.00314804
-0.00206057
-0.00237213
0.00400629
5.23917e-05
-6.36263e-05
0.000200083
-0.000319285
0.000438294
-0.000641262
0.000763517
-0.000995476
0.00117307
-0.00136231
0.00166511
-0.00172952
0.00223855
-0.00209013
0.00289253
-0.0024421
0.00362157
-0.00278962
-0.00314197
0.00439142
6.35351e-05
-0.000127161
0.000238444
-0.000494194
0.000515284
-0.000918103
0.000886047
-0.00136624
0.00134297
-0.00181923
0.00187792
-0.00226447
0.00248169
-0.0026939
0.00314248
-0.00310289
0.00384173
-0.00348887
-0.00384595
0.00454571
7.39365e-05
-0.000201098
0.000273234
-0.000693491
0.000582646
-0.00122751
0.000988382
-0.00177197
0.00147656
-0.00230741
0.00203256
-0.00282046
0.00264057
-0.00330192
0.00328286
-0.00374518
0.00393815
-0.00414416
-0.00448784
0.00458004
8.37407e-05
-0.000284839
0.000304601
-0.000914351
0.000640652
-0.00156357
0.0010717
-0.00220302
0.0015777
-0.00281341
0.00213845
-0.00338121
0.00273372
-0.00389718
0.00334337
-0.00435483
0.00394725
-0.00474804
-0.00506607
0.00452548
9.29379e-05
-0.000377776
0.00033229
-0.0011537
0.000688737
-0.00192001
0.00113546
-0.00264974
0.00164669
-0.00332464
0.00219786
-0.00393239
0.00276623
-0.00446555
0.00333148
-0.00492008
0.00387613
-0.00529269
-0.00557624
0.0043863
0.000101285
-0.000479061
0.000355419
-0.00140784
0.000725191
-0.00228979
0.00117726
-0.00310181
0.00168093
-0.00382831
0.00220865
-0.0044601
0.00273688
-0.00499378
0.00324676
-0.00542996
0.00372446
-0.00577039
-0.00601356
0.00416178
0.000108351
-0.000587413
0.000372642
-0.00167213
0.000747592
-0.00266473
0.00119383
-0.00354806
0.00167684
-0.00431131
0.00216763
-0.00495089
0.00264353
-0.00546968
0.00308846
-0.00587489
0.00349283
-0.00617475
-0.00637446
0.00385372
0.000113612
-0.000701025
0.000382442
-0.00194096
0.000753421
-0.00303571
0.00118208
-0.00397672
0.00163153
-0.00476077
0.00207302
-0.00539238
0.0024862
-0.00588286
0.00285874
-0.00624744
0.00318557
-0.00650158
-0.00665732
0.00346844
0.000116535
-0.00081756
0.000383403
-0.00220783
0.000740588
-0.0033929
0.00113992
-0.00437605
0.00154384
-0.00516469
0.00192545
-0.00577399
0.00226794
-0.00622535
0.00256332
-0.00654281
0.00281087
-0.00674913
-0.0068626
0.00301615
0.000116654
-0.000934213
0.000374417
-0.00246559
0.000707776
-0.00372626
0.00106666
-0.00473493
0.00141465
-0.00551268
0.00172816
-0.0060875
0.00199472
-0.00649192
0.00221082
-0.0067589
0.00237963
-0.00691794
-0.0069925
0.00250953
0.000113566
-0.00104778
0.000354717
-0.00270674
0.000654473
-0.00402601
0.000962938
-0.0050434
0.00124663
-0.00579637
0.00148637
-0.00632724
0.00167446
-0.00668
0.00181154
-0.00689599
0.00190399
-0.00701039
-0.00705053
0.00196201
0.000107012
-0.00115479
0.000324019
-0.00292375
0.0005811
-0.00428309
0.000830748
-0.00529305
0.00104398
-0.0060096
0.00120678
-0.00649005
0.00131617
-0.00678939
0.0013764
-0.00695623
0.00139615
-0.00703013
-0.00704096
0.00138659
9.6845e-05
-0.00125164
0.000282446
-0.00310935
0.000488812
-0.00448946
0.000672995
-0.00547723
0.000811767
-0.00614837
0.000896646
-0.00657493
0.000928966
-0.00682171
0.000915821
-0.00694308
0.000867303
-0.00698162
-0.00696848
0.000794818
8.30475e-05
-0.00133468
0.000230519
-0.00325682
0.000379381
-0.00463832
0.000493215
-0.00559106
0.000555445
-0.0062106
0.000563107
-0.00658259
0.000521278
-0.00677988
0.000438996
-0.0068608
0.000326944
-0.00686957
-0.0068378
0.000196262
6.57379e-05
-0.00140042
0.000169125
-0.00336021
0.00025507
-0.00472427
0.000295305
-0.0056313
0.000280414
-0.00619571
0.000212695
-0.00651487
0.000100288
-0.00666747
-4.66586e-05
-0.00671385
-0.000217629
-0.00669859
-0.00665347
-0.000401957
4.51881e-05
-0.00144561
9.95305e-05
-0.00341455
0.000118592
-0.00474333
8.34276e-05
-0.00559613
-8.10681e-06
-0.00610418
-0.000148881
-0.00637409
-0.000328303
-0.00648805
-0.000535786
-0.00650637
-0.000761607
-0.00647277
-0.00641924
-0.000995832
2.18503e-05
-0.00146746
2.3411e-05
-0.00341611
-2.68557e-05
-0.00469306
-0.000137945
-0.00548504
-0.000305
-0.00593712
-0.000516607
-0.00616249
-0.000760182
-0.00624448
-0.00102509
-0.00624145
-0.00130295
-0.00619492
-0.00613551
-0.00158668
-3.60264e-06
-0.00146386
-5.70681e-05
-0.00336265
-0.000177471
-0.00457266
-0.000363865
-0.00529865
-0.000605147
-0.00569584
-0.000886409
-0.00588123
-0.00119341
-0.00593747
-0.00151536
-0.0059195
-0.00184541
-0.00586488
-0.00579552
-0.0021854
-3.02127e-05
-0.00143364
-0.000139076
-0.00325378
-0.000328391
-0.00438334
-0.000587933
-0.00503911
-0.00090186
-0.00538191
-0.00125355
-0.00552953
-0.00162847
-0.00556256
-0.00201619
-0.00553178
-0.00241301
-0.00546806
-0.00540445
-0.00280408
-5.67425e-05
-0.0013769
-0.000219083
-0.00309144
-0.000473187
-0.00412924
-0.000800203
-0.00471209
-0.00118098
-0.00500113
-0.00159961
-0.00511091
-0.0020448
-0.00511737
-0.00250937
-0.00506721
-0.00299211
-0.00498532
-0.00487054
-0.00352603
-8.21123e-05
-0.00129479
-0.000294038
-0.00287952
-0.000606095
-0.00381718
-0.000990529
-0.00432766
-0.00142378
-0.00456788
-0.00188781
-0.00464689
-0.00236961
-0.00463556
-0.00286016
-0.00457665
-0.00335314
-0.00449234
-0.0043907
-0.00383298
-0.000105686
-0.0011891
-0.000362567
-0.00262263
-0.000725769
-0.00345398
-0.00115926
-0.00389417
-0.00163549
-0.00409164
-0.00213476
-0.00414762
-0.00264359
-0.00412672
-0.00315298
-0.00406727
-0.00365572
-0.0039896
-0.00390412
-0.0041423
-0.000127124
-0.00106198
-0.000424093
-0.00232567
-0.000832129
-0.00304594
-0.00130801
-0.00341829
-0.00182119
-0.00357847
-0.00235117
-0.00361764
-0.0028849
-0.003593
-0.00341418
-0.00353798
-0.00393345
-0.00347033
-0.00339941
-0.00443817
-0.000146168
-0.000915811
-0.000478195
-0.00199364
-0.000925014
-0.00259913
-0.00143741
-0.00290589
-0.00198262
-0.00303326
-0.00254001
-0.00306024
-0.00309728
-0.00303572
-0.00364743
-0.00298783
-0.00418649
-0.00293127
-0.00287373
-0.00471217
-0.000162574
-0.000753237
-0.000524424
-0.00163179
-0.001004
-0.00211955
-0.00154723
-0.00236267
-0.00211977
-0.00246072
-0.00270114
-0.00247888
-0.00327986
-0.002457
-0.00385004
-0.00241766
-0.00440884
-0.00237247
-0.0023274
-0.00495516
-0.000176093
-0.000577144
-0.000562273
-0.00124561
-0.00106846
-0.00161336
-0.00163675
-0.00179437
-0.00223173
-0.00186574
-0.00283312
-0.00187749
-0.00343024
-0.00185988
-0.004018
-0.00182989
-0.00459439
-0.00179608
-0.00176282
-0.00515898
-0.000186486
-0.000390657
-0.000591226
-0.00084087
-0.00111764
-0.00108695
-0.00170502
-0.001207
-0.00231719
-0.00125356
-0.00293414
-0.00126054
-0.00354575
-0.00124827
-0.00414756
-0.00122808
-0.00473805
-0.00120559
-0.00118367
-0.00531721
-0.000193544
-0.000197113
-0.000610819
-0.000423594
-0.00115086
-0.000546907
-0.00175112
-0.000606741
-0.00237495
-0.000629725
-0.00300253
-0.000632963
-0.00362412
-0.000626681
-0.00423567
-0.00061653
-0.00483596
-0.000605299
-0.000594412
-0.00542521
-0.000197113
9.86384e-11
-0.000620708
2.12723e-10
-0.00116762
2.67436e-10
-0.00177436
2.8458e-10
-0.00240408
2.81215e-10
-0.00303704
2.68061e-10
-0.00366373
2.51238e-10
-0.00428026
2.34069e-10
-0.00488556
2.17925e-10
2.04857e-10
-0.00547997
-0.000197113
0.000197113
-0.000620708
0.000423595
-0.00116762
0.000546908
-0.00177436
0.000606741
-0.00240408
0.000629725
-0.00303704
0.000632963
-0.00366373
0.000626682
-0.00428026
0.00061653
-0.00488556
0.0006053
0.000594412
-0.00547997
-0.000193544
0.000390658
-0.000610819
0.00084087
-0.00115086
0.00108695
-0.00175112
0.001207
-0.00237495
0.00125356
-0.00300253
0.00126054
-0.00362412
0.00124828
-0.00423567
0.00122808
-0.00483596
0.00120559
0.00118367
-0.00542521
-0.000186486
0.000577144
-0.000591226
0.00124561
-0.00111764
0.00161336
-0.00170502
0.00179437
-0.00231719
0.00186574
-0.00293414
0.00187749
-0.00354575
0.00185988
-0.00414756
0.00182989
-0.00473805
0.00179608
0.00176282
-0.00531721
-0.000176093
0.000753237
-0.000562273
0.00163179
-0.00106846
0.00211955
-0.00163675
0.00236267
-0.00223173
0.00246072
-0.00283312
0.00247888
-0.00343024
0.002457
-0.004018
0.00241766
-0.00459439
0.00237247
0.0023274
-0.00515898
-0.000162574
0.000915811
-0.000524424
0.00199364
-0.001004
0.00259913
-0.00154723
0.00290589
-0.00211977
0.00303326
-0.00270114
0.00306024
-0.00327986
0.00303573
-0.00385004
0.00298783
-0.00440884
0.00293127
0.00287373
-0.00495516
-0.000146168
0.00106198
-0.000478195
0.00232567
-0.000925014
0.00304594
-0.00143741
0.00341829
-0.00198262
0.00357847
-0.00254001
0.00361764
-0.00309728
0.003593
-0.00364743
0.00353798
-0.00418649
0.00347033
0.00339941
-0.00471217
-0.000127124
0.0011891
-0.000424093
0.00262263
-0.000832129
0.00345398
-0.00130801
0.00389417
-0.00182119
0.00409164
-0.00235117
0.00414762
-0.0028849
0.00412672
-0.00341418
0.00406727
-0.00393345
0.0039896
0.00390412
-0.00443817
-0.000105686
0.00129479
-0.000362567
0.00287952
-0.000725769
0.00381718
-0.00115926
0.00432766
-0.00163549
0.00456788
-0.00213476
0.00464689
-0.00264359
0.00463556
-0.00315298
0.00457665
-0.00365572
0.00449234
0.0043907
-0.0041423
-8.21123e-05
0.0013769
-0.000294038
0.00309144
-0.000606095
0.00412924
-0.000990529
0.00471209
-0.00142378
0.00500113
-0.00188781
0.00511091
-0.00236961
0.00511737
-0.00286016
0.00506721
-0.00335314
0.00498532
0.00487054
-0.00383298
-5.67425e-05
0.00143364
-0.000219083
0.00325378
-0.000473187
0.00438334
-0.000800203
0.00503911
-0.00118098
0.00538191
-0.00159961
0.00552953
-0.0020448
0.00556256
-0.00250937
0.00553178
-0.00299212
0.00546806
0.00540445
-0.00352603
-3.02127e-05
0.00146386
-0.000139076
0.00336265
-0.000328391
0.00457266
-0.000587933
0.00529865
-0.00090186
0.00569584
-0.00125355
0.00588123
-0.00162847
0.00593747
-0.00201619
0.0059195
-0.00241301
0.00586488
0.00579552
-0.00280408
-3.60264e-06
0.00146746
-5.70681e-05
0.00341611
-0.000177471
0.00469306
-0.000363865
0.00548504
-0.000605147
0.00593712
-0.000886409
0.00616249
-0.00119341
0.00624448
-0.00151536
0.00624146
-0.00184541
0.00619492
0.00613551
-0.0021854
2.18503e-05
0.00144561
2.3411e-05
0.00341455
-2.68557e-05
0.00474333
-0.000137945
0.00559613
-0.000305
0.00610418
-0.000516607
0.0063741
-0.000760182
0.00648805
-0.00102509
0.00650637
-0.00130295
0.00647277
0.00641924
-0.00158668
4.51881e-05
0.00140042
9.95305e-05
0.00336021
0.000118592
0.00472427
8.34276e-05
0.0056313
-8.10683e-06
0.00619571
-0.000148881
0.00651487
-0.000328303
0.00666747
-0.000535786
0.00671385
-0.000761607
0.0066986
0.00665347
-0.000995832
6.57379e-05
0.00133468
0.000169125
0.00325682
0.00025507
0.00463832
0.000295305
0.00559106
0.000280414
0.0062106
0.000212695
0.00658259
0.000100288
0.00677988
-4.66586e-05
0.0068608
-0.000217629
0.00686957
0.0068378
-0.000401958
8.30475e-05
0.00125164
0.000230519
0.00310935
0.000379381
0.00448946
0.000493215
0.00547723
0.000555445
0.00614837
0.000563107
0.00657493
0.000521278
0.00682171
0.000438996
0.00694308
0.000326944
0.00698162
0.00696848
0.000196262
9.6845e-05
0.00115479
0.000282446
0.00292375
0.000488812
0.00428309
0.000672995
0.00529305
0.000811766
0.0060096
0.000896646
0.00649005
0.000928966
0.00678939
0.000915821
0.00695623
0.000867303
0.00703014
0.00704096
0.000794818
0.000107012
0.00104778
0.000324019
0.00270674
0.0005811
0.00402601
0.000830748
0.0050434
0.00104398
0.00579637
0.00120678
0.00632724
0.00131617
0.00668
0.0013764
0.00689599
0.00139615
0.00701039
0.00705053
0.00138659
0.000113566
0.000934214
0.000354717
0.00246559
0.000654473
0.00372626
0.000962938
0.00473493
0.00124663
0.00551268
0.00148637
0.0060875
0.00167446
0.00649192
0.00181154
0.00675891
0.00190399
0.00691794
0.00699251
0.00196201
0.000116654
0.00081756
0.000374417
0.00220783
0.000707776
0.0033929
0.00106666
0.00437605
0.00141465
0.00516469
0.00172816
0.00577399
0.00199472
0.00622535
0.00221082
0.00654281
0.00237963
0.00674913
0.0068626
0.00250953
0.000116535
0.000701025
0.000383403
0.00194096
0.000740588
0.00303571
0.00113992
0.00397672
0.00154384
0.00476077
0.00192545
0.00539238
0.00226794
0.00588286
0.00256332
0.00624744
0.00281087
0.00650158
0.00665732
0.00301615
0.000113612
0.000587413
0.000382442
0.00167213
0.000753421
0.00266474
0.00118208
0.00354806
0.00163153
0.00431132
0.00207302
0.00495089
0.0024862
0.00546969
0.00285874
0.00587489
0.00318557
0.00617475
0.00637446
0.00346844
0.000108351
0.000479062
0.000372642
0.00140784
0.000747592
0.00228979
0.00119383
0.00310182
0.00167684
0.00382831
0.00216763
0.0044601
0.00264353
0.00499378
0.00308846
0.00542996
0.00349283
0.00577039
0.00601356
0.00385372
0.000101285
0.000377777
0.000355419
0.0011537
0.000725191
0.00192001
0.00117727
0.00264974
0.00168093
0.00332464
0.00220865
0.00393239
0.00273688
0.00446555
0.00324676
0.00492008
0.00372446
0.00529269
0.00557624
0.00416178
9.2938e-05
0.000284839
0.00033229
0.000914352
0.000688737
0.00156357
0.00113546
0.00220302
0.00164669
0.00281341
0.00219786
0.00338121
0.00276623
0.00389719
0.00333148
0.00435483
0.00387613
0.00474804
0.00506607
0.0043863
8.37407e-05
0.000201098
0.000304601
0.000693491
0.000640652
0.00122752
0.0010717
0.00177197
0.0015777
0.00230741
0.00213845
0.00282046
0.00273372
0.00330192
0.00334337
0.00374518
0.00394725
0.00414416
0.00448784
0.00452548
7.39366e-05
0.000127161
0.000273234
0.000494194
0.000582646
0.000918103
0.000988382
0.00136624
0.00147656
0.00181923
0.00203256
0.00226447
0.00264057
0.0026939
0.00328286
0.00310289
0.00393815
0.00348887
0.00384595
0.00458004
6.35351e-05
6.36263e-05
0.000238444
0.000319285
0.000515285
0.000641262
0.000886047
0.000995476
0.00134297
0.00136231
0.00187792
0.00172952
0.00248169
0.00209013
0.00314248
0.0024421
0.00384173
0.00278962
0.00314198
0.00454571
5.23917e-05
1.12346e-05
0.000200083
0.000171594
0.000438294
0.000403051
0.000763517
0.000670254
0.00117307
0.000952754
0.00166511
0.00123749
0.00223855
0.00151669
0.00289253
0.00178812
0.00362157
0.00206057
0.00237213
0.00439142
4.04862e-05
-2.92516e-05
0.000158428
5.3652e-05
0.00035222
0.000209259
0.000620594
0.000401879
0.00096293
0.000610419
0.00137992
0.000820499
0.00187479
0.00102181
0.0024566
0.00120632
0.00314804
0.00136913
0.00151388
0.00400629
2.834e-05
-5.75916e-05
0.00011554
-3.35482e-05
0.000261811
6.29889e-05
0.000465742
0.000197947
0.00072453
0.000351631
0.00103368
0.000511346
0.00138638
0.00066911
0.00177186
0.000820843
0.00217448
0.00096651
0.00111704
0.00257132
1.70391e-05
-7.46306e-05
7.54301e-05
-9.19392e-05
0.000177173
-3.87542e-05
0.000321348
5.37719e-05
0.000504996
0.000167984
0.000723336
0.000293006
0.000970088
0.000422358
0.00123847
0.000552463
0.00152476
0.000680215
0.000798743
0.00184306
7.39921e-06
-8.20298e-05
4.09557e-05
-0.000125496
0.00010475
-0.000102548
0.000199375
-4.08532e-05
0.000323536
4.38224e-05
0.000474861
0.000141681
0.000650743
0.000246476
0.000849502
0.000353704
0.00107165
0.000458071
0.000549711
0.00132068
-3.1456e-07
-8.17152e-05
1.30299e-05
-0.00013884
4.61736e-05
-0.000135692
0.000101536
-9.62159e-05
0.000179771
-3.4412e-05
0.000280773
4.06789e-05
0.000404475
0.000122774
0.000551454
0.000206725
0.000722824
0.0002867
0.000354819
0.000917716
-6.21188e-06
-7.55034e-05
-8.6671e-06
-0.000136385
5.39153e-07
-0.000144898
2.54816e-05
-0.000121158
6.83965e-05
-7.73269e-05
0.00013066
-2.15847e-05
0.000213371
4.00635e-05
0.000317551
0.000102545
0.000443637
0.000160614
0.000208546
0.00058991
-1.05786e-05
-6.49247e-05
-2.50253e-05
-0.000121938
-3.40943e-05
-0.000135829
-3.2446e-05
-0.000122807
-1.67841e-05
-9.29888e-05
1.50292e-05
-5.3398e-05
6.44136e-05
-9.32093e-06
0.000132138
3.48208e-05
0.000217926
7.48256e-05
0.000106684
0.000319788
-1.37287e-05
-5.1196e-05
-3.70271e-05
-9.86399e-05
-5.97326e-05
-0.000113124
-7.56584e-05
-0.000106881
-8.09019e-05
-8.77453e-05
-7.30337e-05
-6.12661e-05
-5.06976e-05
-3.16571e-05
-1.35079e-05
-2.3688e-06
3.77877e-05
2.35301e-05
4.33692e-05
0.000101102
-1.59152e-05
-3.52808e-05
-4.54664e-05
-6.90887e-05
-7.79225e-05
-8.06677e-05
-0.00010659
-7.82128e-05
-0.000127269
-6.70669e-05
-0.000137476
-5.10589e-05
-0.000136033
-3.31001e-05
-0.000122874
-1.55281e-05
-9.9017e-05
-3.26624e-07
1.08812e-05
-6.6529e-05
-1.73024e-05
-1.79785e-05
-5.08642e-05
-3.55269e-05
-8.96396e-05
-4.18923e-05
-0.000126668
-4.11848e-05
-0.000157623
-3.61116e-05
-0.000180057
-2.86247e-05
-0.000192951
-2.02065e-05
-0.000196447
-1.2032e-05
-0.000191703
-5.07054e-06
-8.90474e-08
-0.000180733
-1.79782e-05
-5.35044e-05
-9.53959e-05
-0.00013658
-0.00017269
-0.000201314
-0.00022152
-0.000233551
-0.000238621
-0.00023871
0.000183837
-0.000422506
-4.10799e-08
0.00132612
-0.00114221
-7.20313e-08
0.00250033
-0.00117423
8.2371e-09
0.00325158
-0.000751408
1.56391e-07
0.00389011
-0.000638692
1.62017e-07
0.00432665
-0.000436527
-1.14096e-08
0.00469439
-0.000367614
-1.27215e-07
0.0049429
-0.000248254
-2.5619e-07
0.00518667
-0.000243621
-1.48994e-07
-0.000175976
4.29982e-08
0.000295699
-0.000898939
0.00140872
-0.00225523
0.0025565
-0.00232201
0.00329119
-0.00148609
0.00391802
-0.00126552
0.00434793
-0.000866433
0.00471147
-0.000731155
0.00495816
-0.000494951
0.00520113
-0.000486588
-0.000352856
0.000512232
-0.0014777
0.00156821
-0.00331121
0.00266462
-0.00341841
0.00336741
-0.00218888
0.00397175
-0.00186987
0.00438902
-0.0012837
0.00474461
-0.00108675
0.004988
-0.000738339
0.00522959
-0.000728179
-0.000531765
0.000819521
-0.00219612
0.00179363
-0.00428532
0.00281655
-0.00444133
0.00347449
-0.00284682
0.0040473
-0.00244268
0.00444713
-0.00168353
0.00479189
-0.00143151
0.00503108
-0.00097753
0.00527118
-0.000968278
-0.00071405
0.00119791
-0.00307424
0.00206959
-0.005157
0.00300095
-0.00537269
0.00360438
-0.00345026
0.00413902
-0.00297731
0.00451828
-0.00206279
0.00485055
-0.00176378
0.00508551
-0.00121249
0.00532463
-0.0012074
-0.000901431
0.00162322
-0.00410756
0.00237742
-0.0059112
0.0032041
-0.00619936
0.00374732
-0.00399348
0.00424007
-0.00347006
0.00459762
-0.00242035
0.00491719
-0.00208335
0.0051489
-0.0014442
0.00538834
-0.00144684
-0.00109608
0.00206744
-0.00525729
0.0026959
-0.00653966
0.00341074
-0.00691421
0.00389251
-0.00447525
0.00434284
-0.00392039
0.00467972
-0.00275723
0.00498796
-0.00239159
0.00521855
-0.00167479
0.00546045
-0.00168875
-0.00130065
0.00250054
-0.00643715
0.00300205
-0.00704117
0.00360493
-0.00751709
0.00402872
-0.00489903
0.00443943
-0.0043311
0.00475889
-0.00307669
0.00505881
-0.0026915
0.00529153
-0.00190751
0.00553891
-0.00193613
-0.00151835
0.00290407
-0.00749817
0.0032766
-0.00741369
0.0037725
-0.008013
0.00414545
-0.00527198
0.00452234
-0.004708
0.00482958
-0.00338392
0.00512566
-0.00298759
0.00536485
-0.0021467
0.00562157
-0.00219284
-0.00175281
0.00328233
-0.00820918
0.00351786
-0.00764923
0.00390246
-0.00839759
0.0042354
-0.00560492
0.00458476
-0.00505735
0.00488691
-0.00368607
0.00518441
-0.0032851
0.00543589
-0.00239817
0.00570574
-0.0024627
-0.00200866
0.0434102
-0.000973721
-0.0506457
0.0391326
-0.00337158
0.0370694
-0.00633441
0.0369192
-0.00545474
0.0368325
-0.00497064
0.0370751
-0.00392868
0.0373562
-0.00356618
0.0377221
-0.00276413
0.038051
-0.00279153
-0.00253062
0.0523182
0.00325666
-0.0565486
0.0501711
-0.00122447
0.0475892
-0.00375252
0.0460649
-0.0039304
0.0448814
-0.00378719
0.0441129
-0.00316014
0.0435256
-0.0029789
0.0431784
-0.00241691
0.0428369
-0.00245002
-0.00246557
0.0538778
0.00447284
-0.055094
0.0526157
3.76462e-05
0.0510013
-0.00213814
0.0496916
-0.00262069
0.0485818
-0.00267742
0.0477421
-0.00232044
0.0470143
-0.00225102
0.0464695
-0.00187212
0.0459057
-0.00188627
-0.00210489
0.0520253
0.00433773
-0.0518902
0.0516325
0.000430432
0.0507918
-0.00129744
0.0499418
-0.00177068
0.0491656
-0.00190121
0.0485517
-0.00170647
0.0479896
-0.00168895
0.0475274
-0.00140994
0.0470279
-0.00138681
-0.00169109
0.0499834
0.00366645
-0.0493121
0.0498572
0.000556644
0.0494202
-0.000860395
0.0489038
-0.00125434
0.0483922
-0.00138959
0.0479767
-0.00129099
0.0475883
-0.00130048
0.0472519
-0.00107355
0.0468873
-0.00102221
-0.00132489
0.0482921
0.00287533
-0.047501
0.0483119
0.000536915
0.0480422
-0.000590719
0.0476969
-0.000909062
0.047333
-0.00102575
0.0470257
-0.000983654
0.0467348
-0.0010096
0.0464813
-0.000819991
0.0462189
-0.000759866
-0.0010167
0.0470903
0.00209189
-0.0463069
0.0471728
0.000454447
0.0469784
-0.000396356
0.0467131
-0.000643751
0.0464218
-0.000734398
0.0461607
-0.000722639
0.0459064
-0.000755228
0.0456911
-0.000604676
0.0454826
-0.000551441
-0.00074637
0.0462796
0.00135705
-0.0455448
0.0464092
0.000324918
0.046256
-0.000243228
0.0460265
-0.000414179
0.045768
-0.000475919
0.0455231
-0.000477807
0.0452747
-0.000506786
0.0450721
-0.000402081
0.0448845
-0.000363794
-0.000493689
0.0457852
0.00066627
-0.0450944
0.0459445
0.000165585
0.0458179
-0.000116594
0.0456048
-0.00020108
0.0453607
-0.000231826
0.0451208
-0.000237906
0.0448686
-0.00025462
0.0446687
-0.000202158
0.0444857
-0.000180797
-0.000246955
0.0455509
-0.0448847
0.0457165
0.0455999
0.0453988
0.045167
0.0449291
0.0446745
0.0444723
0.0442915
0.0567889
0.00229834
-0.0560711
0.0573497
0.00290767
0.0577048
0.00349859
0.0578045
0.00406212
0.0576017
0.00458907
0.0570565
0.00507069
0.0561372
0.00549934
0.0548139
0.00586895
0.0530307
0.00617469
0.00639129
0.0513885
0.00169063
-0.0507808
0.0520408
0.00225538
0.0527237
0.00281571
0.0534193
0.00336654
0.0541062
0.00390212
0.0547607
0.00441625
0.0553575
0.00490247
0.055872
0.00535444
0.0562803
0.00576643
0.00612296
0.0480841
0.00121647
-0.04761
0.0486392
0.00170029
0.049272
0.00218292
0.0499771
0.00266149
0.0507463
0.00313286
0.051569
0.00359353
0.0524318
0.00403969
0.0533191
0.00446716
0.0542141
0.00487141
0.0052431
0.0454843
0.000890536
-0.0451583
0.0458903
0.00129429
0.0463769
0.00169629
0.0469441
0.0020943
0.0475909
0.00248605
0.0483152
0.00286921
0.0491135
0.00324138
0.0499807
0.00360003
0.0509097
0.0039424
0.00426254
0.0439009
0.000651149
-0.0436615
0.0442143
0.000980853
0.044602
0.00130867
0.0450635
0.00163275
0.0455984
0.00195121
0.0462054
0.0022622
0.0468829
0.00256383
0.0476287
0.00285424
0.0484398
0.00313132
0.00339019
0.0428061
0.000469189
-0.0426242
0.0430581
0.000728922
0.0433799
0.000986886
0.043771
0.00124156
0.0442308
0.00149145
0.044758
0.00173505
0.0453509
0.00197089
0.0460076
0.00219751
0.0467257
0.00241328
0.00261484
0.0421144
0.000324522
-0.0419697
0.042326
0.000517362
0.0426041
0.000708788
0.042948
0.000897648
0.0433566
0.0010828
0.0438286
0.00126311
0.044362
0.00143746
0.0449548
0.00160474
0.0456043
0.00176377
0.00191224
0.0416631
0.000203954
-0.0415426
0.0418488
0.000331663
0.0420992
0.000458415
0.0424134
0.000583437
0.0427903
0.000705961
0.0432281
0.000825227
0.0437251
0.000940488
0.0442788
0.00105101
0.0448866
0.00115599
0.00125409
0.0413991
9.81406e-05
-0.0412933
0.041569
0.000161787
0.0418024
0.000224974
0.0420985
0.000287311
0.0424561
0.000348413
0.0428734
0.000407896
0.0433485
0.000465383
0.043879
0.000520501
0.0444622
0.00057286
0.000621818
0.0412737
-0.0411756
0.0414355
0.0416605
0.0419478
0.0422962
0.0427041
0.0431695
0.04369
0.0442628
0.0481197
-0.00335405
-0.0475697
0.0488295
-0.00289516
0.0496489
-0.00240607
0.0505383
-0.00188528
0.0514705
-0.00133415
0.0524269
-0.000760123
0.0533892
-0.000167534
0.0543359
0.000439876
0.0552406
0.00105733
0.00167905
0.0479691
-0.00340788
-0.0479153
0.0480668
-0.00299279
0.0482074
-0.00254671
0.0483967
-0.0020746
0.0486405
-0.00157788
0.0489427
-0.00106241
0.049307
-0.000531836
0.0497354
1.14988e-05
0.0502277
0.000565078
0.00112592
0.0468959
-0.00314845
-0.0471553
0.0466914
-0.00278832
0.0465476
-0.00240289
0.0464697
-0.00199673
0.0464639
-0.00157203
0.0465336
-0.00113213
0.0466813
-0.000679509
0.0469089
-0.000216165
0.0472182
0.000255809
0.000734153
0.0455762
-0.00277182
-0.0459528
0.0452574
-0.00246957
0.0450001
-0.00214558
0.0448078
-0.0018044
0.0446837
-0.00144793
0.0446301
-0.00107857
0.044649
-0.000698392
0.0447422
-0.000309341
0.0449114
8.65691e-05
0.000487245
0.0446577
-0.00234993
-0.0450796
0.0442896
-0.00210146
0.0439798
-0.00183581
0.0437315
-0.0015561
0.0435475
-0.00126395
0.0434301
-0.000961188
0.0433813
-0.00064955
0.0434027
-0.00033073
0.0434957
-6.47278e-06
0.000321431
0.0439875
-0.00190048
-0.044437
0.04359
-0.00170397
0.0432484
-0.00149414
0.0429655
-0.00127325
0.0427441
-0.00104255
0.0425864
-0.000803436
0.0424941
-0.000557293
0.0424689
-0.000305513
0.0425119
-4.95242e-05
0.000209209
0.043558
-0.00143603
-0.0440224
0.0431439
-0.00128991
0.0427839
-0.00113408
0.0424806
-0.00097002
0.0422368
-0.000798662
0.0420543
-0.000621017
0.0419352
-0.000438118
0.0418807
-0.00025102
0.041892
-6.0803e-05
0.000131422
0.0432795
-0.000961511
-0.043754
0.0428544
-0.000864817
0.0424821
-0.00076173
0.0421652
-0.000653187
0.0419064
-0.000539794
0.0417076
-0.00042221
0.0415706
-0.000301119
0.0414968
-0.000177224
0.0414872
-5.1249e-05
7.60636e-05
0.043119
-0.00048156
-0.0435989
0.0426877
-0.000433537
0.0423083
-0.000382342
0.0419835
-0.000328417
0.0417158
-0.000272061
0.0415072
-0.000213596
0.0413594
-0.000153361
0.0412739
-9.17038e-05
0.0412516
-2.89856e-05
3.44225e-05
0.0430452
-0.0435267
0.0426116
0.0422293
0.0419009
0.0416288
0.0414152
0.0412618
0.0411701
0.0411412
0.0429487
0.00017419
-0.000193969
0.0429948
0.000520066
-0.000566183
0.0430722
0.000871261
-0.000948592
0.043198
0.00123537
-0.00136122
0.0434021
0.00161765
-0.00182177
0.0437277
0.0020223
-0.00234792
0.0442332
0.0024514
-0.00295688
0.0449898
0.00290738
-0.003664
0.0460914
0.00336618
-0.00446772
0.00391591
-0.00539429
0.0429655
0.000137666
0.0430721
0.000413461
0.0432527
0.000690662
0.0435176
0.000970437
0.0438817
0.00125359
0.0443636
0.00154036
0.0449852
0.00182984
0.0457703
0.00212219
0.0467347
0.00240188
0.00273527
0.0429664
0.000100165
0.0430774
0.000302456
0.0432619
0.000506219
0.0435238
0.000708504
0.043869
0.000908429
0.0443046
0.0011047
0.0448393
0.0012952
0.0454832
0.00147824
0.0462413
0.00164379
0.00182127
0.0429586
7.04792e-05
0.0430475
0.000213588
0.0431957
0.000358021
0.043404
0.000500202
0.0436735
0.000638953
0.0440052
0.000772989
0.0443996
0.000900739
0.0448569
0.00102101
0.0453719
0.00112879
0.00124032
0.0429506
4.88456e-05
0.043016
0.000148188
0.0431255
0.000248435
0.0432791
0.000346694
0.0434761
0.000441927
0.043716
0.000533092
0.0439977
0.000619047
0.0443198
0.00069886
0.0446789
0.000769734
0.000839631
0.0429445
3.32796e-05
0.0429917
0.000100976
0.0430709
0.000169256
0.0431815
0.00023607
0.0433228
0.000300657
0.0434936
0.000362284
0.0436924
0.000420212
0.0439174
0.000473846
0.0441655
0.000521714
0.000568101
0.0429403
2.19019e-05
0.0429748
6.64443e-05
0.0430327
0.000111352
0.0431135
0.000155266
0.0432165
0.000197675
0.0433407
0.000238093
0.0434849
0.000276043
0.0436476
0.000311136
0.0438268
0.000342541
0.00037243
0.0429376
1.32677e-05
0.0429638
4.02394e-05
0.0430077
6.74217e-05
0.043069
9.40036e-05
0.043147
0.000119677
0.0432409
0.000144152
0.0433498
0.000167155
0.0434725
0.000188459
0.0436074
0.00020763
0.000225776
0.0429359
6.25685e-06
0.0429572
1.89719e-05
0.0429928
3.17833e-05
0.0430425
4.43122e-05
0.0431058
5.64148e-05
0.043182
6.79568e-05
0.0432703
7.88097e-05
0.0433699
8.88678e-05
0.0434796
9.7938e-05
0.000106481
0.0429352
0.0429542
0.0429859
0.0430303
0.0430867
0.0431546
0.0432334
0.0433223
0.0434202
0.00713244
-6.13725e-05
2.05572e-11
0.00716088
-2.84351e-05
6.08202e-11
0.00715414
6.73258e-06
1.05479e-10
0.00710837
4.57752e-05
1.47775e-10
0.00701786
9.05081e-05
1.89006e-10
0.00687454
0.000143318
2.28251e-10
0.00666707
0.000207476
2.67575e-10
0.00637963
0.000287436
3.05075e-10
0.00599098
0.000388653
3.42347e-10
0.000511008
3.82821e-10
0.0071274
-0.000117707
0.00715043
-5.14648e-05
0.00713801
1.91543e-05
0.00708635
9.74361e-05
0.00698985
0.000187012
0.00684052
0.000292646
0.00662715
0.000420849
0.00633411
0.000580478
0.00594036
0.000782402
0.00102615
0.00711736
-0.000163994
0.00712961
-6.37172e-05
0.00710586
4.29074e-05
0.00704249
0.000160807
0.00693406
0.000295434
0.00677281
0.000453904
0.00654776
0.0006459
0.00624367
0.000884561
0.00584003
0.00118604
0.00154898
0.00710235
-0.000195276
0.00709852
-5.9889e-05
0.0070579
8.35332e-05
0.00697712
0.000241581
0.00685102
0.000421538
0.00667209
0.000632831
0.00642981
0.000888178
0.0061096
0.00120477
0.00569191
0.00160374
0.00208191
0.00708247
-0.000206672
0.00705737
-3.47903e-05
0.0069945
0.000146396
0.00689087
0.00034522
0.00674157
0.000570832
0.00653951
0.00083489
0.00627479
0.00115289
0.00593389
0.00154568
0.00549898
0.00203865
0.00262572
0.00705779
-0.000193393
0.00700641
1.65904e-05
0.00691624
0.000236567
0.00678464
0.000476823
0.00660704
0.000748429
0.00637679
0.00106514
0.00608488
0.00144481
0.00571937
0.00191119
0.00526554
0.00249247
0.0031791
0.00702839
-0.000150715
0.00694598
9.90007e-05
0.00682385
0.000358704
0.00665965
0.000641017
0.00644911
0.00095897
0.00618611
0.00132814
0.00586285
0.00176807
0.00546978
0.00230426
0.00499727
0.00296498
0.0037382
0.00699436
-7.40016e-05
0.00687662
0.000216735
0.00671841
0.000516919
0.00651744
0.00084198
0.00626962
0.00120679
0.00596954
0.00162822
0.00561124
0.00212636
0.00518912
0.00272638
0.00470161
0.00345248
0.00429751
0.00695634
4.07277e-05
0.00680014
0.000372935
0.00660291
0.000714146
0.00636207
0.00108282
0.00607351
0.00149535
0.00573262
0.00196911
0.00533582
0.00252317
0.00488343
0.00317877
0.00438897
0.00394694
0.00485351
0.00691783
0.00672458
0.00649013
0.00621174
0.00588533
0.00550652
0.00507281
0.00458758
0.0040668
0.00691783
-4.07277e-05
0.000193969
0.00672458
-0.000372935
0.000566183
0.00649013
-0.000714146
0.000948592
0.00621174
-0.00108282
0.00136122
0.00588533
-0.00149535
0.00182177
0.00550652
-0.00196911
0.00234792
0.00507281
-0.00252317
0.00295688
0.00458758
-0.00317877
0.003664
0.0040668
-0.00394694
0.00446772
-0.00485351
0.00539429
0.00695634
7.40016e-05
0.00680014
-0.000216735
0.00660291
-0.000516919
0.00636207
-0.00084198
0.00607351
-0.0012068
0.00573262
-0.00162822
0.00533582
-0.00212636
0.00488343
-0.00272638
0.00438897
-0.00345248
-0.00429752
0.00699436
0.000150715
0.00687662
-9.90008e-05
0.00671841
-0.000358704
0.00651744
-0.000641017
0.00626962
-0.00095897
0.00596954
-0.00132814
0.00561124
-0.00176807
0.00518912
-0.00230426
0.00470161
-0.00296498
-0.0037382
0.00702839
0.000193393
0.00694598
-1.65905e-05
0.00682385
-0.000236567
0.00665965
-0.000476824
0.00644911
-0.00074843
0.00618611
-0.00106514
0.00586285
-0.00144481
0.00546978
-0.00191119
0.00499727
-0.00249247
-0.0031791
0.00705779
0.000206672
0.00700641
3.47902e-05
0.00691624
-0.000146396
0.00678464
-0.000345221
0.00660704
-0.000570833
0.00637679
-0.000834891
0.00608488
-0.0011529
0.00571937
-0.00154568
0.00526554
-0.00203865
-0.00262572
0.00708247
0.000195276
0.00705737
5.98889e-05
0.0069945
-8.35334e-05
0.00689087
-0.000241581
0.00674157
-0.000421538
0.00653951
-0.000632832
0.00627479
-0.000888178
0.00593389
-0.00120477
0.00549898
-0.00160374
-0.00208191
0.00710235
0.000163994
0.00709852
6.37171e-05
0.0070579
-4.29076e-05
0.00697712
-0.000160807
0.00685102
-0.000295434
0.00667209
-0.000453904
0.00642981
-0.0006459
0.0061096
-0.000884561
0.00569191
-0.00118604
-0.00154898
0.00711736
0.000117707
0.00712961
5.14647e-05
0.00710586
-1.91545e-05
0.00704249
-9.74364e-05
0.00693406
-0.000187013
0.00677281
-0.000292647
0.00654776
-0.00042085
0.00624367
-0.000580478
0.00584003
-0.000782402
-0.00102615
0.0071274
6.13724e-05
0.00715043
2.8435e-05
0.00713801
-6.73279e-06
0.00708635
-4.57754e-05
0.00698985
-9.05085e-05
0.00684052
-0.000143319
0.00662715
-0.000207477
0.00633411
-0.000287436
0.00594036
-0.000388654
-0.000511009
0.00713244
0.00716088
0.00715414
0.00710837
0.00701786
0.00687454
0.00666707
0.00637963
0.00599098
0.0429352
-6.25686e-06
0.0429542
-1.89719e-05
0.0429859
-3.17833e-05
0.0430303
-4.43122e-05
0.0430867
-5.64148e-05
0.0431546
-6.79568e-05
0.0432334
-7.88097e-05
0.0433223
-8.88678e-05
0.0434202
-9.79381e-05
-0.000106481
0.0435267
0.0429359
-1.32677e-05
0.0429572
-4.02394e-05
0.0429928
-6.74216e-05
0.0430425
-9.40036e-05
0.0431058
-0.000119677
0.043182
-0.000144152
0.0432703
-0.000167155
0.0433699
-0.000188459
0.0434796
-0.00020763
-0.000225776
0.0435989
0.0429376
-2.19019e-05
0.0429638
-6.64443e-05
0.0430077
-0.000111352
0.043069
-0.000155266
0.043147
-0.000197675
0.0432409
-0.000238093
0.0433498
-0.000276043
0.0434725
-0.000311136
0.0436074
-0.000342541
-0.00037243
0.043754
0.0429403
-3.32795e-05
0.0429748
-0.000100976
0.0430327
-0.000169256
0.0431135
-0.00023607
0.0432165
-0.000300657
0.0433407
-0.000362284
0.0434849
-0.000420212
0.0436476
-0.000473846
0.0438268
-0.000521714
-0.000568101
0.0440224
0.0429445
-4.88455e-05
0.0429917
-0.000148188
0.0430709
-0.000248434
0.0431815
-0.000346694
0.0433228
-0.000441927
0.0434936
-0.000533092
0.0436924
-0.000619047
0.0439174
-0.00069886
0.0441655
-0.000769734
-0.000839631
0.044437
0.0429506
-7.04792e-05
0.043016
-0.000213588
0.0431255
-0.000358021
0.0432791
-0.000500202
0.0434761
-0.000638953
0.043716
-0.000772989
0.0439977
-0.000900739
0.0443198
-0.00102101
0.0446789
-0.00112879
-0.00124032
0.0450796
0.0429586
-0.000100165
0.0430475
-0.000302456
0.0431957
-0.000506219
0.043404
-0.000708504
0.0436735
-0.000908429
0.0440052
-0.0011047
0.0443996
-0.0012952
0.0448569
-0.00147824
0.0453719
-0.00164379
-0.00182127
0.0459528
0.0429664
-0.000137666
0.0430774
-0.000413461
0.0432619
-0.000690662
0.0435238
-0.000970437
0.043869
-0.00125359
0.0443046
-0.00154036
0.0448393
-0.00182984
0.0454832
-0.00212219
0.0462413
-0.00240188
-0.00273527
0.0471553
0.0429655
-0.00017419
0.0430721
-0.000520066
0.0432527
-0.000871261
0.0435176
-0.00123537
0.0438817
-0.00161765
0.0443636
-0.0020223
0.0449852
-0.0024514
0.0457703
-0.00290738
0.0467347
-0.00336619
-0.00391592
0.0479153
0.0429487
0.0429948
0.0430722
0.043198
0.0434021
0.0437277
0.0442332
0.0449898
0.0460914
0.0475697
0.0430452
0.00048156
0.0426116
0.000433537
0.0422293
0.000382342
0.0419009
0.000328417
0.0416288
0.000272061
0.0414152
0.000213596
0.0412618
0.000153361
0.0411701
9.17038e-05
0.0411412
2.89856e-05
-3.44225e-05
0.0411756
0.043119
0.000961511
0.0426877
0.000864817
0.0423083
0.00076173
0.0419835
0.000653187
0.0417158
0.000539794
0.0415072
0.00042221
0.0413594
0.000301119
0.0412739
0.000177224
0.0412516
5.1249e-05
-7.60635e-05
0.0412933
0.0432795
0.00143603
0.0428544
0.00128991
0.0424821
0.00113408
0.0421652
0.00097002
0.0419064
0.000798662
0.0417076
0.000621017
0.0415706
0.000438118
0.0414968
0.00025102
0.0414872
6.08031e-05
-0.000131422
0.0415426
0.043558
0.00190048
0.0431439
0.00170397
0.0427839
0.00149414
0.0424806
0.00127325
0.0422368
0.00104255
0.0420543
0.000803436
0.0419352
0.000557293
0.0418807
0.000305513
0.041892
4.95243e-05
-0.000209209
0.0419697
0.0439875
0.00234993
0.04359
0.00210146
0.0432484
0.00183581
0.0429655
0.0015561
0.0427441
0.00126395
0.0425864
0.000961188
0.0424941
0.00064955
0.0424689
0.000330731
0.0425119
6.47287e-06
-0.000321431
0.0426242
0.0446577
0.00277182
0.0442896
0.00246957
0.0439798
0.00214558
0.0437315
0.0018044
0.0435475
0.00144793
0.0434301
0.00107857
0.0433813
0.000698392
0.0434027
0.000309341
0.0434957
-8.6569e-05
-0.000487245
0.0436615
0.0455762
0.00314845
0.0452574
0.00278832
0.0450001
0.00240289
0.0448078
0.00199673
0.0446837
0.00157203
0.0446301
0.00113213
0.044649
0.000679509
0.0447422
0.000216166
0.0449114
-0.000255809
-0.000734153
0.0451583
0.0468959
0.00340788
0.0466914
0.00299279
0.0465476
0.00254671
0.0464697
0.0020746
0.0464639
0.00157788
0.0465336
0.00106241
0.0466813
0.000531836
0.0469089
-1.14985e-05
0.0472182
-0.000565077
-0.00112592
0.04761
0.0479691
0.00335405
0.0480668
0.00289516
0.0482074
0.00240607
0.0483967
0.00188528
0.0486405
0.00133415
0.0489427
0.000760124
0.049307
0.000167534
0.0497354
-0.000439876
0.0502277
-0.00105733
-0.00167905
0.0507808
0.0481197
0.0488295
0.0496489
0.0505383
0.0514705
0.0524269
0.0533892
0.0543359
0.0552406
0.0560711
0.0412737
-9.81406e-05
0.0414355
-0.000161787
0.0416605
-0.000224974
0.0419478
-0.000287311
0.0422962
-0.000348413
0.0427041
-0.000407896
0.0431695
-0.000465383
0.04369
-0.000520501
0.0442628
-0.00057286
-0.000621818
0.0448847
0.0413991
-0.000203954
0.041569
-0.000331663
0.0418024
-0.000458415
0.0420985
-0.000583437
0.0424561
-0.000705961
0.0428734
-0.000825227
0.0433485
-0.000940488
0.043879
-0.00105101
0.0444622
-0.00115599
-0.00125409
0.0450944
0.0416631
-0.000324522
0.0418488
-0.000517362
0.0420992
-0.000708788
0.0424134
-0.000897648
0.0427903
-0.0010828
0.0432281
-0.00126311
0.0437251
-0.00143746
0.0442788
-0.00160474
0.0448866
-0.00176377
-0.00191224
0.0455448
0.0421144
-0.000469189
0.042326
-0.000728922
0.0426041
-0.000986886
0.042948
-0.00124156
0.0433566
-0.00149145
0.0438286
-0.00173505
0.044362
-0.00197089
0.0449548
-0.00219751
0.0456043
-0.00241328
-0.00261484
0.0463069
0.0428061
-0.000651149
0.0430581
-0.000980852
0.0433799
-0.00130867
0.043771
-0.00163275
0.0442308
-0.00195121
0.0447579
-0.0022622
0.0453509
-0.00256383
0.0460076
-0.00285424
0.0467257
-0.00313132
-0.00339019
0.047501
0.0439009
-0.000890536
0.0442143
-0.00129429
0.044602
-0.00169629
0.0450635
-0.0020943
0.0455984
-0.00248605
0.0462054
-0.00286921
0.0468829
-0.00324138
0.0476287
-0.00360003
0.0484398
-0.0039424
-0.00426254
0.0493121
0.0454843
-0.00121647
0.0458903
-0.00170029
0.0463769
-0.00218292
0.0469441
-0.00266149
0.0475909
-0.00313286
0.0483152
-0.00359353
0.0491135
-0.00403969
0.0499807
-0.00446716
0.0509097
-0.00487141
-0.00524309
0.0518902
0.0480841
-0.00169063
0.0486392
-0.00225538
0.049272
-0.00281571
0.0499771
-0.00336654
0.0507463
-0.00390212
0.051569
-0.00441625
0.0524318
-0.00490247
0.0533191
-0.00535444
0.0542141
-0.00576643
-0.00612296
0.055094
0.0513885
-0.00229834
0.0520408
-0.00290767
0.0527237
-0.00349859
0.0534193
-0.00406212
0.0541062
-0.00458907
0.0547607
-0.00507069
0.0553575
-0.00549934
0.055872
-0.00586895
0.0562803
-0.00617469
-0.00639129
0.0565486
0.0567889
0.0573497
0.0577048
0.0578045
0.0576017
0.0570565
0.0561372
0.054814
0.0530307
0.0506457
0.0455509
-0.00066627
0.0457165
-0.000165585
0.0455999
0.000116589
0.0453989
0.000201075
0.045167
0.000231824
0.0449291
0.000237921
0.0446745
0.000254637
0.0444723
0.000202163
0.0442915
0.000180792
0.000246943
0.0457852
-0.00135705
0.0459445
-0.000324917
0.0458179
0.000243217
0.0456048
0.000414168
0.0453607
0.000475915
0.0451208
0.000477839
0.0448686
0.00050682
0.0446687
0.000402093
0.0444857
0.000363784
0.000493663
0.0462796
-0.00209189
0.0464092
-0.000454446
0.046256
0.000396339
0.0460265
0.000643731
0.045768
0.000734392
0.0455231
0.000722689
0.0452747
0.000755282
0.0450721
0.000604701
0.0448844
0.000551423
0.000746327
0.0470903
-0.00287533
0.0471728
-0.000536914
0.0469784
0.000590695
0.0467131
0.00090903
0.0464218
0.00102574
0.0461607
0.000983726
0.0459063
0.00100968
0.045691
0.000820035
0.0454826
0.00075984
0.00101663
0.0482921
-0.00366645
0.0483118
-0.000556644
0.0480422
0.000860362
0.0476969
0.00125429
0.0473331
0.00138958
0.0470257
0.00129109
0.0467348
0.00130059
0.0464812
0.00107362
0.0462189
0.00102218
0.00132479
0.0499834
-0.00433772
0.0498572
-0.000430432
0.0494202
0.00129739
0.0489039
0.00177061
0.0483923
0.0019012
0.0479767
0.0017066
0.0475882
0.00168909
0.0472518
0.00141005
0.0468872
0.00138677
0.00169097
0.0520253
-0.00447282
0.0516325
-3.76453e-05
0.0507918
0.00213808
0.0499419
0.00262058
0.0491657
0.00267739
0.0485517
0.00232059
0.0479896
0.00225119
0.0475273
0.00187228
0.0470279
0.00188624
0.00210475
0.0538778
-0.00325663
0.0526157
0.00122447
0.0510013
0.00375244
0.0496916
0.00393025
0.0485819
0.00378714
0.0477422
0.0031603
0.0470143
0.00297911
0.0464694
0.00241714
0.0459056
0.00245003
0.00246541
0.0523182
0.000973768
0.0501711
0.0033716
0.0475892
0.00633434
0.0460649
0.00545456
0.0448815
0.00497053
0.044113
0.00392881
0.0435257
0.0035664
0.0431784
0.00276445
0.0428368
0.00279163
0.00253047
0.0434102
0.00820924
0.0391325
0.0076493
0.0370693
0.00839756
0.0369192
0.00560469
0.0368326
0.00505713
0.0370752
0.00368613
0.0373563
0.00328533
0.0377222
0.0023986
0.0380509
0.0024629
0.00200855
0.00328233
0.00749823
0.00351786
0.00741378
0.00390245
0.00801296
0.0042354
0.00527173
0.00458477
0.00470776
0.00488692
0.00338398
0.00518443
0.00298783
0.00543589
0.00214713
0.00570573
0.00219306
0.00175271
0.00290407
0.00643721
0.00327659
0.00704126
0.00377249
0.00751706
0.00414545
0.00489878
0.00452235
0.00433086
0.00482959
0.00307674
0.00512568
0.00269174
0.00536485
0.00190796
0.00562155
0.00193636
0.00151824
0.00250054
0.00525736
0.00300204
0.00653976
0.00360492
0.00691418
0.00402872
0.00447498
0.00443945
0.00392013
0.00475891
0.00275728
0.00505882
0.00239183
0.00529153
0.00167525
0.0055389
0.00168899
0.00130055
0.00206744
0.00410763
0.00269589
0.00591131
0.00341073
0.00619934
0.00389251
0.00399321
0.00434285
0.00346978
0.00467974
0.00242039
0.00498798
0.00208359
0.00521855
0.00144468
0.00546044
0.0014471
0.00109598
0.00162322
0.00307432
0.00237741
0.00515712
0.00320408
0.00537266
0.00374732
0.00344997
0.00424008
0.00297703
0.00459764
0.00206283
0.0049172
0.00176403
0.0051489
0.00121297
0.00538833
0.00120767
0.000901337
0.00119791
0.0021962
0.00206959
0.00428544
0.00300094
0.00444131
0.00360438
0.00284653
0.00413903
0.00244238
0.00451829
0.00168356
0.00485056
0.00143176
0.00508551
0.000978025
0.00532462
0.000968558
0.000713959
0.000819521
0.00147778
0.00179362
0.00331134
0.00281654
0.00341839
0.00347449
0.00218858
0.0040473
0.00186956
0.00444714
0.00128373
0.0047919
0.001087
0.00503108
0.000738842
0.00527118
0.000728466
0.000531676
0.000512232
0.00089902
0.00156821
0.00225536
0.00266461
0.00232199
0.0033674
0.00148578
0.00397176
0.00126521
0.00438903
0.000866458
0.00474462
0.000731408
0.004988
0.00049546
0.00522959
0.000486881
0.000352769
0.000295699
0.000422588
0.00140871
0.00114235
0.0025565
0.00117421
0.00329119
0.000751096
0.00391802
0.00063837
0.00434793
0.00043655
0.00471147
0.000367868
0.00495817
0.000248766
0.00520113
0.000243918
0.00017589
0.000183837
0.00132611
0.00250033
0.00325158
0.00389012
0.00432665
0.0046944
0.00494291
0.00518667
)
;

boundaryField
{
    inlet
    {
        type            calculated;
        value           nonuniform List<scalar> 
40
(
-0.0429289
-0.0429289
-0.0429289
-0.0429289
-0.0429289
-0.0429289
-0.0429289
-0.0429289
-0.0429289
-0.0429289
-0.00707107
-0.00707107
-0.00707107
-0.00707107
-0.00707107
-0.00707107
-0.00707107
-0.00707107
-0.00707107
-0.00707107
-0.00707107
-0.00707107
-0.00707107
-0.00707107
-0.00707107
-0.00707107
-0.00707107
-0.00707107
-0.00707107
-0.00707107
-0.0429289
-0.0429289
-0.0429289
-0.0429289
-0.0429289
-0.0429289
-0.0429289
-0.0429289
-0.0429289
-0.0429289
)
;
    }
    outlet
    {
        type            calculated;
        value           nonuniform List<scalar> 
40
(
0.0385729
0.0427718
0.045545
0.0466141
0.0465211
0.0459107
0.0452123
0.0446318
0.044239
0.0440446
0.00536261
0.00537801
0.0054085
0.00545347
0.00551201
0.00558299
0.00566503
0.0057566
0.00585603
0.00596159
0.00596157
0.00585602
0.00575659
0.00566502
0.00558298
0.005512
0.00545346
0.0054085
0.00537801
0.00536261
0.0440446
0.044239
0.0446318
0.0452123
0.0459107
0.046521
0.0466141
0.045545
0.0427717
0.0385728
)
;
    }
    cylinder
    {
        type            calculated;
        value           uniform 0;
    }
    top
    {
        type            symmetryPlane;
        value           uniform 0;
    }
    bottom
    {
        type            symmetryPlane;
        value           uniform 0;
    }
    defaultFaces
    {
        type            empty;
        value           nonuniform 0();
    }
}


// ************************************************************************* //
