/*--------------------------------*- C++ -*----------------------------------*\
  =========                 |
  \\      /  F ield         | OpenFOAM: The Open Source CFD Toolbox
   \\    /   O peration     | Website:  https://openfoam.org
    \\  /    A nd           | Version:  6.0
     \\/     M anipulation  |
\*---------------------------------------------------------------------------*/
FoamFile
{
    version     2.0;
    format      ascii;
    class       volVectorField;
    location    "16";
    object      U;
}
// * * * * * * * * * * * * * * * * * * * * * * * * * * * * * * * * * * * * * //

dimensions      [0 1 -1 0 0 0 0];

internalField   nonuniform List<vector> 
2000
(
(-0.00199128 0.00173585 5.8231e-20)
(-0.00761615 0.00329481 6.91388e-20)
(-0.0153093 0.00364906 -6.59083e-20)
(-0.0222874 0.00332004 -1.34486e-19)
(-0.0276033 0.0026181 -9.395e-20)
(-0.0311053 0.0017465 1.2517e-19)
(-0.0328923 0.000850773 7.29195e-20)
(-0.0332349 3.78099e-05 -2.94942e-20)
(-0.0325673 -0.000613069 -7.36461e-20)
(-0.0311852 -0.00103774 5.36969e-20)
(-0.00248917 0.00511694 -1.44319e-19)
(-0.0083627 0.00966804 1.99181e-19)
(-0.0156992 0.0106654 1.98637e-20)
(-0.0219718 0.00965025 -1.15376e-19)
(-0.0263707 0.00753628 5.52053e-19)
(-0.0288208 0.00492095 -2.4298e-19)
(-0.0294686 0.0022332 -2.62908e-19)
(-0.0286115 -0.000208027 3.17122e-19)
(-0.0266999 -0.00216039 -3.12814e-19)
(-0.0241073 -0.00343071 1.57765e-19)
(-0.00343407 0.00821823 2.39713e-20)
(-0.009715 0.0153817 8.50383e-21)
(-0.016265 0.0168341 5.96788e-19)
(-0.0210738 0.015063 2.09338e-19)
(-0.0236057 0.011531 4.15044e-20)
(-0.023937 0.0071908 3.43437e-19)
(-0.0223075 0.00272929 -6.52373e-19)
(-0.019063 -0.00132965 1.41496e-20)
(-0.0146836 -0.00456815 -3.85844e-19)
(-0.00970502 -0.00666144 4.25127e-19)
(-0.00472047 0.0108584 -4.50752e-20)
(-0.0113823 0.020021 2.59187e-19)
(-0.0165653 0.021646 -7.55288e-19)
(-0.0190412 0.0190411 -9.76701e-20)
(-0.0186853 0.0141245 -5.5601e-19)
(-0.0157974 0.00813515 5.75875e-19)
(-0.0107512 0.0019693 -6.1089e-19)
(-0.0039554 -0.00366253 4.29054e-19)
(0.00407523 -0.008149 1.80381e-19)
(0.012546 -0.0110294 -2.03915e-19)
(-0.00618065 0.0128615 -5.01343e-19)
(-0.0129077 0.0232053 4.48883e-21)
(-0.015908 0.0246715 9.30063e-19)
(-0.0150058 0.0212033 2.78928e-19)
(-0.0106217 0.0150413 -8.8684e-19)
(-0.00335061 0.00760916 5.51456e-19)
(0.00626178 -6.87844e-05 6.25334e-19)
(0.0177397 -0.00713721 -5.57569e-19)
(0.0305449 -0.0127767 3.97624e-19)
(0.0435136 -0.0163878 9.76139e-20)
(-0.00757333 0.0140566 6.85505e-20)
(-0.0136488 0.0245991 1.26996e-20)
(-0.0133272 0.025583 -1.1886e-18)
(-0.00775015 0.0213405 -6.65145e-19)
(0.00198549 0.0142682 7.93601e-19)
(0.0149161 0.00584105 -9.29483e-19)
(0.0302802 -0.00291053 1.06543e-18)
(0.0475361 -0.0110752 -9.19338e-20)
(0.0661635 -0.0176411 -2.99776e-19)
(0.0845144 -0.0218832 -8.71684e-19)
(-0.008572 0.0142813 -1.48913e-19)
(-0.0127665 0.0239254 -2.71977e-19)
(-0.00757786 0.0241682 -3.34242e-19)
(0.00429975 0.0194251 7.13366e-19)
(0.0209762 0.0120646 1.32374e-18)
(0.0410387 0.00346481 -2.73553e-19)
(0.0634447 -0.00550471 -6.66398e-19)
(0.0875711 -0.0140501 2.03235e-19)
(0.113001 -0.0210679 -1.28089e-18)
(0.137525 -0.0257598 1.40669e-18)
(-0.0087611 0.0133961 9.10627e-19)
(-0.00924065 0.0209913 -4.96866e-19)
(0.00282052 0.0203397 9.70872e-19)
(0.0230126 0.0155866 -1.58652e-18)
(0.0485643 0.0089077 -7.58383e-19)
(0.0775267 0.0014648 -1.05075e-18)
(0.108468 -0.00621316 3.05208e-19)
(0.140606 -0.0137167 -8.50857e-19)
(0.173761 -0.0200784 1.85301e-18)
(0.205264 -0.0246096 5.19014e-19)
(-0.00765136 0.0113142 6.66982e-20)
(-0.00193181 0.0157311 8.09385e-19)
(0.0194732 0.0141401 1.60878e-18)
(0.0504028 0.0100435 4.92048e-19)
(0.0871714 0.00532999 1.45636e-18)
(0.127201 0.0009618 7.9886e-20)
(0.16848 -0.00286787 -1.04815e-21)
(0.209804 -0.00620549 5.87605e-19)
(0.251246 -0.00838994 4.76394e-19)
(0.290237 -0.00983734 -1.54491e-18)
(-0.0047301 0.00804787 -5.38795e-19)
(0.010288 0.00826541 -9.02757e-19)
(0.0439077 0.00573961 -1.31305e-18)
(0.0883974 0.00293227 3.07767e-20)
(0.139297 0.00140259 -6.699e-19)
(0.193502 0.00211389 1.05605e-18)
(0.248433 0.00539085 -2.90867e-18)
(0.302149 0.0114559 1.30629e-18)
(0.354001 0.020909 4.91919e-19)
(0.401254 0.0296125 1.54386e-18)
(0.0004396 0.00376709 2.6958e-19)
(0.0282893 -0.00100119 -1.03164e-18)
(0.0771211 -0.00448088 9.2146e-19)
(0.138026 -0.00574969 -3.57709e-19)
(0.206171 -0.00381055 3.89124e-19)
(0.278591 0.00226064 8.47662e-19)
(0.353442 0.0132014 -1.1381e-18)
(0.430314 0.0299559 1.48137e-19)
(0.510174 0.0517948 -5.45615e-19)
(0.595357 0.0687566 1.10508e-18)
(0.00812269 -0.00115153 3.8575e-19)
(0.0524632 -0.011223 -9.34751e-19)
(0.119116 -0.0155393 1.27435e-18)
(0.19827 -0.0153063 -7.94085e-19)
(0.284729 -0.0106442 -2.91281e-19)
(0.375433 -0.00141372 1.72481e-19)
(0.468565 0.0122974 8.92209e-20)
(0.56355 0.03018 1.21066e-18)
(0.66003 0.049526 3.48652e-19)
(0.755701 0.0616526 1.48856e-18)
(0.0184271 -0.00614623 -3.44099e-19)
(0.0828488 -0.0210469 1.20805e-18)
(0.169414 -0.025467 -1.00877e-18)
(0.267632 -0.0231059 -1.1839e-18)
(0.371825 -0.015446 1.65652e-18)
(0.478492 -0.0032809 -1.26013e-18)
(0.58523 0.0124591 3.32819e-19)
(0.690476 0.0306643 -1.97362e-18)
(0.792443 0.0486591 1.47832e-18)
(0.887141 0.0611096 7.38686e-20)
(0.0313589 -0.0105893 -4.48173e-19)
(0.119246 -0.0289159 -4.33271e-19)
(0.227322 -0.0319736 -9.23109e-19)
(0.34469 -0.0261437 1.11898e-18)
(0.465229 -0.0143534 -5.65964e-20)
(0.584972 0.00170087 7.24194e-19)
(0.700975 0.020418 1.32165e-18)
(0.810993 0.0403018 -4.06135e-19)
(0.912656 0.0592633 -1.43668e-18)
(1.00196 0.0742972 2.85244e-18)
(0.046848 -0.0138728 -2.31525e-19)
(0.161213 -0.0333284 -2.76256e-19)
(0.291834 -0.0329494 4.97808e-19)
(0.427783 -0.0218875 -9.25723e-19)
(0.5627 -0.00453751 1.58057e-19)
(0.692369 0.0165509 1.40841e-19)
(0.813666 0.0392289 6.17899e-20)
(0.924236 0.0617924 -9.8556e-21)
(1.02189 0.0827428 -1.51393e-19)
(1.10324 0.100467 -2.41251e-18)
(0.0647353 -0.0154347 9.39922e-19)
(0.208015 -0.0329603 -6.56067e-19)
(0.361512 -0.0266817 8.36978e-21)
(0.514753 -0.0085275 -1.00059e-18)
(0.661487 0.015672 -3.58392e-19)
(0.797628 0.0425927 3.34958e-19)
(0.920338 0.0696605 2.60463e-19)
(1.02772 0.0950862 -9.28136e-19)
(1.11831 0.117908 7.59043e-19)
(1.18975 0.137317 -9.95686e-19)
(0.0847412 -0.0147637 4.05494e-19)
(0.258586 -0.026722 -3.60586e-19)
(0.434456 -0.0119515 1.49889e-18)
(0.602941 0.014948 1.53076e-19)
(0.758384 0.0468257 3.51495e-19)
(0.897318 0.0797305 1.56816e-18)
(1.01771 0.110842 -2.39562e-19)
(1.11864 0.138457 2.19014e-19)
(1.19976 0.162173 9.08369e-20)
(1.26 0.181661 -1.11304e-19)
(0.106435 -0.0114095 2.83197e-19)
(0.311519 -0.0138003 6.81472e-19)
(0.508353 0.011927 -7.307e-19)
(0.689328 0.0487734 -2.47698e-19)
(0.849977 0.0885119 -3.06094e-19)
(0.988012 0.126819 4.7418e-19)
(1.10273 0.160898 -2.46942e-19)
(1.19459 0.189371 6.64578e-19)
(1.26464 0.212491 2.23996e-19)
(1.31322 0.230263 -3.65045e-19)
(0.129222 -0.00500873 -3.05226e-19)
(0.365092 0.00629465 2.71478e-19)
(0.580592 0.0450841 -5.79595e-19)
(0.770748 0.0924627 2.50177e-19)
(0.932946 0.139538 -2.59713e-19)
(1.06665 0.181993 -3.24411e-19)
(1.17294 0.217411 -2.60884e-19)
(1.25396 0.245029 2.91727e-19)
(1.31221 0.265878 -5.50871e-19)
(1.34949 0.280262 3.32923e-19)
(0.152348 0.0046783 -1.08776e-19)
(0.417341 0.0336734 -2.12971e-19)
(0.648424 0.0870806 1.01424e-19)
(0.844117 0.144878 6.21708e-21)
(1.00434 0.198101 8.42657e-20)
(1.13083 0.242934 1.15801e-19)
(1.22675 0.277748 1.07512e-19)
(1.29604 0.302689 -1.42541e-19)
(1.34264 0.319681 1.21655e-19)
(1.36967 0.329327 -1.90521e-19)
(0.174934 0.0177263 -6.29932e-20)
(0.466164 0.0680173 -2.36438e-20)
(0.709131 0.136909 9.42231e-20)
(0.906657 0.20431 -4.33327e-20)
(1.06179 0.26195 1.15811e-19)
(1.1789 0.307084 -1.49599e-19)
(1.2634 0.339285 3.46394e-20)
(1.32098 0.359855 3.71804e-20)
(1.35683 0.371677 -1.56971e-20)
(1.37514 0.375665 5.92503e-20)
(0.196015 0.03401 -6.79826e-20)
(0.50945 0.108549 -3.07875e-19)
(0.760215 0.193022 -2.14251e-20)
(0.956074 0.268585 6.39286e-21)
(1.10363 0.328546 -4.01646e-19)
(1.21006 0.371821 5.29746e-20)
(1.28299 0.39955 -4.51996e-20)
(1.32964 0.414357 -1.09518e-19)
(1.35616 0.42008 2.29226e-19)
(1.36758 0.417938 -4.18408e-19)
(0.214598 0.0531792 -3.28942e-20)
(0.545211 0.15403 6.23952e-19)
(0.799554 0.253395 1.00535e-19)
(0.990691 0.33518 -5.49946e-19)
(1.12895 0.395204 -4.46855e-20)
(1.22428 0.434585 -5.29169e-19)
(1.28627 0.456301 3.88633e-19)
(1.32337 0.464361 -1.41684e-19)
(1.34235 0.463478 2.51622e-19)
(1.3488 0.455155 -1.85642e-19)
(0.229733 0.0746501 -2.07303e-19)
(0.571729 0.202796 1.98785e-19)
(0.825542 0.315619 -1.43503e-19)
(1.00952 0.401356 1.08054e-18)
(1.1376 0.459226 5.34373e-19)
(1.22222 0.492976 -1.24304e-19)
(1.27455 0.507565 4.20062e-19)
(1.30388 0.508342 -2.76823e-19)
(1.31726 0.500756 -7.79993e-20)
(1.32062 0.486562 5.11698e-19)
(0.240571 0.0976139 -3.59228e-19)
(0.587662 0.252822 4.58434e-19)
(0.837179 0.377023 -9.02332e-19)
(1.0123 0.464296 1.2723e-19)
(1.13012 0.518005 2.85504e-19)
(1.20512 0.544806 -4.35891e-19)
(1.24954 0.551636 -5.13558e-19)
(1.27309 0.545036 2.27019e-19)
(1.28286 0.531008 -2.75059e-19)
(1.28483 0.511546 3.36644e-19)
(0.246435 0.121064 -9.0713e-20)
(0.592147 0.301826 -4.66567e-19)
(0.834115 0.434809 2.57692e-19)
(0.999426 0.52123 4.35931e-19)
(1.10765 0.569122 -2.61513e-19)
(1.17466 0.588131 -1.96397e-19)
(1.21322 0.587045 -1.13917e-19)
(1.23306 0.573368 -5.62328e-20)
(1.24107 0.553446 9.48959e-21)
(1.24318 0.529538 1.27955e-19)
(0.246868 0.143839 6.77345e-20)
(0.584858 0.347384 -3.95448e-19)
(0.816654 0.486204 6.60901e-19)
(0.971926 0.56957 -3.90942e-19)
(1.07179 0.610418 1.13432e-19)
(1.13281 0.621275 -1.59781e-19)
(1.16772 0.612543 1.72503e-19)
(1.18587 0.592398 4.00081e-20)
(1.19382 0.567302 -5.83517e-20)
(1.19735 0.539866 1.15281e-19)
(0.241688 0.164692 -1.78932e-19)
(0.566041 0.387081 3.50782e-19)
(0.785719 0.528615 -1.48854e-20)
(0.931322 0.607028 -7.79746e-20)
(1.02449 0.64007 -2.03688e-19)
(1.08173 0.642876 2.70933e-20)
(1.11527 0.627137 4.52853e-20)
(1.13374 0.601377 -1.38777e-19)
(1.14325 0.571874 1.60506e-19)
(1.14941 0.541747 1.4206e-19)
(0.231016 0.182366 4.90652e-20)
(0.536501 0.418666 -8.4293e-20)
(0.742761 0.559773 1.72983e-20)
(0.87949 0.631698 3.15898e-20)
(0.967807 0.656594 5.86438e-20)
(1.02359 0.651786 -1.32882e-19)
(1.05811 0.629932 -2.89029e-19)
(1.07912 0.599592 -1.19451e-19)
(1.09233 0.566533 -1.53569e-19)
(1.10273 0.53459 1.27762e-19)
(0.215298 0.195707 1.00277e-19)
(0.497576 0.44023 -1.61176e-19)
(0.689659 0.577904 1.56162e-19)
(0.818474 0.642185 -3.02248e-19)
(0.903636 0.658859 7.26362e-20)
(0.959903 0.64684 5.02264e-19)
(0.997474 0.619338 -1.54352e-19)
(1.02335 0.584651 1.8158e-19)
(1.04288 0.547931 2.67676e-19)
(1.05919 0.514936 9.75276e-19)
(0.195303 0.203775 6.66506e-19)
(0.451086 0.450388 -4.51607e-19)
(0.628671 0.581956 1.10362e-18)
(0.750443 0.637976 -1.88708e-19)
(0.833568 0.646799 9.49749e-19)
(0.891232 0.628062 5.95841e-19)
(0.932477 0.59472 -1.39875e-18)
(0.963727 0.553841 2.12662e-18)
(0.989602 0.507841 -4.50028e-19)
(1.00645 0.460933 8.8705e-19)
(0.172093 0.205919 -3.68366e-19)
(0.399299 0.448338 -2.64283e-19)
(0.562519 0.571613 2.57592e-19)
(0.678072 0.619546 -6.31873e-19)
(0.75981 0.622048 -1.97424e-18)
(0.818846 0.599004 -7.95142e-19)
(0.862833 0.563179 -7.14971e-19)
(0.897247 0.521712 3.4758e-19)
(0.925243 0.478115 2.88904e-18)
(0.942722 0.437335 -6.00583e-19)
(0.146927 0.201761 1.95385e-19)
(0.344802 0.433722 -7.92466e-19)
(0.494343 0.546848 1.73948e-19)
(0.604783 0.587192 -1.26718e-18)
(0.68618 0.585053 2.77248e-18)
(0.747414 0.559944 -3.22036e-19)
(0.794702 0.524076 1.51202e-18)
(0.832537 0.484236 -2.16422e-18)
(0.863449 0.443928 6.79673e-19)
(0.884748 0.407433 1.05304e-19)
(0.121143 0.19119 1.44193e-19)
(0.29022 0.406613 8.73364e-19)
(0.427199 0.507958 -2.56807e-18)
(0.533681 0.54128 1.24881e-18)
(0.615732 0.536016 -3.47804e-21)
(0.679988 0.510631 -4.21523e-19)
(0.731303 0.476429 5.31361e-19)
(0.773331 0.43961 -5.27155e-19)
(0.808256 0.403326 -1.81096e-18)
(0.834333 0.370831 -4.96774e-19)
(0.0960664 0.174362 4.7306e-19)
(0.238076 0.367526 5.30729e-19)
(0.363917 0.455669 2.19091e-18)
(0.467494 0.482556 -1.21903e-18)
(0.550912 0.475529 2.51242e-18)
(0.618649 0.451367 -5.40985e-19)
(0.674296 0.42014 -5.71415e-19)
(0.72078 0.38729 6.7551e-19)
(0.760009 0.355496 4.40323e-19)
(0.790942 0.327099 1.59585e-18)
(0.0729572 0.151693 -4.80736e-19)
(0.190696 0.317419 1.57153e-19)
(0.307036 0.391155 4.26405e-20)
(0.408594 0.412186 1.24364e-18)
(0.493769 0.404613 -3.10401e-18)
(0.565059 0.382966 5.27585e-19)
(0.624933 0.355823 1.16369e-18)
(0.675685 0.327745 -1.40663e-18)
(0.718999 0.300898 4.95422e-19)
(0.754457 0.276879 -2.29905e-18)
(0.0529552 0.123843 1.02506e-19)
(0.150137 0.257658 5.52749e-19)
(0.258759 0.316007 2.14953e-19)
(0.358993 0.33172 2.914e-19)
(0.445995 0.324654 5.58009e-19)
(0.520562 0.306619 1.66059e-18)
(0.584213 0.284491 -2.03275e-18)
(0.638713 0.261878 -1.1444e-18)
(0.685579 0.240432 1.89597e-19)
(0.724957 0.221182 1.4915e-18)
(0.0370372 0.0917027 -6.20028e-19)
(0.118127 0.189975 -7.36145e-20)
(0.220904 0.232183 -6.17358e-19)
(0.320327 0.243041 8.79705e-20)
(0.408955 0.237346 -5.28275e-19)
(0.486234 0.223808 -6.03094e-19)
(0.552942 0.207444 -8.98574e-19)
(0.610435 0.190866 2.4205e-18)
(0.660116 0.175227 4.17319e-19)
(0.702609 0.16114 -6.36211e-19)
(0.0259765 0.0563493 3.34248e-19)
(0.0960156 0.116405 4.41655e-19)
(0.194871 0.14194 1.73823e-19)
(0.293846 0.148303 -9.38627e-19)
(0.38368 0.144621 -4.3686e-19)
(0.462888 0.136231 -9.40905e-20)
(0.531739 0.126186 1.8374e-19)
(0.591311 0.116064 1.47544e-19)
(0.642938 0.106548 -1.14002e-18)
(0.687592 0.0979529 6.54208e-19)
(0.020309 0.0190072 -1.74075e-19)
(0.0847248 0.0392092 -1.97967e-19)
(0.181614 0.0477557 1.57731e-19)
(0.280393 0.0498505 1.40014e-19)
(0.370868 0.0485785 1.43481e-19)
(0.451077 0.0457366 2.19354e-19)
(0.52103 0.0423502 -1.15716e-20)
(0.581665 0.0389469 -2.87605e-19)
(0.634285 0.035752 2.73055e-19)
(0.680045 0.0328624 -4.10775e-19)
(0.020309 -0.0190081 -1.75211e-19)
(0.0847249 -0.0392111 -1.8864e-19)
(0.181614 -0.047758 1.73815e-19)
(0.280393 -0.049853 3.40229e-19)
(0.370868 -0.0485811 2.26624e-19)
(0.451077 -0.0457392 -2.98575e-19)
(0.52103 -0.0423529 -1.62151e-19)
(0.581665 -0.0389496 7.07545e-20)
(0.634285 -0.0357548 1.58938e-19)
(0.680045 -0.0328652 -9.46263e-20)
(0.0259766 -0.0563502 4.18071e-19)
(0.0960158 -0.116407 -5.31129e-19)
(0.194872 -0.141943 -4.41198e-20)
(0.293846 -0.148306 2.94195e-19)
(0.383681 -0.144624 -1.32968e-18)
(0.462889 -0.136233 5.68026e-19)
(0.53174 -0.126189 5.86132e-19)
(0.591311 -0.116067 -6.91824e-19)
(0.642938 -0.106551 6.60627e-19)
(0.687592 -0.0979557 -2.90075e-19)
(0.0370374 -0.0917037 -7.22941e-20)
(0.118128 -0.189977 -9.16574e-21)
(0.220904 -0.232186 -1.43389e-18)
(0.320328 -0.243044 -4.55862e-19)
(0.408955 -0.237349 -4.77911e-20)
(0.486234 -0.22381 -7.49823e-19)
(0.552942 -0.207447 1.39685e-18)
(0.610435 -0.190868 -4.92198e-20)
(0.660116 -0.175229 7.97331e-19)
(0.70261 -0.161143 -7.00689e-19)
(0.0529555 -0.123844 1.22045e-19)
(0.150137 -0.25766 -5.6442e-19)
(0.25876 -0.316009 1.73717e-18)
(0.358994 -0.331722 2.45908e-19)
(0.445996 -0.324657 1.20795e-18)
(0.520563 -0.306622 -1.18041e-18)
(0.584214 -0.284493 1.23902e-18)
(0.638714 -0.261881 -8.93419e-19)
(0.685579 -0.240435 -3.92455e-19)
(0.724958 -0.221184 3.33005e-19)
(0.0729576 -0.151693 1.0887e-18)
(0.190696 -0.317421 2.82463e-21)
(0.307037 -0.391157 -1.82925e-18)
(0.408595 -0.412189 -5.3047e-19)
(0.49377 -0.404615 1.76202e-18)
(0.56506 -0.382969 -1.03219e-18)
(0.624934 -0.355826 -1.1948e-18)
(0.675686 -0.327748 1.07504e-18)
(0.719 -0.3009 -7.31525e-19)
(0.754458 -0.276882 -1.5778e-19)
(0.0960669 -0.174363 -1.62583e-19)
(0.238077 -0.367528 -7.58892e-21)
(0.363918 -0.455671 1.98318e-18)
(0.467495 -0.482559 1.13714e-18)
(0.550913 -0.475531 -1.34067e-18)
(0.61865 -0.451369 1.62355e-18)
(0.674297 -0.420143 -1.76053e-18)
(0.720781 -0.387292 1.75509e-19)
(0.76001 -0.355499 5.24583e-19)
(0.790943 -0.327102 1.21263e-18)
(0.121143 -0.191191 1.8562e-19)
(0.290221 -0.406615 2.98502e-19)
(0.427201 -0.50796 3.24106e-19)
(0.533683 -0.541282 -1.0463e-18)
(0.615733 -0.536018 -1.86255e-18)
(0.67999 -0.510633 3.92349e-19)
(0.731305 -0.476431 1.13639e-18)
(0.773333 -0.439612 -3.25124e-19)
(0.808257 -0.403329 1.95549e-18)
(0.834334 -0.370834 -1.90672e-18)
(0.146928 -0.201761 -1.05005e-18)
(0.344803 -0.433724 4.01856e-19)
(0.494345 -0.54685 -1.08867e-18)
(0.604784 -0.587194 1.75944e-18)
(0.686182 -0.585055 8.79916e-19)
(0.747416 -0.559946 1.2423e-18)
(0.794704 -0.524078 -2.86712e-19)
(0.832538 -0.484238 1.13323e-18)
(0.863451 -0.44393 -2.39838e-18)
(0.88475 -0.407435 -6.25417e-19)
(0.172093 -0.20592 6.29696e-20)
(0.399301 -0.448339 -7.03253e-19)
(0.56252 -0.571615 -1.12188e-18)
(0.678074 -0.619548 -4.77229e-19)
(0.759812 -0.62205 -1.34772e-18)
(0.818848 -0.599006 -1.37908e-19)
(0.862835 -0.56318 1.18501e-19)
(0.897249 -0.521714 -5.25923e-19)
(0.925245 -0.478116 -5.89116e-19)
(0.942724 -0.437337 1.55289e-18)
(0.195304 -0.203776 3.29433e-19)
(0.451088 -0.450389 4.5797e-19)
(0.628673 -0.581958 8.23145e-19)
(0.750446 -0.637977 3.73617e-20)
(0.833571 -0.646801 5.51242e-19)
(0.891235 -0.628064 -7.52806e-19)
(0.932479 -0.594722 2.30129e-18)
(0.963729 -0.553842 -1.01534e-18)
(0.989604 -0.507842 -4.99803e-19)
(1.00646 -0.460934 -1.50817e-18)
(0.215298 -0.195707 -1.29049e-19)
(0.497578 -0.440231 2.21876e-19)
(0.689661 -0.577906 -2.28588e-19)
(0.818477 -0.642186 1.2464e-19)
(0.903638 -0.65886 -1.47663e-19)
(0.959906 -0.646841 -3.80013e-19)
(0.997477 -0.619339 4.99576e-19)
(1.02335 -0.584652 -1.65986e-19)
(1.04288 -0.547932 2.53624e-19)
(1.05919 -0.514937 -5.54126e-19)
(0.231017 -0.182367 -3.41526e-21)
(0.536504 -0.418668 -1.16497e-19)
(0.742764 -0.559775 3.55249e-20)
(0.879494 -0.6317 1.35248e-19)
(0.96781 -0.656595 -6.87677e-20)
(1.02359 -0.651787 1.95925e-20)
(1.05811 -0.629933 -1.61197e-20)
(1.07913 -0.599592 -3.67949e-19)
(1.09234 -0.566533 -1.73378e-19)
(1.10273 -0.534591 -5.39524e-19)
(0.241689 -0.164692 -9.95187e-20)
(0.566043 -0.387083 3.51796e-19)
(0.785722 -0.528617 -2.21938e-19)
(0.931325 -0.607029 -8.97744e-20)
(1.02449 -0.640072 5.33398e-20)
(1.08174 -0.642877 5.61593e-20)
(1.11528 -0.627137 -3.0028e-21)
(1.13375 -0.601377 2.67785e-19)
(1.14326 -0.571875 -2.34252e-19)
(1.14942 -0.541747 -2.5011e-21)
(0.24687 -0.14384 -2.40924e-19)
(0.584861 -0.347385 -1.52714e-19)
(0.816658 -0.486206 -3.78124e-19)
(0.97193 -0.569571 4.30919e-19)
(1.0718 -0.610419 -3.14007e-20)
(1.13281 -0.621276 1.4468e-19)
(1.16772 -0.612543 1.69801e-19)
(1.18588 -0.592398 -6.08423e-20)
(1.19382 -0.567302 3.24805e-20)
(1.19735 -0.539866 -1.20022e-19)
(0.246436 -0.121064 -1.63103e-19)
(0.59215 -0.301827 -2.09436e-19)
(0.834119 -0.43481 3.16934e-19)
(0.999431 -0.521231 -4.78387e-19)
(1.10766 -0.569123 8.38891e-20)
(1.17466 -0.588131 4.31889e-20)
(1.21323 -0.587045 9.27958e-20)
(1.23306 -0.573368 -6.04418e-20)
(1.24107 -0.553446 -7.42242e-20)
(1.24318 -0.529538 -2.70524e-19)
(0.240573 -0.0976145 6.79888e-19)
(0.587666 -0.252823 -5.31544e-19)
(0.837184 -0.377024 2.46196e-20)
(1.0123 -0.464297 -6.83855e-19)
(1.13013 -0.518006 -1.99613e-19)
(1.20513 -0.544806 1.60074e-19)
(1.24955 -0.551635 1.17824e-19)
(1.27309 -0.545035 -3.93701e-19)
(1.28286 -0.531007 1.7765e-19)
(1.28483 -0.511545 -3.1715e-19)
(0.229734 -0.0746505 3.36735e-19)
(0.571733 -0.202796 -3.33175e-19)
(0.825548 -0.31562 1.19841e-18)
(1.00953 -0.401357 9.61225e-20)
(1.1376 -0.459226 2.72166e-19)
(1.22223 -0.492976 9.75589e-19)
(1.27456 -0.507564 -2.01601e-19)
(1.30388 -0.508341 5.14208e-20)
(1.31727 -0.500755 -2.70005e-20)
(1.32062 -0.48656 -5.08535e-20)
(0.2146 -0.0531795 2.59261e-19)
(0.545216 -0.154031 5.89975e-19)
(0.79956 -0.253395 -6.02311e-19)
(0.990697 -0.33518 -1.83518e-19)
(1.12895 -0.395204 -1.94864e-19)
(1.22429 -0.434584 3.82152e-19)
(1.28627 -0.456299 -1.80893e-19)
(1.32337 -0.464359 4.27724e-19)
(1.34235 -0.463477 1.04121e-19)
(1.3488 -0.455153 -1.82797e-19)
(0.196017 -0.0340103 -2.80097e-19)
(0.509454 -0.108549 2.60032e-19)
(0.760221 -0.193022 -5.34325e-19)
(0.956081 -0.268585 2.23939e-19)
(1.10363 -0.328545 -2.24648e-19)
(1.21007 -0.371819 -2.67566e-19)
(1.28299 -0.399548 -2.08088e-19)
(1.32965 -0.414355 2.29812e-19)
(1.35616 -0.420078 -4.00895e-19)
(1.36759 -0.417935 2.53707e-19)
(0.174936 -0.0177264 -1.04878e-19)
(0.466169 -0.0680174 -2.05996e-19)
(0.709138 -0.136909 9.69219e-20)
(0.906664 -0.204309 7.11019e-21)
(1.0618 -0.261949 7.72763e-20)
(1.17891 -0.307082 1.10873e-19)
(1.26341 -0.339283 9.46976e-20)
(1.32099 -0.359853 -1.28063e-19)
(1.35683 -0.371674 1.04773e-19)
(1.37514 -0.375662 -1.65645e-19)
(0.152351 -0.00467821 -6.60818e-20)
(0.417346 -0.0336731 -2.66373e-20)
(0.648431 -0.08708 9.94292e-20)
(0.844125 -0.144877 -4.48201e-20)
(1.00435 -0.198099 1.25699e-19)
(1.13084 -0.242932 -1.58981e-19)
(1.22675 -0.277746 4.07661e-20)
(1.29604 -0.302686 3.50788e-20)
(1.34265 -0.319677 -1.26707e-20)
(1.36967 -0.329324 5.77713e-20)
(0.129224 0.00500898 -7.92509e-20)
(0.365097 -0.006294 -3.36354e-19)
(0.5806 -0.045083 -2.71611e-20)
(0.770756 -0.0924611 1.08384e-20)
(0.932955 -0.139536 -4.67522e-19)
(1.06666 -0.181991 4.93713e-20)
(1.17295 -0.217408 -5.23047e-20)
(1.25396 -0.245025 -1.4258e-19)
(1.31221 -0.265874 3.16122e-19)
(1.34949 -0.280258 -5.75344e-19)
(0.106437 0.0114099 -4.4948e-20)
(0.311524 0.0138013 7.21533e-19)
(0.50836 -0.0119254 9.63908e-20)
(0.689337 -0.0487713 -6.5229e-19)
(0.849986 -0.0885094 -7.79843e-20)
(0.98802 -0.126816 -7.36704e-19)
(1.10274 -0.160895 5.73196e-19)
(1.1946 -0.189367 -2.3301e-19)
(1.26464 -0.212486 4.41561e-19)
(1.31322 -0.230258 -3.90132e-19)
(0.0847432 0.0147642 -2.54272e-19)
(0.258591 0.0267234 2.96454e-19)
(0.434464 0.0119535 -2.07161e-19)
(0.60295 -0.0149455 1.432e-18)
(0.758393 -0.0468227 7.58592e-19)
(0.897327 -0.079727 -1.98802e-19)
(1.01772 -0.110838 7.73137e-19)
(1.11865 -0.138453 -5.05912e-19)
(1.19977 -0.162169 -1.63236e-19)
(1.26001 -0.181656 1.17683e-18)
(0.0647373 0.0154353 -4.70245e-19)
(0.20802 0.0329619 7.02539e-19)
(0.36152 0.0266841 -1.33312e-18)
(0.514762 0.00853044 2.30858e-19)
(0.661497 -0.0156685 5.7617e-19)
(0.797638 -0.0425887 -7.23867e-19)
(0.920348 -0.0696561 -1.28323e-18)
(1.02773 -0.0950814 6.88007e-19)
(1.11832 -0.117903 -8.95502e-19)
(1.18975 -0.137312 1.4332e-18)
(0.0468498 0.0138735 -1.16219e-19)
(0.161218 0.0333303 -7.0728e-19)
(0.291841 0.0329521 3.491e-19)
(0.427792 0.0218908 8.74459e-19)
(0.56271 0.00454134 -4.69668e-19)
(0.69238 -0.0165465 -4.63861e-19)
(0.813676 -0.0392241 -7.8706e-19)
(0.924245 -0.0617872 -3.60825e-19)
(1.02189 -0.0827371 -8.67639e-20)
(1.10325 -0.100461 1.43188e-18)
(0.0313605 0.0105901 1.95382e-19)
(0.11925 0.0289178 -9.61324e-19)
(0.227329 0.0319764 1.64526e-18)
(0.344699 0.0261471 -9.16126e-19)
(0.465239 0.0143574 5.94216e-19)
(0.584983 -0.00169624 -7.39434e-19)
(0.700986 -0.0204128 8.23713e-19)
(0.811003 -0.0402961 7.19621e-19)
(0.912665 -0.0592571 1.57227e-18)
(1.00196 -0.0742904 -2.5994e-18)
(0.0184284 0.00614699 -6.07073e-19)
(0.0828526 0.0210488 1.21988e-18)
(0.16942 0.0254697 1.64489e-20)
(0.26764 0.0231093 -4.39571e-19)
(0.371835 0.0154501 -2.33224e-19)
(0.478503 0.00328562 1.86846e-19)
(0.585242 -0.0124538 -1.32663e-18)
(0.690487 -0.0306582 1.02502e-18)
(0.792454 -0.0486523 -1.3211e-18)
(0.887151 -0.0611021 -6.02735e-19)
(0.00812379 0.00115218 1.04527e-18)
(0.0524665 0.0112247 -3.26076e-19)
(0.119121 0.0155417 -6.12412e-19)
(0.198278 0.0153094 1.66354e-18)
(0.284739 0.010648 -1.6347e-18)
(0.375444 0.00141826 9.13732e-19)
(0.468578 -0.0122921 9.73554e-19)
(0.563563 -0.0301737 2.6647e-19)
(0.660042 -0.0495188 2.77063e-19)
(0.755712 -0.0616445 -3.92658e-19)
(0.000440395 -0.00376665 -1.00007e-18)
(0.0282919 0.00100241 9.5112e-19)
(0.077126 0.0044827 -8.41961e-19)
(0.138033 0.00575215 1.05697e-18)
(0.206181 0.00381372 -3.15768e-19)
(0.278602 -0.00225666 -1.09763e-18)
(0.353455 -0.0131965 3.14733e-19)
(0.430328 -0.0299499 -5.19219e-19)
(0.510188 -0.0517876 -6.1487e-19)
(0.595371 -0.068748 -1.91715e-18)
(-0.00472962 -0.00804773 -1.25032e-18)
(0.0102899 -0.00826483 9.94289e-19)
(0.0439117 -0.0057386 -1.94901e-18)
(0.0884037 -0.00293071 3.48642e-19)
(0.139305 -0.00140032 -1.35125e-18)
(0.193512 -0.00211078 -8.10903e-19)
(0.248445 -0.00538676 1.94116e-18)
(0.302164 -0.0114506 -2.65487e-18)
(0.354017 -0.0209022 5.11079e-19)
(0.401271 -0.0296033 -8.43859e-19)
(-0.0076512 -0.0113144 6.16017e-19)
(-0.00193051 -0.0157313 2.61021e-19)
(0.0194763 -0.0141401 -7.79162e-20)
(0.0504082 -0.010043 7.41019e-19)
(0.087179 -0.00532872 2.17705e-18)
(0.127211 -0.00095957 7.51822e-19)
(0.168492 0.00287127 7.77185e-19)
(0.209818 0.00621037 -2.68665e-19)
(0.251261 0.00839681 -2.51012e-18)
(0.290254 0.00984694 6.36288e-19)
(-0.00876121 -0.0133968 -1.74109e-19)
(-0.00923997 -0.0209925 5.54317e-19)
(0.00282288 -0.0203408 -1.45258e-19)
(0.023017 -0.0155872 1.02561e-18)
(0.0485708 -0.00890742 -2.37149e-18)
(0.0775354 -0.00146334 2.0155e-19)
(0.108479 0.00621612 -1.1295e-18)
(0.140619 0.0137215 1.66306e-18)
(0.173776 0.0200857 -4.85922e-19)
(0.205281 0.02462 -6.94735e-20)
(-0.00857234 -0.0142825 -1.18497e-19)
(-0.0127663 -0.0239275 -6.66584e-19)
(-0.00757627 -0.0241704 1.67728e-18)
(0.00430318 -0.0194267 -8.84263e-19)
(0.0209816 -0.0120652 6.20178e-20)
(0.0410462 -0.00346397 2.83852e-19)
(0.0634541 0.0055074 -2.59809e-19)
(0.0875825 0.0140551 3.37415e-19)
(0.113014 0.0210757 1.17008e-18)
(0.13754 0.0257711 3.06418e-19)
(-0.00757382 -0.0140583 -2.66033e-19)
(-0.0136491 -0.0246022 -2.95972e-19)
(-0.0133263 -0.0255862 -1.31368e-18)
(-0.0077476 -0.0213432 6.99672e-19)
(0.0019898 -0.0142697 -1.4434e-18)
(0.0149222 -0.00584073 3.27871e-19)
(0.0302881 0.00291303 3.68772e-19)
(0.0475457 0.0110803 -3.90058e-19)
(0.0661749 0.0176494 -2.52475e-19)
(0.0845277 0.0218952 -1.1344e-18)
(-0.0061812 -0.0128637 2.07989e-19)
(-0.0129082 -0.0232092 -4.89621e-20)
(-0.0159076 -0.0246757 9.28776e-22)
(-0.0150039 -0.0212068 -6.31685e-19)
(-0.0106184 -0.0150434 1.59908e-18)
(-0.00334581 -0.00760926 -2.49447e-19)
(0.00626812 7.11537e-05 -6.22708e-19)
(0.0177475 0.0071425 7.62229e-19)
(0.0305542 0.0127855 -2.6797e-19)
(0.0435246 0.0164005 1.48106e-18)
(-0.004721 -0.010861 -3.90532e-20)
(-0.0113829 -0.0200256 -2.28929e-19)
(-0.0165651 -0.0216511 -9.03557e-20)
(-0.01904 -0.0190454 -1.15447e-19)
(-0.018683 -0.0141271 -2.48165e-19)
(-0.0157938 -0.0081356 -7.79469e-19)
(-0.0107464 -0.00196704 9.75117e-19)
(-0.00394936 0.00366794 5.69772e-19)
(0.00408246 0.00815804 -1.02023e-19)
(0.0125546 0.0110425 -9.0844e-19)
(-0.00343451 -0.00822112 2.21815e-19)
(-0.0097155 -0.015387 3.87247e-20)
(-0.016265 -0.0168398 2.62261e-19)
(-0.021073 -0.0150678 -3.00591e-20)
(-0.0236041 -0.0115341 2.3881e-19)
(-0.0239345 -0.00719151 2.69486e-19)
(-0.0223041 -0.00272712 4.04125e-19)
(-0.0190587 0.00133514 -1.14487e-18)
(-0.0146784 0.00457739 -2.1136e-19)
(-0.00969892 0.00667486 3.78758e-19)
(-0.00248945 -0.00512007 -1.1203e-19)
(-0.00836303 -0.00967376 -1.59196e-19)
(-0.0156992 -0.0106716 -7.65533e-20)
(-0.0219714 -0.00965551 3.74501e-19)
(-0.0263698 -0.00753968 1.81782e-19)
(-0.0288192 -0.00492184 3.72851e-20)
(-0.0294665 -0.00223109 -8.08322e-20)
(-0.0286088 0.000213569 -6.27195e-20)
(-0.0266968 0.00216977 5.38429e-19)
(-0.0241036 0.00344433 -3.66673e-19)
(-0.00199138 -0.0017391 5.71162e-20)
(-0.00761626 -0.00330077 7.10476e-20)
(-0.0153093 -0.00365549 -6.05724e-20)
(-0.0222872 -0.00332551 -5.54011e-20)
(-0.0276029 -0.00262168 -5.74438e-20)
(-0.0311048 -0.0017475 -9.16734e-20)
(-0.0328916 -0.000848701 2.9374e-21)
(-0.033234 -3.22441e-05 1.27212e-19)
(-0.0325662 0.00062253 -1.27753e-19)
(-0.0311839 0.00105148 2.32434e-19)
(-0.00728549 -0.00260172 1.68605e-20)
(0.0639963 -0.00664562 1.03434e-20)
(0.280671 -0.00682985 1.44501e-21)
(0.382852 -0.00454908 -9.72269e-22)
(0.487025 -0.00390643 -7.13202e-23)
(0.567266 -0.00276063 1.80002e-22)
(0.619859 -0.00241451 2.65353e-22)
(0.688507 -0.0017711 -6.64584e-23)
(0.711444 -0.00182462 -1.02563e-24)
(0.784728 -0.00147989 3.3538e-22)
(0.00956975 -0.00816888 2.65545e-20)
(0.0793192 -0.0198377 1.02384e-21)
(0.292238 -0.0202684 -1.85236e-20)
(0.391664 -0.0134025 1.55483e-20)
(0.493805 -0.0115181 1.02984e-21)
(0.572501 -0.00825398 -8.48354e-22)
(0.624188 -0.00732634 1.08477e-21)
(0.691804 -0.00547861 1.61497e-22)
(0.714375 -0.00562386 4.55063e-22)
(0.786796 -0.00440921 -3.08911e-22)
(0.0429828 -0.0146188 2.74688e-20)
(0.109475 -0.032548 -3.71786e-20)
(0.31492 -0.0332446 1.88218e-20)
(0.408954 -0.0219527 -1.30171e-20)
(0.507116 -0.0188971 9.96465e-22)
(0.5828 -0.0135926 -7.9626e-22)
(0.632704 -0.0121154 -4.26293e-22)
(0.698284 -0.00909913 3.06105e-23)
(0.720123 -0.00934828 -3.50951e-22)
(0.790834 -0.0072871 -4.52415e-22)
(0.0923399 -0.0224301 -4.21143e-20)
(0.153527 -0.0444761 -5.11908e-20)
(0.347871 -0.0454716 -2.42088e-20)
(0.434107 -0.0300152 1.32489e-20)
(0.526498 -0.0259005 -1.71015e-20)
(0.597839 -0.0186809 5.03821e-21)
(0.645168 -0.0167048 -3.45469e-22)
(0.707804 -0.012578 2.97636e-22)
(0.728589 -0.0129505 -3.92784e-22)
(0.796812 -0.0100809 1.66563e-22)
(0.156692 -0.0318749 1.17279e-19)
(0.210129 -0.0553332 7.51263e-20)
(0.389881 -0.0566839 2.72669e-20)
(0.466233 -0.0374266 -2.60704e-20)
(0.551276 -0.0324016 1.40167e-20)
(0.617131 -0.0234344 4.10034e-21)
(0.661196 -0.021026 3.4925e-21)
(0.720091 -0.015866 5.42816e-22)
(0.739546 -0.0163867 9.65821e-22)
(0.804584 -0.0127601 -8.89528e-22)
(0.234737 -0.0428781 -5.21837e-20)
(0.277584 -0.0648029 3.91113e-20)
(0.439444 -0.066626 4.91069e-21)
(0.50423 -0.0440424 2.94545e-20)
(0.580623 -0.0382913 -6.8459e-21)
(0.640082 -0.0277811 -4.99775e-21)
(0.680326 -0.025019 -3.58754e-21)
(0.734828 -0.0189207 -4.70043e-22)
(0.752736 -0.0196177 -4.53711e-22)
(0.813998 -0.0152972 9.29516e-22)
(0.324823 -0.0551559 -3.91419e-20)
(0.353897 -0.0726186 -1.03813e-19)
(0.49484 -0.0750931 -1.7926e-20)
(0.54684 -0.049745 -1.60184e-20)
(0.613595 -0.0434843 8.2462e-21)
(0.666007 -0.0316636 -2.43764e-21)
(0.702021 -0.0286357 3.57326e-21)
(0.751636 -0.0217067 8.85925e-22)
(0.767849 -0.0226108 -1.34708e-22)
(0.824862 -0.0176673 3.59928e-22)
(0.424995 -0.0689762 1.14659e-19)
(0.436851 -0.0790734 2.62005e-20)
(0.554226 -0.0821615 7.29668e-20)
(0.59272 -0.0545364 -4.3488e-20)
(0.649188 -0.0479588 1.39132e-20)
(0.694171 -0.0350547 -1.04711e-20)
(0.725701 -0.0318469 -5.51536e-21)
(0.770105 -0.0241979 -1.07673e-21)
(0.784545 -0.0253428 -1.23358e-21)
(0.83696 -0.0198472 5.18697e-22)
(0.532981 -0.0841812 -1.44785e-19)
(0.524088 -0.0851158 -2.28216e-20)
(0.615749 -0.0882482 -6.04811e-20)
(0.640528 -0.0586439 5.19934e-20)
(0.686393 -0.0517866 -1.74376e-20)
(0.723827 -0.0379788 8.12789e-21)
(0.750771 -0.034651 6.12595e-21)
(0.789806 -0.0263848 1.34039e-22)
(0.802462 -0.0277985 7.21823e-22)
(0.850058 -0.0218204 -1.02611e-21)
(0.646204 -0.0921351 -1.01123e-19)
(0.613117 -0.0884855 -1.13831e-19)
(0.677651 -0.0924529 1.71615e-20)
(0.688994 -0.0619544 -2.63161e-20)
(0.724254 -0.0548753 -2.54315e-20)
(0.754256 -0.0404322 -6.41957e-21)
(0.776653 -0.0370318 1.40952e-21)
(0.810318 -0.0282818 -1.44079e-21)
(0.821246 -0.0299471 4.62746e-22)
(0.863919 -0.0236036 5.28159e-22)
(1.02941 -0.0587022 0)
(0.908124 -0.0728195 0)
(0.886598 -0.0923725 0)
(0.857712 -0.0675525 0)
(0.859106 -0.0617937 0)
(0.864916 -0.0471032 0)
(0.871991 -0.0438849 0)
(0.88653 -0.0341853 0)
(0.891047 -0.0364277 0)
(0.915249 -0.0294462 0)
(1.30416 0.00174959 0)
(1.20287 -0.0245209 0)
(1.13868 -0.0518445 0)
(1.08538 -0.050812 0)
(1.05698 -0.0499979 0)
(1.03517 -0.0416583 0)
(1.02384 -0.0403726 0)
(1.01225 -0.0343092 0)
(1.00775 -0.0363896 0)
(1.00399 -0.0319494 0)
(1.30352 0.0541021 0)
(1.25689 0.00582191 0)
(1.20902 -0.0253692 0)
(1.16745 -0.0333346 0)
(1.14236 -0.0353256 0)
(1.11777 -0.0311782 0)
(1.10478 -0.0313009 0)
(1.08408 -0.0283724 0)
(1.07767 -0.0308536 0)
(1.06007 -0.0287621 0)
(1.24265 0.0484569 0)
(1.22546 0.00450547 0)
(1.19648 -0.0186371 0)
(1.16861 -0.0249445 0)
(1.15239 -0.026145 0)
(1.1328 -0.0234669 0)
(1.12403 -0.023564 0)
(1.10419 -0.0221241 0)
(1.09948 -0.0246886 0)
(1.07916 -0.0238627 0)
(1.1775 0.0424592 0)
(1.17593 0.00480831 0)
(1.16037 -0.0128344 0)
(1.14182 -0.0179479 0)
(1.13164 -0.0190918 0)
(1.11692 -0.0177106 0)
(1.11166 -0.0177169 0)
(1.09551 -0.0170013 0)
(1.0926 -0.0194665 0)
(1.07419 -0.0191028 0)
(1.12902 0.0332775 0)
(1.13421 0.0048615 0)
(1.12633 -0.00860281 0)
(1.11297 -0.0129513 0)
(1.10547 -0.0141135 0)
(1.09383 -0.0135855 0)
(1.09005 -0.013495 0)
(1.07724 -0.013053 0)
(1.07515 -0.0152776 0)
(1.05921 -0.0149558 0)
(1.09545 0.0253704 0)
(1.10369 0.00484722 0)
(1.10041 -0.00560027 0)
(1.09012 -0.00935954 0)
(1.08353 -0.0104047 0)
(1.07362 -0.0103039 0)
(1.07 -0.0101617 0)
(1.05945 -0.00981742 0)
(1.05741 -0.0116915 0)
(1.04318 -0.0113109 0)
(1.07391 0.0175118 0)
(1.08328 0.00389864 0)
(1.08273 -0.00361064 0)
(1.0744 -0.00649647 0)
(1.068 -0.00724961 0)
(1.05904 -0.00729737 0)
(1.05507 -0.00716521 0)
(1.04583 -0.00690475 0)
(1.04352 -0.00833028 0)
(1.03017 -0.00795616 0)
(1.06104 0.0103191 0)
(1.07081 0.00250897 0)
(1.07189 -0.00204359 0)
(1.06481 -0.00384394 0)
(1.0584 -0.00427116 0)
(1.04995 -0.00434644 0)
(1.04559 -0.00426649 0)
(1.03704 -0.00411705 0)
(1.03443 -0.00500628 0)
(1.02146 -0.00474042 0)
(1.05508 0.00339027 0)
(1.06493 0.000851322 0)
(1.06676 -0.000669433 0)
(1.06031 -0.00127369 0)
(1.05387 -0.00140551 0)
(1.04563 -0.00143984 0)
(1.04105 -0.00141476 0)
(1.0328 -0.00137022 0)
(1.03001 -0.00167064 0)
(1.01717 -0.00157673 0)
(1.41052 0.306977 1.68107e-20)
(1.42237 0.286393 5.95381e-20)
(1.42762 0.263194 -1.27106e-19)
(1.42521 0.237629 -3.97681e-20)
(1.41413 0.210244 2.68355e-19)
(1.39364 0.181947 2.41791e-19)
(1.36332 0.154047 -4.77572e-19)
(1.32313 0.128209 3.54644e-20)
(1.27322 0.106272 -1.35155e-19)
(1.19553 0.0874784 -6.18376e-19)
(1.27645 0.199649 -1.41409e-21)
(1.28894 0.189967 5.0679e-20)
(1.30032 0.179368 -4.65143e-20)
(1.31023 0.167759 9.61566e-20)
(1.31825 0.155042 -1.40182e-19)
(1.32389 0.141149 -3.93247e-20)
(1.32666 0.126078 2.11573e-19)
(1.32609 0.109944 -1.73925e-19)
(1.32229 0.093028 -1.37319e-19)
(1.3084 0.0743151 3.23855e-20)
(1.19553 0.151358 -8.78563e-21)
(1.20605 0.148801 1.71606e-20)
(1.2167 0.146119 -2.28894e-20)
(1.22738 0.143234 -9.47656e-20)
(1.23793 0.140037 1.49531e-19)
(1.24812 0.136389 9.87545e-21)
(1.25769 0.132127 -9.22609e-20)
(1.26631 0.127082 1.54967e-19)
(1.27368 0.121075 1.72434e-20)
(1.27906 0.113115 3.43087e-20)
(1.13251 0.103743 -1.44741e-21)
(1.13956 0.10233 -5.25095e-21)
(1.14685 0.100894 -5.54605e-21)
(1.15438 0.0994473 4.80941e-20)
(1.16216 0.0979938 -5.72711e-20)
(1.17017 0.0965298 2.5186e-20)
(1.17838 0.0950391 -7.09296e-21)
(1.18672 0.0934872 -2.18436e-20)
(1.19506 0.0917847 1.18967e-19)
(1.20376 0.089275 -2.53056e-20)
(1.09396 0.0761812 -1.91385e-24)
(1.09899 0.0757769 4.77859e-21)
(1.10417 0.0753555 3.27638e-21)
(1.10951 0.0749216 1.20866e-20)
(1.11501 0.0744794 2.99453e-20)
(1.12069 0.0740302 -3.01083e-20)
(1.12652 0.0735726 -1.50759e-20)
(1.13251 0.0730978 3.79787e-20)
(1.13865 0.07255 -3.48993e-20)
(1.14525 0.07146 -3.52094e-21)
(1.06733 0.0535375 -2.17601e-21)
(1.07097 0.0533734 1.18148e-22)
(1.07471 0.0531959 -2.02419e-21)
(1.07854 0.0530112 7.69218e-21)
(1.08248 0.0528262 -3.08538e-20)
(1.08652 0.0526464 7.73424e-21)
(1.09068 0.0524768 -1.41657e-20)
(1.09493 0.0523167 -1.82631e-20)
(1.09931 0.0521285 1.19934e-21)
(1.10393 0.051602 9.01997e-21)
(1.05049 0.0375619 -1.28151e-21)
(1.05323 0.0375659 8.04687e-21)
(1.05602 0.0375509 -4.62922e-21)
(1.05885 0.0375195 -6.08623e-22)
(1.06173 0.0374747 1.46682e-20)
(1.06465 0.0374188 3.75394e-21)
(1.06762 0.0373536 1.6635e-20)
(1.07062 0.0372777 -1.03058e-20)
(1.07368 0.037165 2.12957e-20)
(1.07683 0.036828 1.71483e-20)
(1.03951 0.0245312 -4.1389e-22)
(1.04167 0.0245601 -4.06481e-22)
(1.04386 0.0245739 2.93694e-21)
(1.04606 0.0245739 -4.82609e-21)
(1.04828 0.024562 -5.161e-21)
(1.0505 0.0245391 1.47131e-20)
(1.05274 0.0245058 -9.44097e-21)
(1.05499 0.0244604 7.2309e-21)
(1.05724 0.0243868 -2.38293e-21)
(1.0595 0.02418 -2.42973e-21)
(1.0331 0.0139634 6.22744e-22)
(1.03491 0.0139975 -5.30834e-21)
(1.03673 0.0140209 2.83567e-21)
(1.03855 0.014034 9.78203e-21)
(1.04036 0.0140372 -1.01929e-20)
(1.04217 0.0140305 3.30599e-21)
(1.04397 0.0140138 5.55234e-21)
(1.04576 0.0139857 -1.06734e-20)
(1.04753 0.0139376 1.06022e-20)
(1.04927 0.0138182 -3.00788e-21)
(1.03007 0.00449132 -1.72293e-21)
(1.03171 0.00450698 3.14031e-21)
(1.03335 0.00451947 -3.88775e-22)
(1.03498 0.00452853 8.27558e-21)
(1.03661 0.00453391 -1.96998e-21)
(1.03823 0.00453515 1.17568e-21)
(1.03983 0.00453172 -1.07986e-20)
(1.04141 0.0045227 3.02963e-21)
(1.04298 0.00450525 1.836e-21)
(1.0445 0.00446452 1.23894e-21)
(1.11936 0.398821 -3.27957e-19)
(1.15329 0.394958 -6.65434e-20)
(1.18792 0.391086 -3.19946e-20)
(1.22141 0.386419 -2.30918e-20)
(1.25437 0.380524 -2.41189e-20)
(1.28657 0.37319 -1.50712e-20)
(1.31726 0.364204 2.14532e-20)
(1.34571 0.353322 -4.56624e-20)
(1.37126 0.340299 8.22685e-20)
(1.39316 0.324912 5.97087e-21)
(1.12176 0.249332 1.60269e-20)
(1.14005 0.248144 -7.96151e-20)
(1.15791 0.246245 -4.93091e-20)
(1.174 0.243547 4.3692e-20)
(1.18944 0.239972 -1.74184e-20)
(1.20479 0.235465 8.96179e-21)
(1.21996 0.230024 -1.68325e-20)
(1.23479 0.223687 1.97926e-20)
(1.24921 0.216496 -1.41922e-20)
(1.26314 0.208482 -1.1077e-20)
(1.10056 0.169907 -5.05881e-21)
(1.11033 0.169293 3.71465e-20)
(1.11965 0.168169 3.36693e-20)
(1.12837 0.166684 1.20968e-20)
(1.13715 0.164944 3.95793e-22)
(1.14624 0.16299 -9.08716e-22)
(1.15564 0.160861 1.05766e-20)
(1.16527 0.158601 -1.27208e-20)
(1.17513 0.15625 6.66166e-21)
(1.18522 0.153835 2.20504e-21)
(1.07198 0.113987 3.52099e-21)
(1.07776 0.113492 4.78798e-20)
(1.08339 0.112788 1.54807e-20)
(1.08886 0.111957 -2.39864e-20)
(1.09446 0.111033 4.17264e-21)
(1.10032 0.110017 -2.63635e-21)
(1.10639 0.108909 -3.88328e-21)
(1.11263 0.107716 -1.78557e-21)
(1.11906 0.106449 4.0428e-21)
(1.12568 0.10512 -4.35522e-21)
(1.05117 0.0779075 2.25792e-21)
(1.05512 0.0780204 -1.89307e-20)
(1.05901 0.0780351 1.22754e-20)
(1.06287 0.0779845 6.57775e-21)
(1.06686 0.0778786 -7.48639e-21)
(1.07101 0.0777161 2.08155e-21)
(1.07532 0.0774974 -1.75383e-21)
(1.07977 0.0772275 -2.42753e-21)
(1.08436 0.0769134 1.29478e-21)
(1.08909 0.0765623 1.42075e-21)
(1.03601 0.0531371 8.13435e-21)
(1.03883 0.0534274 -2.7239e-22)
(1.04167 0.0536385 -1.47397e-20)
(1.04453 0.05379 3.82206e-21)
(1.04748 0.0538884 -8.14113e-23)
(1.05054 0.0539349 5.52426e-22)
(1.05371 0.0539321 -1.55106e-21)
(1.05698 0.0538851 6.99409e-22)
(1.06034 0.0537996 9.54321e-22)
(1.06379 0.0536817 -1.10784e-21)
(1.02622 0.0358036 1.11099e-20)
(1.02839 0.0361719 3.5678e-21)
(1.03062 0.0364823 6.96205e-21)
(1.03287 0.0367462 2.51469e-21)
(1.03519 0.0369686 1.41478e-21)
(1.03758 0.0371511 -4.80781e-23)
(1.04004 0.037296 2.63383e-22)
(1.04257 0.0374062 -8.65092e-22)
(1.04516 0.0374851 2.0721e-21)
(1.0478 0.0375359 -1.67282e-21)
(1.01989 0.0229117 -9.98281e-22)
(1.02165 0.0232237 -6.53455e-22)
(1.02346 0.0234915 3.21455e-21)
(1.02531 0.023722 1.15167e-21)
(1.02721 0.0239193 -1.66334e-21)
(1.02915 0.0240855 7.17689e-22)
(1.03115 0.0242226 -4.07732e-22)
(1.03319 0.0243333 -1.62501e-22)
(1.03527 0.02442 -4.21498e-22)
(1.03737 0.0244852 1.8093e-24)
(1.01623 0.0127883 -4.36702e-22)
(1.01776 0.0129986 2.80558e-22)
(1.01933 0.0131816 -6.33071e-22)
(1.02093 0.0133412 -3.77858e-23)
(1.02258 0.0134802 2.97428e-22)
(1.02426 0.0136 -1.46032e-21)
(1.02598 0.0137023 1.2179e-21)
(1.02773 0.0137884 1.76015e-21)
(1.0295 0.0138598 -1.96186e-21)
(1.03129 0.0139178 5.41635e-22)
(1.01454 0.00410212 4.04253e-22)
(1.01596 0.00417086 1.32759e-22)
(1.01743 0.00422972 7.70831e-23)
(1.01892 0.0042805 1.33264e-23)
(1.02045 0.00432457 -5.29045e-22)
(1.022 0.00436289 -1.33078e-21)
(1.02358 0.00439624 1.64251e-21)
(1.02518 0.0044253 -5.79754e-22)
(1.0268 0.00445061 1.95112e-21)
(1.02843 0.00447255 -1.26394e-21)
(1.00013 0.0147463 0)
(1.00091 0.0447452 0)
(1.00228 0.0760902 0)
(1.00455 0.109601 0)
(1.00826 0.14615 0)
(1.01421 0.186614 0)
(1.02363 0.231724 0)
(1.03779 0.282138 0)
(1.05924 0.335779 0)
(1.08494 0.403184 0)
(1.00021 0.0120852 0)
(1.00186 0.036338 0)
(1.00511 0.0608578 0)
(1.01025 0.0858498 0)
(1.01753 0.111476 0)
(1.02733 0.137818 0)
(1.04009 0.164794 0)
(1.05641 0.192366 0)
(1.07667 0.218806 0)
(1.10294 0.250639 0)
(1.00021 0.00921384 0)
(1.0019 0.0276574 0)
(1.00523 0.0461121 0)
(1.01039 0.0645583 0)
(1.01745 0.0829447 0)
(1.02654 0.101174 0)
(1.03779 0.119069 0)
(1.05158 0.136491 0)
(1.06751 0.152485 0)
(1.08921 0.170228 0)
(1.00016 0.00662351 0)
(1.00151 0.0198669 0)
(1.00417 0.0330355 0)
(1.00828 0.0460405 0)
(1.01386 0.0587806 0)
(1.02087 0.0711377 0)
(1.02932 0.0829563 0)
(1.03932 0.0941057 0)
(1.0504 0.104044 0)
(1.06493 0.114377 0)
(1.00012 0.00463346 0)
(1.0011 0.0138931 0)
(1.00306 0.0230733 0)
(1.0061 0.0320837 0)
(1.01019 0.0408303 0)
(1.01529 0.0492169 0)
(1.02137 0.0571359 0)
(1.02846 0.0645005 0)
(1.03625 0.0710339 0)
(1.04614 0.0775754 0)
(1.00009 0.00318769 0)
(1.00079 0.00955612 0)
(1.00221 0.0158611 0)
(1.0044 0.0220317 0)
(1.00734 0.027996 0)
(1.01099 0.0336842 0)
(1.01529 0.0390241 0)
(1.02026 0.043957 0)
(1.0257 0.0483312 0)
(1.03233 0.0525789 0)
(1.00006 0.00214062 0)
(1.00058 0.00641632 0)
(1.00161 0.0106469 0)
(1.00321 0.0147828 0)
(1.00536 0.0187745 0)
(1.00801 0.0225755 0)
(1.01114 0.0261398 0)
(1.01473 0.0294305 0)
(1.01867 0.0323655 0)
(1.02332 0.0351729 0)
(1.00005 0.00136359 0)
(1.00044 0.00408689 0)
(1.00122 0.00678089 0)
(1.00243 0.00941388 0)
(1.00406 0.0119543 0)
(1.00606 0.014373 0)
(1.00843 0.0166417 0)
(1.01113 0.0187374 0)
(1.01411 0.0206147 0)
(1.01752 0.0223905 0)
(1.00004 0.000756468 0)
(1.00036 0.00226727 0)
(1.00099 0.00376191 0)
(1.00197 0.00522289 0)
(1.00329 0.00663297 0)
(1.00491 0.00797623 0)
(1.00683 0.00923763 0)
(1.00902 0.0104049 0)
(1.01145 0.0114553 0)
(1.01416 0.0124448 0)
(1.00003 0.000242215 0)
(1.00032 0.000726017 0)
(1.00088 0.0012047 0)
(1.00176 0.00167267 0)
(1.00293 0.00212443 0)
(1.00438 0.00255493 0)
(1.00609 0.0029594 0)
(1.00804 0.00333391 0)
(1.01021 0.00367137 0)
(1.0126 0.00398895 0)
(0.999543 0.000801933 2.61786e-20)
(0.995425 0.00244285 -1.35167e-20)
(0.98653 0.00419282 3.46531e-20)
(0.972691 0.0061324 -2.29428e-20)
(0.953607 0.0083526 -2.48116e-20)
(0.928543 0.0109733 9.71426e-20)
(0.896423 0.0141571 -1.86224e-20)
(0.855745 0.0181247 1.3414e-19)
(0.804442 0.0231404 7.80626e-20)
(0.739453 0.0291944 -7.86982e-20)
(0.999532 0.00240119 3.17976e-20)
(0.995437 0.00731319 7.14347e-20)
(0.986629 0.0125476 1.08017e-19)
(0.972958 0.0183445 -1.50542e-19)
(0.954144 0.0249755 2.04542e-20)
(0.929493 0.0327972 5.98124e-20)
(0.897987 0.0422934 -1.01949e-19)
(0.858215 0.0541191 1.73951e-19)
(0.808216 0.0690608 -4.65287e-19)
(0.745103 0.0870716 6.37228e-19)
(0.999512 0.00398656 -1.12459e-19)
(0.995462 0.012137 5.03318e-20)
(0.986827 0.0208087 -2.4669e-21)
(0.973487 0.0303973 -2.5197e-19)
(0.95521 0.0413501 6.40027e-20)
(0.931377 0.0542524 -1.46226e-19)
(0.901092 0.0698954 1.98002e-19)
(0.863124 0.0893484 -5.1709e-19)
(0.815726 0.113897 8.85398e-19)
(0.756383 0.143405 -6.78535e-19)
(0.999486 0.00555069 7.3175e-20)
(0.995503 0.0168877 -2.78864e-20)
(0.98712 0.0289199 1.75953e-19)
(0.974272 0.0421935 -3.22022e-19)
(0.95679 0.0573238 2.03058e-19)
(0.934173 0.0751109 -4.06144e-19)
(0.9057 0.0966293 -6.14329e-20)
(0.870417 0.123326 1.28197e-18)
(0.8269 0.156945 -3.68866e-19)
(0.77326 0.197161 -8.67696e-19)
(0.99946 0.00708843 -3.01275e-19)
(0.99556 0.0215415 2.68258e-19)
(0.987507 0.0368284 -1.31845e-19)
(0.975307 0.053641 -5.7152e-19)
(0.958875 0.0727542 5.47447e-19)
(0.937857 0.0951631 -7.07409e-19)
(0.911767 0.122188 9.22547e-19)
(0.880024 0.155596 2.57239e-19)
(0.841643 0.197519 6.28909e-19)
(0.795706 0.247293 5.9183e-20)
(0.999438 0.00859743 2.41476e-19)
(0.995634 0.0260735 -6.57489e-20)
(0.987988 0.0444736 3.72411e-19)
(0.976598 0.0646363 -4.15413e-19)
(0.961472 0.0874866 3.98788e-19)
(0.942428 0.11419 -1.11537e-19)
(0.919269 0.146262 2.30186e-19)
(0.891879 0.185709 -7.10026e-19)
(0.859855 0.234929 -1.19717e-18)
(0.823726 0.292734 7.16807e-19)
(0.999419 0.0100862 -1.19094e-19)
(0.995717 0.0304706 -1.1128e-19)
(0.988573 0.0518037 5.49322e-20)
(0.978176 0.0750855 -3.68068e-19)
(0.964623 0.10138 1.29254e-18)
(0.947926 0.131985 -1.05363e-18)
(0.928225 0.168546 5.30766e-19)
(0.905953 0.213205 -8.89266e-19)
(0.881468 0.268456 -2.37975e-19)
(0.857394 0.332429 1.79974e-18)
(0.999398 0.0115946 1.45543e-19)
(0.995812 0.0347911 -1.89551e-20)
(0.989304 0.0588926 -1.64772e-19)
(0.98012 0.0850945 2.00795e-19)
(0.968429 0.114582 5.66911e-19)
(0.954451 0.148723 -1.23526e-18)
(0.938716 0.189169 9.91449e-19)
(0.922266 0.238015 -2.20944e-18)
(0.906481 0.29754 1.80194e-18)
(0.896806 0.365438 -4.51389e-19)
(0.999393 0.0131555 -1.62704e-19)
(0.996023 0.0390879 2.12726e-19)
(0.990373 0.0658735 -3.75858e-19)
(0.982686 0.0949223 -2.24247e-19)
(0.973178 0.127523 5.23278e-21)
(0.962284 0.165026 3.16284e-19)
(0.950942 0.208895 -1.6006e-18)
(0.940822 0.260783 1.76706e-18)
(0.934716 0.321877 -1.54153e-18)
(0.941586 0.389836 6.65185e-19)
(0.999479 0.0144389 -1.14234e-19)
(0.996652 0.0425384 1.18366e-20)
(0.992216 0.0715254 -4.41843e-20)
(0.9864 0.102904 -3.25044e-19)
(0.979471 0.138014 -2.43884e-19)
(0.972056 0.178138 1.40232e-18)
(0.96541 0.224445 1.11012e-18)
(0.961615 0.277912 -4.94443e-19)
(0.964939 0.337827 -1.01742e-19)
(0.988692 0.400077 -2.17457e-18)
(0.999479 -0.0144391 -1.14109e-19)
(0.996652 -0.042539 8.74102e-20)
(0.992216 -0.0715263 -3.54483e-20)
(0.9864 -0.102905 5.35648e-19)
(0.979472 -0.138016 2.97864e-19)
(0.972057 -0.178139 -1.18285e-18)
(0.965411 -0.224447 -9.65424e-19)
(0.961616 -0.277914 6.40056e-19)
(0.96494 -0.337828 6.16958e-20)
(0.988694 -0.400079 2.231e-18)
(0.999393 -0.0131558 7.0473e-20)
(0.996023 -0.0390885 -4.4556e-19)
(0.990373 -0.0658744 2.6257e-19)
(0.982686 -0.0949235 -1.51499e-19)
(0.973178 -0.127525 -2.37981e-19)
(0.962285 -0.165027 -1.29919e-19)
(0.950942 -0.208897 1.34837e-18)
(0.940823 -0.260785 -1.49714e-18)
(0.934717 -0.321879 1.73478e-18)
(0.941588 -0.389838 -9.25927e-19)
(0.999398 -0.0115949 -4.06339e-20)
(0.995812 -0.0347918 1.73394e-19)
(0.989304 -0.0588936 2.86703e-19)
(0.98012 -0.0850958 -5.62981e-20)
(0.968429 -0.114584 -7.73937e-19)
(0.954452 -0.148725 9.29621e-19)
(0.938716 -0.189171 -9.10121e-19)
(0.922267 -0.238017 2.04421e-18)
(0.906482 -0.297542 -2.00811e-18)
(0.896808 -0.36544 6.10004e-19)
(0.999419 -0.0100864 -1.07193e-20)
(0.995717 -0.0304713 2.27269e-19)
(0.988573 -0.0518047 -2.08192e-19)
(0.978176 -0.0750868 7.9176e-19)
(0.964623 -0.101382 -9.93875e-20)
(0.947926 -0.131987 -1.1103e-19)
(0.928226 -0.168548 -5.5012e-19)
(0.905954 -0.213208 3.95344e-19)
(0.881469 -0.268458 1.93874e-19)
(0.857396 -0.332432 -1.87127e-18)
(0.999438 -0.00859766 2.13127e-19)
(0.995634 -0.0260742 -7.51733e-20)
(0.987988 -0.0444746 2.10005e-19)
(0.976598 -0.0646376 3.47162e-19)
(0.961472 -0.0874883 -4.88708e-19)
(0.942428 -0.114192 -7.46455e-20)
(0.919269 -0.146264 6.82649e-20)
(0.89188 -0.185711 5.72788e-19)
(0.859856 -0.234931 1.0294e-18)
(0.823727 -0.292736 -5.96199e-19)
(0.99946 -0.00708866 -1.52288e-19)
(0.99556 -0.0215421 -9.24825e-21)
(0.987507 -0.0368294 -4.52161e-19)
(0.975307 -0.0536424 7.07343e-19)
(0.958875 -0.0727559 -6.15966e-19)
(0.937857 -0.095165 1.19508e-18)
(0.911768 -0.12219 -1.39817e-18)
(0.880025 -0.155599 6.56502e-19)
(0.841644 -0.197521 -8.1385e-20)
(0.795707 -0.247296 8.41433e-20)
(0.999486 -0.00555092 1.48084e-19)
(0.995503 -0.0168883 -1.1327e-19)
(0.98712 -0.0289209 1.21183e-19)
(0.974272 -0.0421949 -1.63863e-19)
(0.95679 -0.0573255 4.09394e-20)
(0.934173 -0.0751129 3.01481e-19)
(0.9057 -0.0966315 2.82454e-19)
(0.870417 -0.123328 -1.78392e-18)
(0.826901 -0.156948 2.63382e-20)
(0.773261 -0.197163 8.40952e-19)
(0.999512 -0.00398679 -6.29207e-20)
(0.995462 -0.0121377 1.25945e-20)
(0.986827 -0.0208097 -1.63899e-19)
(0.973487 -0.0303987 1.89947e-19)
(0.95521 -0.0413518 -7.52279e-20)
(0.931377 -0.0542544 7.96306e-20)
(0.901092 -0.0698976 -9.08447e-20)
(0.863124 -0.0893509 4.68366e-19)
(0.815727 -0.1139 -9.42884e-19)
(0.756383 -0.143408 5.72132e-19)
(0.999532 -0.00240143 4.44063e-20)
(0.995437 -0.0073138 -2.4668e-20)
(0.986629 -0.0125486 -1.94819e-20)
(0.972958 -0.0183459 2.26489e-19)
(0.954144 -0.0249772 -3.91519e-20)
(0.929493 -0.0327992 -2.82121e-20)
(0.897987 -0.0422956 -5.21096e-20)
(0.858215 -0.0541216 -1.03417e-19)
(0.808217 -0.0690634 4.93533e-19)
(0.745103 -0.0870743 -6.82391e-19)
(0.999543 -0.000802166 2.51149e-20)
(0.995425 -0.00244346 -6.80547e-21)
(0.98653 -0.00419383 -3.58419e-20)
(0.972691 -0.00613378 5.32917e-20)
(0.953607 -0.00835433 4.04495e-20)
(0.928543 -0.0109753 -1.47962e-20)
(0.896423 -0.0141594 9.33981e-20)
(0.855745 -0.0181272 -1.72265e-19)
(0.804442 -0.0231431 5.9413e-21)
(0.739453 -0.0291971 1.19108e-19)
(1.00003 -0.000242208 0)
(1.00032 -0.000726006 0)
(1.00088 -0.00120468 0)
(1.00176 -0.00167265 0)
(1.00293 -0.0021244 0)
(1.00438 -0.0025549 0)
(1.00609 -0.00295937 0)
(1.00804 -0.00333387 0)
(1.01021 -0.00367132 0)
(1.0126 -0.0039889 0)
(1.00004 -0.000756448 0)
(1.00036 -0.00226723 0)
(1.00099 -0.00376185 0)
(1.00197 -0.00522281 0)
(1.00329 -0.00663287 0)
(1.00491 -0.00797611 0)
(1.00683 -0.0092375 0)
(1.00902 -0.0104047 0)
(1.01145 -0.0114552 0)
(1.01415 -0.0124446 0)
(1.00005 -0.00136356 0)
(1.00044 -0.00408682 0)
(1.00122 -0.00678079 0)
(1.00243 -0.00941374 0)
(1.00406 -0.0119542 0)
(1.00606 -0.0143728 0)
(1.00843 -0.0166414 0)
(1.01113 -0.0187372 0)
(1.01411 -0.0206144 0)
(1.01752 -0.0223902 0)
(1.00006 -0.0021406 0)
(1.00058 -0.00641625 0)
(1.00161 -0.0106468 0)
(1.00321 -0.0147826 0)
(1.00536 -0.0187743 0)
(1.00801 -0.0225752 0)
(1.01114 -0.0261395 0)
(1.01473 -0.0294302 0)
(1.01867 -0.0323651 0)
(1.02332 -0.0351725 0)
(1.00009 -0.00318767 0)
(1.00079 -0.00955604 0)
(1.00221 -0.015861 0)
(1.0044 -0.0220315 0)
(1.00734 -0.0279958 0)
(1.01099 -0.0336839 0)
(1.01529 -0.0390237 0)
(1.02026 -0.0439566 0)
(1.0257 -0.0483307 0)
(1.03233 -0.0525784 0)
(1.00012 -0.00463345 0)
(1.0011 -0.0138931 0)
(1.00306 -0.0230732 0)
(1.0061 -0.0320835 0)
(1.01019 -0.0408301 0)
(1.01529 -0.0492166 0)
(1.02137 -0.0571355 0)
(1.02846 -0.0645001 0)
(1.03625 -0.0710334 0)
(1.04614 -0.0775748 0)
(1.00016 -0.00662351 0)
(1.00151 -0.0198669 0)
(1.00417 -0.0330355 0)
(1.00828 -0.0460404 0)
(1.01386 -0.0587804 0)
(1.02087 -0.0711375 0)
(1.02932 -0.082956 0)
(1.03932 -0.0941054 0)
(1.05041 -0.104043 0)
(1.06493 -0.114377 0)
(1.00021 -0.00921386 0)
(1.0019 -0.0276575 0)
(1.00523 -0.0461122 0)
(1.01039 -0.0645584 0)
(1.01745 -0.0829448 0)
(1.02654 -0.101174 0)
(1.03779 -0.119069 0)
(1.05158 -0.136491 0)
(1.06751 -0.152485 0)
(1.08921 -0.170228 0)
(1.00021 -0.0120853 0)
(1.00186 -0.0363383 0)
(1.00511 -0.0608581 0)
(1.01025 -0.0858502 0)
(1.01753 -0.111477 0)
(1.02733 -0.137818 0)
(1.04009 -0.164794 0)
(1.05641 -0.192367 0)
(1.07667 -0.218806 0)
(1.10294 -0.250639 0)
(1.00013 -0.0147465 0)
(1.00091 -0.0447457 0)
(1.00228 -0.0760909 0)
(1.00456 -0.109602 0)
(1.00826 -0.146152 0)
(1.01421 -0.186615 0)
(1.02364 -0.231726 0)
(1.03779 -0.282139 0)
(1.05924 -0.33578 0)
(1.08495 -0.403185 0)
(1.01454 -0.00410207 3.21604e-22)
(1.01596 -0.00417081 3.01378e-22)
(1.01743 -0.00422967 2.35059e-22)
(1.01892 -0.00428045 -1.92086e-22)
(1.02045 -0.00432452 6.4494e-22)
(1.022 -0.00436284 1.13148e-21)
(1.02358 -0.00439619 -1.6055e-21)
(1.02518 -0.00442525 3.44802e-22)
(1.0268 -0.00445057 -1.947e-21)
(1.02843 -0.00447251 1.22958e-21)
(1.01623 -0.0127882 -8.216e-22)
(1.01776 -0.0129984 2.33744e-21)
(1.01933 -0.0131814 -1.99266e-21)
(1.02093 -0.0133411 -2.97734e-22)
(1.02258 -0.01348 -2.38329e-22)
(1.02426 -0.0135999 1.4021e-21)
(1.02598 -0.0137021 -1.69376e-21)
(1.02773 -0.0137882 -1.47787e-21)
(1.0295 -0.0138597 2.68144e-21)
(1.03129 -0.0139177 -4.21011e-22)
(1.01989 -0.0229115 -1.17221e-21)
(1.02165 -0.0232234 -2.62957e-22)
(1.02346 -0.0234912 1.75402e-21)
(1.02531 -0.0237218 1.70198e-21)
(1.02721 -0.0239191 -4.78582e-22)
(1.02915 -0.0240852 -4.36516e-22)
(1.03115 -0.0242224 5.79734e-22)
(1.03319 -0.024333 -7.9426e-22)
(1.03527 -0.0244198 -4.19305e-22)
(1.03737 -0.024485 2.9396e-22)
(1.02622 -0.0358032 9.79107e-21)
(1.02839 -0.0361714 9.42597e-21)
(1.03062 -0.0364819 -2.63968e-21)
(1.03287 -0.0367458 5.64592e-21)
(1.03519 -0.0369682 1.37236e-21)
(1.03758 -0.0371508 1.73106e-21)
(1.04004 -0.0372957 -1.33664e-23)
(1.04257 -0.0374059 2.04659e-21)
(1.04516 -0.0374848 -2.91242e-21)
(1.0478 -0.0375357 6.54947e-22)
(1.03601 -0.0531366 7.71539e-21)
(1.03883 -0.0534268 1.73688e-21)
(1.04167 -0.0536379 -8.20319e-21)
(1.04453 -0.0537894 -4.7265e-21)
(1.04748 -0.0538878 2.16393e-21)
(1.05054 -0.0539344 -4.22799e-21)
(1.05371 -0.0539316 1.34218e-21)
(1.05698 -0.0538846 -1.93331e-22)
(1.06034 -0.0537991 -5.55467e-22)
(1.06379 -0.0536812 1.19661e-21)
(1.05117 -0.0779068 -7.10883e-22)
(1.05512 -0.0780198 -1.90332e-20)
(1.05901 -0.0780344 1.75641e-20)
(1.06287 -0.0779837 -4.8476e-21)
(1.06686 -0.0778779 -6.99459e-21)
(1.07101 -0.0777154 7.31275e-21)
(1.07532 -0.0774967 1.71372e-21)
(1.07977 -0.0772268 5.52324e-22)
(1.08436 -0.0769126 -8.68659e-22)
(1.08909 -0.0765615 2.1501e-22)
(1.07198 -0.113986 -2.01536e-20)
(1.07776 -0.113491 6.40499e-20)
(1.08339 -0.112787 -1.11917e-20)
(1.08886 -0.111956 1.36378e-21)
(1.09447 -0.111032 7.57757e-21)
(1.10032 -0.110016 -7.06039e-21)
(1.10639 -0.108908 1.74683e-21)
(1.11263 -0.107715 -3.4649e-21)
(1.11906 -0.106448 1.37609e-21)
(1.12568 -0.105119 1.84729e-22)
(1.10056 -0.169906 2.40809e-20)
(1.11033 -0.169292 1.14427e-20)
(1.11965 -0.168168 5.81476e-20)
(1.12837 -0.166683 -2.3113e-20)
(1.13715 -0.164943 5.60432e-21)
(1.14624 -0.162989 3.01131e-21)
(1.15564 -0.160859 8.86248e-21)
(1.16527 -0.158599 2.30816e-21)
(1.17513 -0.156249 -7.45691e-21)
(1.18522 -0.153833 6.60065e-21)
(1.12176 -0.249332 1.15322e-20)
(1.14006 -0.248144 -7.07028e-20)
(1.15791 -0.246245 -6.76599e-20)
(1.174 -0.243546 3.56346e-20)
(1.18944 -0.239971 6.70894e-21)
(1.20479 -0.235463 6.13925e-21)
(1.21996 -0.230022 -1.98666e-20)
(1.23479 -0.223685 2.84379e-20)
(1.24921 -0.216494 -3.11169e-20)
(1.26314 -0.208479 1.21433e-22)
(1.11936 -0.398822 2.58185e-19)
(1.15329 -0.394958 7.39818e-20)
(1.18793 -0.391086 3.724e-20)
(1.22141 -0.386419 -3.26079e-20)
(1.25438 -0.380523 2.71004e-20)
(1.28658 -0.373189 1.77088e-22)
(1.31726 -0.364202 -2.02261e-21)
(1.34572 -0.35332 1.4657e-20)
(1.37127 -0.340296 2.86683e-20)
(1.39316 -0.324908 -8.37401e-22)
(1.03007 -0.00449129 1.76516e-21)
(1.03171 -0.00450697 -3.15013e-21)
(1.03335 -0.00451947 9.85763e-22)
(1.03498 -0.00452857 -8.43715e-21)
(1.03661 -0.00453396 3.56347e-21)
(1.03823 -0.00453521 8.73451e-21)
(1.03983 -0.00453179 -1.71271e-21)
(1.04141 -0.00452277 -4.01261e-22)
(1.04298 -0.00450533 6.26568e-22)
(1.0445 -0.00446461 1.6632e-21)
(1.0331 -0.0139633 -7.69401e-22)
(1.03491 -0.0139975 3.98449e-21)
(1.03673 -0.0140209 -3.57612e-21)
(1.03855 -0.0140341 -7.23924e-21)
(1.04036 -0.0140373 1.30037e-20)
(1.04217 -0.0140307 -5.40973e-22)
(1.04397 -0.014014 5.38313e-21)
(1.04576 -0.0139859 -4.10509e-21)
(1.04753 -0.0139379 -8.46078e-22)
(1.04927 -0.0138185 -1.48162e-21)
(1.03951 -0.0245311 3.67811e-23)
(1.04167 -0.0245601 -1.23758e-22)
(1.04386 -0.0245738 6.56731e-22)
(1.04606 -0.0245741 5.10871e-21)
(1.04828 -0.0245622 1.41231e-21)
(1.0505 -0.0245393 -5.52594e-21)
(1.05274 -0.0245061 -1.01665e-20)
(1.05499 -0.0244607 1.42181e-20)
(1.05724 -0.0243871 -3.76132e-21)
(1.0595 -0.0241803 -1.94501e-21)
(1.05049 -0.0375616 2.60322e-21)
(1.05323 -0.0375657 -3.87906e-21)
(1.05602 -0.0375508 5.28754e-21)
(1.05885 -0.0375196 -5.33349e-22)
(1.06173 -0.0374749 -1.37139e-21)
(1.06465 -0.037419 9.94101e-21)
(1.06762 -0.0373539 8.14031e-21)
(1.07062 -0.037278 1.89651e-20)
(1.07368 -0.0371653 5.69057e-21)
(1.07683 -0.0368283 1.98771e-20)
(1.06733 -0.053537 2.07321e-21)
(1.07097 -0.053373 -9.87131e-22)
(1.07471 -0.0531956 -7.36019e-21)
(1.07854 -0.0530112 -1.69833e-20)
(1.08248 -0.0528262 4.93415e-21)
(1.08652 -0.0526465 -2.04022e-21)
(1.09067 -0.0524769 7.40354e-21)
(1.09493 -0.0523168 -3.53037e-20)
(1.09931 -0.0521286 -2.97157e-21)
(1.10393 -0.051602 9.69881e-21)
(1.09396 -0.0761804 -2.188e-21)
(1.09899 -0.0757762 -5.88003e-21)
(1.10417 -0.0753547 9.40628e-21)
(1.10951 -0.0749211 -1.19716e-20)
(1.11501 -0.0744789 2.37425e-20)
(1.12069 -0.0740297 -2.00395e-20)
(1.12652 -0.0735722 1.79144e-20)
(1.13251 -0.0730973 2.6352e-20)
(1.13865 -0.0725494 -3.4011e-20)
(1.14524 -0.0714593 8.51993e-22)
(1.13251 -0.103741 6.81106e-21)
(1.13956 -0.102328 -6.2446e-21)
(1.14685 -0.100893 -8.77506e-21)
(1.15438 -0.0994461 -4.94972e-21)
(1.16216 -0.0979925 -1.37825e-20)
(1.17017 -0.0965285 1.74226e-20)
(1.17838 -0.0950376 -5.95719e-20)
(1.18671 -0.0934856 3.76597e-20)
(1.19506 -0.0917828 9.46149e-20)
(1.20376 -0.0892729 5.64438e-21)
(1.19553 -0.151356 -2.02151e-21)
(1.20605 -0.148799 -1.40564e-20)
(1.2167 -0.146116 2.75345e-20)
(1.22738 -0.143231 -4.68776e-20)
(1.23793 -0.140034 -1.49616e-20)
(1.24812 -0.136386 3.60805e-20)
(1.25769 -0.132124 4.65202e-20)
(1.26631 -0.127078 7.57472e-20)
(1.27367 -0.12107 6.74679e-20)
(1.27905 -0.11311 -1.12199e-20)
(1.27645 -0.199646 1.44106e-20)
(1.28894 -0.189964 2.27681e-20)
(1.30032 -0.179364 -2.39367e-20)
(1.31023 -0.167755 8.4413e-20)
(1.31825 -0.155038 -9.45219e-20)
(1.32389 -0.141143 -1.80301e-19)
(1.32666 -0.126072 2.72484e-19)
(1.32609 -0.109937 -1.27758e-19)
(1.32228 -0.0930204 -1.53378e-19)
(1.3084 -0.0743065 3.80492e-20)
(1.41052 -0.306973 -2.27779e-20)
(1.42237 -0.286388 -2.21956e-20)
(1.42763 -0.263188 1.98265e-19)
(1.42521 -0.237624 -3.2585e-20)
(1.41414 -0.210238 -1.42417e-19)
(1.39365 -0.18194 -8.00764e-20)
(1.36333 -0.154039 8.80028e-20)
(1.32313 -0.1282 -1.52716e-20)
(1.27323 -0.106263 1.55124e-19)
(1.19554 -0.0874679 4.94498e-19)
(1.05508 -0.00339033 0)
(1.06493 -0.000851721 0)
(1.06677 0.000667868 0)
(1.06032 0.00127337 0)
(1.05388 0.0014056 0)
(1.04565 0.0014424 0)
(1.04103 0.00141623 0)
(1.0328 0.00137145 0)
(1.02998 0.00167218 0)
(1.01717 0.00157246 0)
(1.06104 -0.0103192 0)
(1.07081 -0.00251019 0)
(1.07189 0.00203874 0)
(1.06482 0.00384277 0)
(1.05841 0.00427149 0)
(1.04996 0.00435443 0)
(1.04557 0.00427124 0)
(1.03704 0.00412101 0)
(1.03439 0.00501048 0)
(1.02146 0.00472733 0)
(1.07391 -0.0175119 0)
(1.08328 -0.0039007 0)
(1.08274 0.00360201 0)
(1.07441 0.00649373 0)
(1.06801 0.00725031 0)
(1.05906 0.00731173 0)
(1.05505 0.00717439 0)
(1.04582 0.00691226 0)
(1.04347 0.00833607 0)
(1.03016 0.00793332 0)
(1.09545 -0.0253699 0)
(1.10369 -0.00485004 0)
(1.10042 0.00558704 0)
(1.09014 0.00935395 0)
(1.08355 0.0104059 0)
(1.07364 0.0103261 0)
(1.06998 0.0101773 0)
(1.05943 0.00982993 0)
(1.05736 0.0116974 0)
(1.04317 0.0112768 0)
(1.12902 -0.0332761 0)
(1.1342 -0.00486523 0)
(1.12633 0.00858398 0)
(1.11299 0.0129414 0)
(1.1055 0.0141154 0)
(1.09385 0.0136174 0)
(1.09003 0.0135199 0)
(1.07722 0.0130728 0)
(1.07509 0.0152824 0)
(1.0592 0.0149088 0)
(1.17749 -0.0424561 0)
(1.17592 -0.00481382 0)
(1.16037 0.0128081 0)
(1.14185 0.0179319 0)
(1.13167 0.0190948 0)
(1.11695 0.0177544 0)
(1.11164 0.0177544 0)
(1.09548 0.0170319 0)
(1.09252 0.0194701 0)
(1.07416 0.0190421 0)
(1.24264 -0.0484503 0)
(1.22545 -0.00451373 0)
(1.19647 0.0185995 0)
(1.16864 0.0249188 0)
(1.15243 0.0261483 0)
(1.13285 0.0235242 0)
(1.12402 0.023618 0)
(1.10416 0.0221705 0)
(1.09939 0.0246947 0)
(1.07911 0.0237904 0)
(1.30352 -0.054089 0)
(1.25687 -0.00582978 0)
(1.20899 0.0253194 0)
(1.16746 0.0332933 0)
(1.14241 0.035322 0)
(1.11784 0.0312449 0)
(1.1048 0.0313731 0)
(1.08408 0.0284407 0)
(1.07759 0.0308724 0)
(1.05998 0.0286853 0)
(1.30417 -0.00172853 0)
(1.20284 0.0245212 0)
(1.13861 0.0517914 0)
(1.08537 0.0507532 0)
(1.05701 0.0499741 0)
(1.03528 0.0417202 0)
(1.02392 0.0404584 0)
(1.01229 0.0344061 0)
(1.00769 0.0364386 0)
(1.00386 0.0318807 0)
(1.02944 0.0587284 0)
(0.908082 0.0728356 0)
(0.886478 0.0923273 0)
(0.857649 0.067475 0)
(0.859131 0.0617338 0)
(0.865061 0.0471441 0)
(0.872111 0.0439798 0)
(0.886615 0.0343202 0)
(0.890998 0.0365277 0)
(0.915095 0.0294002 0)
(0.646248 0.0921746 2.77984e-19)
(0.613065 0.0885165 -4.10337e-20)
(0.677514 0.0924005 -1.82119e-20)
(0.688916 0.061854 1.43578e-20)
(0.724269 0.0547923 2.11037e-20)
(0.75439 0.0404665 -6.33287e-22)
(0.776766 0.0371366 -2.8067e-21)
(0.810394 0.0284387 -3.33103e-22)
(0.821198 0.0300748 6.73612e-23)
(0.863769 0.0235694 5.07339e-22)
(0.533028 0.0842236 -2.07895e-20)
(0.524034 0.0851507 -4.35944e-20)
(0.61561 0.0881941 3.18926e-20)
(0.640449 0.058538 -2.13671e-20)
(0.686408 0.0516983 -1.84916e-21)
(0.723959 0.0380123 5.25735e-21)
(0.750884 0.0347594 8.95303e-22)
(0.789884 0.0265484 3.18938e-21)
(0.802421 0.0279345 2.96718e-22)
(0.849918 0.0217899 -1.02778e-21)
(0.425042 0.069021 1.79625e-19)
(0.436796 0.0791123 2.5726e-20)
(0.554088 0.0821053 2.0906e-20)
(0.592641 0.0544244 3.00625e-20)
(0.6492 0.0478648 -7.33556e-21)
(0.694295 0.0350866 -2.92456e-21)
(0.725808 0.0319579 -4.65542e-21)
(0.770178 0.0243668 -2.46941e-21)
(0.784505 0.0254857 -6.38057e-22)
(0.836828 0.0198197 5.30343e-22)
(0.324869 0.0552036 -3.66466e-19)
(0.353843 0.0726622 4.00861e-20)
(0.494709 0.0750353 -7.41772e-20)
(0.546765 0.0496272 3.31741e-21)
(0.613607 0.0433848 -1.78371e-21)
(0.666124 0.0316945 8.74397e-21)
(0.702123 0.02875 -4.95637e-22)
(0.751707 0.0218817 1.22305e-22)
(0.767818 0.0227612 1.6843e-23)
(0.824746 0.0176431 3.63106e-22)
(0.234778 0.0429286 3.0074e-19)
(0.277533 0.0648511 -1.25296e-19)
(0.439322 0.0665664 -1.86877e-20)
(0.504162 0.0439187 1.5333e-20)
(0.580634 0.0381862 4.75185e-21)
(0.640188 0.0278104 -6.92639e-21)
(0.680419 0.0251358 -1.92174e-21)
(0.734893 0.0191006 -1.12349e-21)
(0.75271 0.0197743 -4.73408e-22)
(0.813896 0.0152758 9.11848e-22)
(0.156728 0.031928 -2.86608e-20)
(0.210083 0.055386 1.35331e-19)
(0.389773 0.0566227 1.39114e-20)
(0.466174 0.0372975 -1.81643e-20)
(0.551286 0.0322915 2.18383e-20)
(0.617223 0.0234624 1.04374e-21)
(0.661277 0.0211451 3.46026e-21)
(0.720147 0.0160505 3.51219e-22)
(0.739525 0.016549 1.18626e-21)
(0.804498 0.0127412 -9.26197e-22)
(0.0923688 0.0224854 -1.28008e-19)
(0.153488 0.0445328 -2.04112e-20)
(0.347782 0.0454091 5.26312e-20)
(0.434058 0.0298814 -7.80996e-21)
(0.526506 0.0257859 -9.47483e-21)
(0.597913 0.0187077 1.91271e-21)
(0.645233 0.016826 -7.29013e-22)
(0.707849 0.0127663 2.44318e-22)
(0.728572 0.0131177 -2.64433e-22)
(0.796743 0.0100642 1.63851e-22)
(0.043004 0.0146759 2.97824e-20)
(0.109445 0.0326079 -1.81769e-22)
(0.314854 0.0331809 1.65421e-20)
(0.408919 0.0218152 -8.08489e-21)
(0.507124 0.018779 -2.04141e-21)
(0.582857 0.0136184 1.43376e-21)
(0.632756 0.012238 -1.08954e-21)
(0.698324 0.00929033 3.58958e-22)
(0.720119 0.00951905 -4.68489e-22)
(0.790794 0.0072719 -4.63725e-22)
(0.00958241 0.00822728 2.06941e-20)
(0.0793001 0.0198999 -2.45945e-20)
(0.292196 0.0202039 -2.01667e-20)
(0.39164 0.0132623 5.25323e-21)
(0.493806 0.0113976 1.34491e-21)
(0.572532 0.00827915 -1.05518e-21)
(0.624213 0.00745007 8.47354e-22)
(0.691816 0.00567197 2.10427e-22)
(0.714357 0.00579723 3.68551e-22)
(0.786754 0.00439514 -3.09272e-22)
(-0.00728089 0.00266075 -2.05675e-21)
(0.0639908 0.00670897 1.56882e-20)
(0.280658 0.00676497 6.1383e-21)
(0.382847 0.00440751 -4.36353e-22)
(0.48703 0.00378459 1.19262e-21)
(0.567283 0.00278537 -2.42279e-22)
(0.619878 0.00253865 2.35581e-22)
(0.688527 0.00196537 2.76224e-23)
(0.711459 0.00199913 2.28596e-25)
(0.78474 0.00146632 3.30262e-22)
)
;

boundaryField
{
    inlet
    {
        type            uniformFixedValue;
        uniformValue    constant (1 0 0);
        value           uniform (1 0 0);
    }
    outlet
    {
        type            pressureInletOutletVelocity;
        value           nonuniform List<vector> 
40
(
(0.915249 -0.0294462 0)
(1.00399 -0.0319494 0)
(1.06007 -0.0287621 0)
(1.07916 -0.0238627 0)
(1.07419 -0.0191028 0)
(1.05921 -0.0149558 0)
(1.04318 -0.0113109 0)
(1.03017 -0.00795616 0)
(1.02146 -0.00474042 0)
(1.01717 -0.00157673 0)
(0.784728 -0.00147989 3.3538e-22)
(0.786796 -0.00440921 -3.08911e-22)
(0.790834 -0.0072871 -4.52415e-22)
(0.796812 -0.0100809 1.66563e-22)
(0.804584 -0.0127601 -8.89528e-22)
(0.813998 -0.0152972 9.29516e-22)
(0.824862 -0.0176673 3.59928e-22)
(0.83696 -0.0198472 5.18697e-22)
(0.850058 -0.0218204 -1.02611e-21)
(0.863919 -0.0236036 5.28159e-22)
(0.863769 0.0235694 5.07339e-22)
(0.849918 0.0217899 -1.02778e-21)
(0.836828 0.0198197 5.30343e-22)
(0.824746 0.0176431 3.63106e-22)
(0.813896 0.0152758 9.11848e-22)
(0.804498 0.0127412 -9.26197e-22)
(0.796743 0.0100642 1.63851e-22)
(0.790794 0.0072719 -4.63725e-22)
(0.786754 0.00439514 -3.09272e-22)
(0.78474 0.00146632 3.30262e-22)
(1.01717 0.00157246 0)
(1.02146 0.00472733 0)
(1.03016 0.00793332 0)
(1.04317 0.0112768 0)
(1.0592 0.0149088 0)
(1.07416 0.0190421 0)
(1.07911 0.0237904 0)
(1.05998 0.0286853 0)
(1.00386 0.0318807 0)
(0.915095 0.0294002 0)
)
;
    }
    cylinder
    {
        type            fixedValue;
        value           uniform (0 0 0);
    }
    top
    {
        type            symmetryPlane;
    }
    bottom
    {
        type            symmetryPlane;
    }
    defaultFaces
    {
        type            empty;
    }
}


// ************************************************************************* //
