/*--------------------------------*- C++ -*----------------------------------*\
  =========                 |
  \\      /  F ield         | OpenFOAM: The Open Source CFD Toolbox
   \\    /   O peration     | Website:  https://openfoam.org
    \\  /    A nd           | Version:  6.0
     \\/     M anipulation  |
\*---------------------------------------------------------------------------*/
FoamFile
{
    version     2.0;
    format      ascii;
    class       volScalarField;
    location    "50";
    object      nut;
}
// * * * * * * * * * * * * * * * * * * * * * * * * * * * * * * * * * * * * * //

dimensions      [0 2 -1 0 0 0 0];

internalField   nonuniform List<scalar> 
9800
(
0.140012
0.140007
0.140007
0.140006
0.140005
0.140005
0.140005
0.140005
0.140004
0.140004
0.140004
0.140004
0.140005
0.140005
0.140005
0.140005
0.140004
0.140004
0.140004
0.140004
0.140003
0.14
0.139985
0.139984
0.139996
0.14
0.140002
0.140002
0.140003
0.140003
0.140003
0.140003
0.140002
0.140002
0.140002
0.140002
0.140002
0.140002
0.140001
0.140001
0.140001
0.140001
0.14
0.14
0.14
0.139999
0.139999
0.139998
0.139998
0.139997
0.139997
0.139996
0.139995
0.139993
0.139992
0.139989
0.139987
0.139984
0.139981
0.139979
0.139977
0.139975
0.139974
0.139973
0.139973
0.139972
0.139971
0.13997
0.139969
0.139968
0.139967
0.139967
0.139966
0.139966
0.139966
0.13997
0.139976
0.139981
0.139986
0.139991
0.139995
0.139999
0.140003
0.140007
0.140012
0.140017
0.140023
0.140029
0.140038
0.140048
0.140062
0.14008
0.140105
0.140137
0.140232
0.140194
0.14036
0.140576
0.141877
0.135425
0.139992
0.139996
0.139983
0.139979
0.139978
0.139978
0.139977
0.139977
0.139977
0.139977
0.139977
0.139977
0.139977
0.139977
0.139977
0.139977
0.139977
0.139977
0.139977
0.139976
0.139974
0.139968
0.139951
0.13995
0.139962
0.13997
0.139973
0.139974
0.139975
0.139975
0.139974
0.139974
0.139974
0.139973
0.139973
0.139973
0.139972
0.139972
0.139972
0.139971
0.139971
0.139971
0.13997
0.13997
0.139969
0.139969
0.139968
0.139967
0.139967
0.139966
0.139966
0.139966
0.139968
0.139971
0.139973
0.139974
0.139975
0.139975
0.139973
0.139972
0.13997
0.139969
0.139968
0.139968
0.139967
0.139966
0.139965
0.139965
0.139964
0.139964
0.139963
0.139963
0.139962
0.139962
0.139962
0.139964
0.139967
0.139971
0.139975
0.139981
0.139987
0.139993
0.139999
0.140006
0.140013
0.14002
0.140028
0.140036
0.140045
0.140054
0.140065
0.140076
0.14009
0.140104
0.140128
0.14014
0.14015
0.140164
0.140184
0.14033
0.139947
0.139946
0.139938
0.139937
0.139937
0.139937
0.139937
0.139937
0.139937
0.139937
0.139937
0.139937
0.139937
0.139937
0.139938
0.139938
0.139938
0.139938
0.139938
0.139937
0.139934
0.139926
0.139912
0.139911
0.139922
0.139931
0.139934
0.139936
0.139936
0.139936
0.139936
0.139935
0.139935
0.139934
0.139934
0.139933
0.139933
0.139932
0.139932
0.139931
0.13993
0.13993
0.139929
0.139929
0.139928
0.139927
0.139926
0.139925
0.139924
0.139923
0.139922
0.139922
0.139922
0.139923
0.139925
0.139927
0.139928
0.139929
0.13993
0.13993
0.139931
0.139932
0.139934
0.139936
0.139939
0.139943
0.139946
0.139949
0.139952
0.139954
0.139956
0.139958
0.13996
0.139962
0.139963
0.139965
0.139967
0.13997
0.139973
0.139977
0.139982
0.139987
0.139993
0.14
0.140007
0.140015
0.140023
0.140032
0.140041
0.140051
0.140061
0.140072
0.140084
0.140096
0.140108
0.14012
0.14013
0.140141
0.140134
0.140184
0.139905
0.139891
0.13989
0.13989
0.13989
0.139891
0.139892
0.139892
0.139893
0.139893
0.139893
0.139893
0.139893
0.139894
0.139894
0.139894
0.139894
0.139894
0.139894
0.139892
0.139888
0.13988
0.139868
0.139867
0.139877
0.139885
0.13989
0.139892
0.139892
0.139892
0.139892
0.139891
0.139891
0.13989
0.139889
0.139889
0.139888
0.139887
0.139886
0.139886
0.139885
0.139884
0.139883
0.139882
0.139881
0.139881
0.139879
0.139878
0.139877
0.139876
0.139874
0.139873
0.139872
0.139871
0.139871
0.139871
0.139872
0.139872
0.139873
0.139874
0.139874
0.139875
0.139876
0.139878
0.139881
0.139883
0.139886
0.13989
0.139893
0.139897
0.1399
0.139903
0.139905
0.139907
0.139909
0.139909
0.13991
0.13991
0.139909
0.139909
0.139908
0.139907
0.139906
0.139905
0.139904
0.139904
0.139903
0.139903
0.139902
0.139901
0.1399
0.139898
0.139895
0.139893
0.139889
0.139885
0.139888
0.139883
0.139886
0.139899
0.139854
0.139835
0.139837
0.139838
0.139839
0.13984
0.139841
0.139842
0.139842
0.139842
0.139843
0.139843
0.139844
0.139844
0.139845
0.139845
0.139845
0.139845
0.139844
0.139842
0.139837
0.139829
0.139818
0.139818
0.139826
0.139834
0.139839
0.139842
0.139843
0.139843
0.139842
0.139841
0.139841
0.13984
0.139839
0.139838
0.139837
0.139836
0.139835
0.139834
0.139833
0.139832
0.139831
0.139829
0.139828
0.139827
0.139825
0.139824
0.139822
0.139821
0.139819
0.139817
0.139815
0.139813
0.139812
0.13981
0.139808
0.139807
0.139806
0.139805
0.139804
0.139804
0.139803
0.139803
0.139803
0.139803
0.139804
0.139805
0.139806
0.139808
0.139809
0.139811
0.139812
0.139813
0.139814
0.139815
0.139814
0.139814
0.139812
0.13981
0.139808
0.139805
0.139802
0.139798
0.139793
0.139788
0.139783
0.139778
0.139772
0.139766
0.139759
0.139752
0.139744
0.139735
0.139726
0.139716
0.139706
0.139693
0.139693
0.13971
0.139797
0.139773
0.139776
0.139778
0.139779
0.139781
0.139782
0.139783
0.139784
0.139785
0.139786
0.139787
0.139787
0.139788
0.139788
0.139788
0.139788
0.139789
0.139788
0.139787
0.139781
0.139771
0.139762
0.139761
0.139769
0.139778
0.139784
0.139786
0.139786
0.139786
0.139786
0.139785
0.139784
0.139783
0.139782
0.139781
0.13978
0.139778
0.139777
0.139775
0.139774
0.139772
0.139771
0.139769
0.139768
0.139766
0.139765
0.139763
0.139761
0.139759
0.139756
0.139754
0.139752
0.139749
0.139747
0.139744
0.139741
0.139738
0.139736
0.139733
0.139731
0.139729
0.139726
0.139724
0.139722
0.13972
0.139718
0.139716
0.139714
0.139713
0.139712
0.139711
0.13971
0.139709
0.139708
0.139706
0.139704
0.139702
0.1397
0.139697
0.139694
0.13969
0.139685
0.13968
0.139675
0.139669
0.139662
0.139654
0.139647
0.139638
0.139629
0.139619
0.139609
0.139598
0.139586
0.139574
0.139563
0.139548
0.139549
0.139562
0.139736
0.139713
0.139721
0.139724
0.139727
0.139728
0.139729
0.13973
0.13973
0.139732
0.139735
0.139736
0.139737
0.139737
0.139737
0.139738
0.139739
0.13974
0.13974
0.139737
0.139727
0.139708
0.139696
0.139696
0.139706
0.139724
0.139732
0.139733
0.139732
0.13973
0.13973
0.139727
0.139725
0.139723
0.139721
0.139719
0.139717
0.139715
0.139713
0.139712
0.13971
0.139708
0.139706
0.139704
0.139702
0.1397
0.139698
0.139696
0.139693
0.139691
0.139688
0.139685
0.139682
0.139679
0.139676
0.139673
0.139669
0.139666
0.139662
0.139658
0.139654
0.13965
0.139646
0.139642
0.139638
0.139634
0.13963
0.139626
0.139622
0.139618
0.139614
0.139609
0.139605
0.139602
0.139598
0.139594
0.13959
0.139585
0.13958
0.139576
0.13957
0.139565
0.139558
0.139552
0.139545
0.139537
0.139529
0.13952
0.139511
0.139501
0.139491
0.13948
0.139469
0.139457
0.139445
0.139432
0.13942
0.139403
0.139404
0.139416
0.139684
0.139667
0.139675
0.139678
0.13968
0.139682
0.139682
0.139683
0.139685
0.139687
0.139691
0.139692
0.139692
0.139692
0.139693
0.139694
0.139695
0.139696
0.139695
0.139688
0.139671
0.139638
0.139622
0.139621
0.139636
0.139664
0.139679
0.139683
0.139681
0.139678
0.139677
0.139674
0.139671
0.139668
0.139664
0.13966
0.139657
0.139654
0.139652
0.13965
0.139648
0.139645
0.139642
0.139639
0.139636
0.139633
0.139629
0.139626
0.139623
0.139619
0.139615
0.139611
0.139607
0.139603
0.139599
0.139594
0.139589
0.139584
0.139579
0.139574
0.139569
0.139564
0.139558
0.139553
0.139548
0.139542
0.139536
0.139531
0.139525
0.139519
0.139512
0.139506
0.1395
0.139493
0.139487
0.13948
0.139474
0.139467
0.13946
0.139452
0.139445
0.139437
0.139428
0.13942
0.13941
0.139401
0.139391
0.13938
0.139369
0.139358
0.139346
0.139334
0.139321
0.139308
0.139295
0.139281
0.139267
0.13925
0.139251
0.139261
0.139639
0.139626
0.139632
0.139634
0.139636
0.139638
0.13964
0.139642
0.139644
0.139647
0.139651
0.13965
0.13965
0.139651
0.139652
0.139653
0.139653
0.139652
0.139647
0.139633
0.139604
0.139559
0.139535
0.139534
0.139554
0.139595
0.139619
0.139629
0.13963
0.139628
0.139626
0.139622
0.139619
0.139615
0.13961
0.139605
0.139601
0.139597
0.139594
0.139591
0.139588
0.139585
0.139581
0.139577
0.139573
0.139568
0.139564
0.139559
0.139553
0.139548
0.139542
0.139537
0.13953
0.139524
0.139518
0.139511
0.139504
0.139497
0.13949
0.139483
0.139476
0.139469
0.139462
0.139455
0.139447
0.13944
0.139433
0.139426
0.139418
0.139411
0.139403
0.139395
0.139387
0.139379
0.139371
0.139362
0.139353
0.139345
0.139335
0.139326
0.139316
0.139306
0.139295
0.139284
0.139273
0.139261
0.139249
0.139237
0.139224
0.139211
0.139198
0.139185
0.139171
0.139156
0.139142
0.139127
0.139114
0.139096
0.139098
0.139104
0.139604
0.139591
0.139595
0.139597
0.139599
0.139602
0.139604
0.139607
0.13961
0.139613
0.139615
0.139615
0.139616
0.139617
0.139617
0.139617
0.139615
0.139609
0.139596
0.139571
0.139528
0.139465
0.139433
0.139431
0.139456
0.139511
0.139548
0.139568
0.139576
0.139577
0.139576
0.139573
0.139569
0.139564
0.139559
0.139553
0.139547
0.139542
0.139538
0.139534
0.13953
0.139526
0.139521
0.139516
0.139511
0.139505
0.139498
0.139492
0.139484
0.139477
0.139468
0.13946
0.139451
0.139442
0.139433
0.139423
0.139413
0.139403
0.139393
0.139383
0.139373
0.139363
0.139353
0.139343
0.139334
0.139324
0.139315
0.139306
0.139297
0.139287
0.139278
0.139269
0.139259
0.139249
0.139239
0.139228
0.139218
0.139208
0.139197
0.139186
0.139174
0.139162
0.13915
0.139138
0.139125
0.139112
0.139098
0.139084
0.13907
0.139056
0.139042
0.139028
0.139013
0.138999
0.138984
0.138969
0.138955
0.138938
0.138942
0.138946
0.139551
0.139536
0.139541
0.139545
0.139549
0.139554
0.139558
0.139562
0.139566
0.139569
0.139573
0.139575
0.139576
0.139577
0.139576
0.139574
0.139568
0.139555
0.139531
0.13949
0.139429
0.13935
0.139312
0.13931
0.13934
0.13941
0.139464
0.139497
0.139515
0.139523
0.139526
0.139525
0.139521
0.139516
0.139511
0.139505
0.139498
0.139491
0.139485
0.139478
0.139472
0.139466
0.139459
0.139453
0.139447
0.13944
0.139431
0.139423
0.139413
0.139402
0.139391
0.139379
0.139367
0.139353
0.139339
0.139326
0.139311
0.139297
0.139282
0.139268
0.139254
0.13924
0.139227
0.139214
0.139201
0.139189
0.139177
0.139165
0.139154
0.139142
0.139131
0.13912
0.139109
0.139098
0.139086
0.139075
0.139063
0.139052
0.13904
0.139028
0.139016
0.139003
0.138991
0.138978
0.138965
0.138951
0.138938
0.138925
0.138912
0.138899
0.138887
0.138874
0.138861
0.138849
0.138837
0.138825
0.138815
0.138801
0.138811
0.138817
0.13952
0.139506
0.139509
0.139512
0.139517
0.139521
0.139525
0.139528
0.139532
0.139535
0.139539
0.139542
0.139543
0.139542
0.139538
0.139531
0.139518
0.139495
0.139456
0.139396
0.139314
0.139217
0.139169
0.139163
0.139195
0.139269
0.139339
0.13939
0.139423
0.139441
0.139452
0.139456
0.139454
0.13945
0.139443
0.139436
0.139427
0.139417
0.139407
0.139397
0.139387
0.139377
0.139366
0.139355
0.139345
0.139335
0.139323
0.139311
0.139298
0.139283
0.139268
0.139252
0.139235
0.139217
0.139201
0.139184
0.139167
0.139151
0.139135
0.139119
0.139103
0.139088
0.139074
0.13906
0.139046
0.139033
0.139021
0.139008
0.138996
0.138984
0.138972
0.138961
0.138949
0.138938
0.138927
0.138916
0.138905
0.138893
0.138882
0.138871
0.13886
0.138848
0.138836
0.138824
0.138812
0.1388
0.138788
0.138776
0.138765
0.138753
0.138742
0.138731
0.13872
0.138709
0.138699
0.13869
0.138681
0.138671
0.138681
0.138693
0.13939
0.139361
0.139366
0.139377
0.139387
0.139397
0.139406
0.139413
0.139421
0.139429
0.13944
0.139446
0.139448
0.139446
0.139439
0.139425
0.1394
0.13936
0.1393
0.139217
0.139118
0.139029
0.138984
0.13898
0.139017
0.1391
0.139189
0.13926
0.139311
0.139345
0.139368
0.139379
0.139382
0.13938
0.139373
0.139365
0.139356
0.139345
0.139332
0.139319
0.139305
0.139289
0.139274
0.139257
0.139241
0.139224
0.139208
0.139192
0.139175
0.139156
0.139137
0.139117
0.139096
0.139075
0.139054
0.139034
0.139015
0.138997
0.138979
0.138962
0.138946
0.13893
0.138915
0.138901
0.138887
0.138874
0.13886
0.138848
0.138835
0.138823
0.13881
0.138798
0.138787
0.138775
0.138763
0.138752
0.13874
0.138728
0.138716
0.138704
0.138692
0.13868
0.138668
0.138655
0.138643
0.138632
0.138621
0.13861
0.1386
0.13859
0.138581
0.138573
0.138565
0.138558
0.138553
0.138548
0.138549
0.138548
0.138567
0.138584
0.139384
0.139366
0.139369
0.139375
0.139382
0.13939
0.139397
0.139404
0.13941
0.139417
0.139424
0.139424
0.139418
0.139406
0.139385
0.139353
0.139305
0.13924
0.139153
0.139045
0.138923
0.13881
0.13875
0.138732
0.138755
0.138807
0.138874
0.138946
0.139012
0.139067
0.139115
0.139145
0.13916
0.139164
0.13916
0.13915
0.139137
0.139122
0.139105
0.139089
0.13907
0.13905
0.13903
0.139011
0.138992
0.138974
0.138957
0.13894
0.138924
0.138909
0.138894
0.138878
0.138862
0.138846
0.13883
0.138813
0.138797
0.138781
0.138765
0.138748
0.138732
0.138716
0.1387
0.138685
0.13867
0.138656
0.138642
0.138628
0.138614
0.138601
0.138587
0.138574
0.13856
0.138548
0.138535
0.138523
0.138511
0.138499
0.138488
0.138477
0.138466
0.138456
0.138447
0.138438
0.13843
0.138424
0.138418
0.138414
0.138411
0.13841
0.13841
0.138412
0.138415
0.138419
0.138425
0.138432
0.138441
0.13845
0.138461
0.138503
0.139057
0.13901
0.139006
0.139009
0.139013
0.139016
0.139019
0.139021
0.139022
0.13902
0.139015
0.139005
0.138989
0.138963
0.138929
0.138884
0.138825
0.138755
0.138673
0.138586
0.138502
0.138432
0.138392
0.138387
0.138418
0.138483
0.138579
0.138675
0.138763
0.13884
0.138908
0.138958
0.138991
0.139009
0.139015
0.139012
0.139001
0.138986
0.138966
0.138943
0.138917
0.138889
0.13886
0.138829
0.138798
0.138766
0.138734
0.138702
0.138672
0.138644
0.138617
0.138593
0.138571
0.138551
0.138532
0.138514
0.138498
0.138482
0.138467
0.138452
0.138437
0.138423
0.138409
0.138395
0.138381
0.138367
0.138354
0.138341
0.138328
0.138316
0.138305
0.138293
0.138283
0.138273
0.138264
0.138255
0.138248
0.138242
0.138236
0.138232
0.13823
0.138229
0.138229
0.138231
0.138234
0.138239
0.138245
0.138252
0.138261
0.138271
0.138283
0.138295
0.138308
0.13832
0.138333
0.138346
0.13836
0.138373
0.138402
0.138448
0.139122
0.139089
0.139074
0.139064
0.139055
0.139045
0.139034
0.139021
0.139006
0.138987
0.138965
0.138936
0.138897
0.138848
0.13879
0.138721
0.138638
0.138543
0.138435
0.138313
0.13818
0.138046
0.137947
0.137899
0.137886
0.137904
0.137947
0.138003
0.138062
0.138121
0.138176
0.138225
0.138265
0.138295
0.138316
0.13833
0.138336
0.138337
0.138332
0.138323
0.138311
0.138296
0.13828
0.138261
0.138242
0.138221
0.138199
0.138178
0.138156
0.138134
0.138112
0.138092
0.138072
0.138054
0.138036
0.13802
0.138004
0.13799
0.137977
0.137964
0.137952
0.137941
0.137931
0.137921
0.137912
0.137903
0.137894
0.137886
0.137879
0.137872
0.137866
0.137862
0.137858
0.137856
0.137855
0.137855
0.137857
0.13786
0.137865
0.137872
0.137881
0.137892
0.137904
0.137917
0.137932
0.137947
0.137964
0.137981
0.137999
0.138017
0.138035
0.138052
0.138067
0.138081
0.138092
0.1381
0.138104
0.138105
0.138102
0.138151
0.138184
0.138168
0.138153
0.138136
0.138117
0.138096
0.138072
0.138045
0.138011
0.137971
0.137926
0.137876
0.13782
0.137758
0.137691
0.137617
0.137539
0.137458
0.137374
0.137291
0.137214
0.137151
0.137115
0.137111
0.137143
0.137216
0.137323
0.137432
0.137534
0.137626
0.137708
0.137771
0.137819
0.137853
0.137875
0.13789
0.137893
0.137887
0.137872
0.137849
0.137819
0.137783
0.137744
0.137703
0.137663
0.137625
0.137589
0.137558
0.137529
0.137503
0.13748
0.137459
0.13744
0.137423
0.137407
0.137393
0.137381
0.137371
0.137362
0.137354
0.13735
0.137348
0.137348
0.137351
0.137354
0.13736
0.137366
0.137375
0.137385
0.137397
0.137411
0.137427
0.137445
0.137465
0.137487
0.13751
0.137535
0.137561
0.137587
0.137614
0.137641
0.137667
0.137692
0.137715
0.137735
0.137753
0.137767
0.137777
0.137782
0.137783
0.137779
0.137769
0.137754
0.137733
0.137704
0.137669
0.137628
0.137581
0.137527
0.137475
0.138478
0.138406
0.138344
0.138283
0.138223
0.13816
0.138095
0.138026
0.137952
0.137876
0.137808
0.137733
0.137649
0.137556
0.137455
0.137345
0.137228
0.137103
0.136968
0.136825
0.136674
0.136515
0.136355
0.136207
0.136101
0.136051
0.136041
0.136055
0.136084
0.136118
0.136155
0.136199
0.136238
0.136274
0.136306
0.136334
0.136357
0.136373
0.136385
0.136394
0.1364
0.136402
0.136401
0.136397
0.136391
0.136385
0.136379
0.136374
0.13637
0.136367
0.136366
0.136365
0.136365
0.136367
0.136369
0.136373
0.136377
0.136383
0.136389
0.136396
0.136405
0.136418
0.136435
0.136452
0.136469
0.136484
0.136499
0.136513
0.136526
0.136538
0.136548
0.136555
0.13656
0.136562
0.136558
0.13655
0.136536
0.136517
0.136494
0.136465
0.136431
0.136392
0.136348
0.136298
0.136243
0.136182
0.136116
0.136045
0.135969
0.135888
0.135803
0.135716
0.135625
0.135534
0.135441
0.135349
0.135256
0.135162
0.13507
0.135002
0.135533
0.135396
0.135295
0.135209
0.13512
0.135027
0.134917
0.134795
0.134665
0.134536
0.134398
0.134272
0.134139
0.133998
0.133852
0.133702
0.133549
0.133396
0.133244
0.133095
0.13295
0.132813
0.132687
0.132576
0.132485
0.132416
0.13237
0.132344
0.132332
0.132331
0.13234
0.132365
0.132383
0.132397
0.132409
0.132418
0.132425
0.132429
0.132432
0.132431
0.132429
0.132425
0.132421
0.132418
0.132416
0.132414
0.132412
0.132412
0.132413
0.132413
0.132413
0.132411
0.13241
0.132407
0.132405
0.132403
0.132401
0.132399
0.132399
0.132402
0.132403
0.132408
0.132424
0.132436
0.13245
0.132464
0.13248
0.1325
0.132523
0.132551
0.132587
0.132632
0.132689
0.132763
0.132865
0.133002
0.133186
0.133411
0.133664
0.133936
0.134215
0.134495
0.134768
0.13503
0.135279
0.135514
0.135734
0.13594
0.136131
0.136309
0.136475
0.136629
0.136772
0.136905
0.13703
0.137146
0.137257
0.137365
0.137488
0.137687
0.141784
0.141367
0.141221
0.141271
0.141405
0.141524
0.141576
0.141541
0.141415
0.141232
0.141398
0.1409
0.140392
0.139934
0.1395
0.139073
0.138641
0.138194
0.137726
0.137234
0.136713
0.136161
0.135579
0.134964
0.134317
0.133638
0.132927
0.132186
0.131415
0.130616
0.12992
0.13004
0.12965
0.129298
0.128977
0.128687
0.128422
0.128176
0.127946
0.127729
0.127521
0.127322
0.127128
0.12694
0.126756
0.126575
0.126396
0.126219
0.126044
0.12587
0.125698
0.125526
0.125355
0.125184
0.125014
0.124844
0.124672
0.124498
0.124318
0.124124
0.123901
0.123808
0.124087
0.1241
0.124092
0.124077
0.12406
0.12404
0.124017
0.123992
0.123964
0.123936
0.123905
0.123873
0.123839
0.123802
0.123763
0.123719
0.12367
0.123614
0.123552
0.123484
0.123409
0.123328
0.123242
0.123151
0.123057
0.122959
0.122858
0.122755
0.122653
0.122552
0.122455
0.122367
0.122295
0.12226
0.122301
0.122518
0.123124
0.124588
0.160201
0.169643
0.179641
0.189468
0.199044
0.208367
0.217445
0.226283
0.234879
0.243227
0.251318
0.259137
0.26667
0.273901
0.280814
0.287396
0.293657
0.299535
0.305043
0.310188
0.314968
0.319384
0.323439
0.327141
0.3305
0.333528
0.336241
0.338657
0.340795
0.342677
0.344327
0.345768
0.346915
0.347746
0.348634
0.349406
0.350066
0.350632
0.351117
0.351536
0.351901
0.352224
0.352514
0.352781
0.353033
0.353279
0.353528
0.353476
0.353248
0.353462
0.353704
0.353949
0.354198
0.354454
0.354721
0.355008
0.355326
0.355693
0.356132
0.355962
0.355887
0.356799
0.358042
0.359708
0.361992
0.365157
0.369562
0.373588
0.382866
0.393541
0.139504
0.139198
0.138897
0.138619
0.138352
0.138085
0.137804
0.137503
0.137175
0.136818
0.136431
0.136012
0.135564
0.135086
0.134579
0.134046
0.133491
0.132911
0.132309
0.13169
0.131058
0.130413
0.12976
0.1291
0.128436
0.127772
0.127111
0.126454
0.125806
0.125169
0.124546
0.123941
0.123341
0.122736
0.122178
0.121645
0.121137
0.120653
0.120195
0.119763
0.119359
0.118982
0.118635
0.118316
0.118028
0.117772
0.117553
0.117322
0.117091
0.116952
0.116854
0.116788
0.116747
0.116729
0.116728
0.116743
0.116771
0.11681
0.116865
0.116819
0.116755
0.116805
0.116876
0.116957
0.11705
0.117169
0.117336
0.1172
0.117653
0.118214
0.140195
0.140194
0.140189
0.140179
0.140168
0.140154
0.140138
0.140121
0.140101
0.140078
0.140052
0.140021
0.139986
0.139945
0.1399
0.139849
0.139793
0.139731
0.139663
0.139589
0.139508
0.13942
0.139326
0.139225
0.139116
0.138999
0.138873
0.138739
0.138596
0.138443
0.138281
0.138109
0.137927
0.137737
0.137534
0.137322
0.137104
0.13688
0.136652
0.136421
0.136189
0.135958
0.13573
0.135507
0.13529
0.135081
0.134878
0.134687
0.134503
0.134322
0.134152
0.133996
0.133853
0.133724
0.133609
0.133506
0.133416
0.133335
0.13326
0.133193
0.133125
0.133052
0.132989
0.132935
0.132889
0.132845
0.132789
0.132732
0.132597
0.132369
0.139924
0.139937
0.139954
0.139973
0.139994
0.140019
0.140046
0.140076
0.140109
0.140145
0.140185
0.140228
0.140275
0.140326
0.14038
0.14044
0.140504
0.140572
0.140644
0.140721
0.140802
0.140886
0.140972
0.14106
0.141149
0.141236
0.141321
0.141401
0.141476
0.141544
0.141602
0.141651
0.141688
0.141714
0.141727
0.141728
0.141716
0.141692
0.141656
0.141609
0.141553
0.141488
0.141416
0.141339
0.141258
0.141174
0.14109
0.141008
0.140927
0.140847
0.140769
0.140695
0.140625
0.140559
0.140499
0.140443
0.140392
0.140346
0.140305
0.140272
0.140242
0.140212
0.140186
0.140163
0.140143
0.140125
0.140109
0.140102
0.14008
0.140056
0.139747
0.139765
0.139786
0.139809
0.139834
0.13986
0.139888
0.139917
0.139949
0.139982
0.140019
0.140058
0.1401
0.140145
0.140194
0.140247
0.140303
0.140363
0.140427
0.140494
0.140564
0.140638
0.140714
0.140791
0.14087
0.140948
0.141025
0.1411
0.141171
0.141236
0.141295
0.141345
0.141387
0.141419
0.141441
0.141453
0.141453
0.141443
0.141422
0.141392
0.141352
0.141305
0.14125
0.14119
0.141125
0.141058
0.140989
0.140921
0.140854
0.140788
0.140723
0.140661
0.140602
0.140546
0.140494
0.140445
0.140401
0.140361
0.140325
0.140295
0.140268
0.140243
0.140221
0.140202
0.140184
0.140169
0.140157
0.140148
0.14014
0.14014
0.139599
0.139617
0.139639
0.139663
0.139689
0.139717
0.139747
0.139779
0.139814
0.139851
0.139891
0.139933
0.139978
0.140026
0.140076
0.140129
0.140185
0.140244
0.140305
0.14037
0.140437
0.140507
0.140578
0.140652
0.140726
0.1408
0.140873
0.140943
0.14101
0.141072
0.141128
0.141176
0.141216
0.141248
0.14127
0.141282
0.141284
0.141276
0.141258
0.14123
0.141194
0.141151
0.1411
0.141044
0.140983
0.14092
0.140855
0.14079
0.140726
0.140663
0.140601
0.14054
0.140483
0.140429
0.140377
0.14033
0.140286
0.140247
0.140212
0.140181
0.140153
0.140128
0.140106
0.140086
0.140068
0.140053
0.14004
0.140029
0.14002
0.140016
0.139454
0.139474
0.139498
0.139524
0.139553
0.139584
0.139617
0.139653
0.139691
0.139732
0.139775
0.139821
0.139868
0.139919
0.139972
0.140027
0.140086
0.140147
0.14021
0.140277
0.140346
0.140417
0.140489
0.140563
0.140638
0.140712
0.140785
0.140856
0.140924
0.140986
0.141043
0.141092
0.141134
0.141167
0.141192
0.141207
0.141213
0.141208
0.141195
0.141172
0.141141
0.141102
0.141056
0.141005
0.140948
0.140889
0.140828
0.140767
0.140707
0.140646
0.140587
0.140529
0.140473
0.14042
0.14037
0.140324
0.140281
0.140241
0.140207
0.140176
0.140149
0.140123
0.140101
0.14008
0.140062
0.140047
0.140034
0.140023
0.140013
0.140008
0.139306
0.13933
0.13936
0.139393
0.139429
0.139469
0.139511
0.139556
0.139603
0.139653
0.139703
0.139755
0.139808
0.139862
0.139917
0.139973
0.14003
0.140088
0.140148
0.140209
0.140272
0.140337
0.140403
0.140472
0.140541
0.140611
0.140681
0.14075
0.140816
0.140879
0.140938
0.14099
0.141035
0.141073
0.141103
0.141124
0.141136
0.141139
0.141133
0.141117
0.141093
0.141061
0.141022
0.140976
0.140925
0.140871
0.140814
0.140757
0.140701
0.140643
0.140586
0.14053
0.140475
0.140423
0.140374
0.140328
0.140285
0.140246
0.140211
0.14018
0.140152
0.140126
0.140103
0.140082
0.140063
0.140047
0.140034
0.140022
0.140012
0.140007
0.13916
0.139191
0.139229
0.139271
0.139316
0.139365
0.139415
0.139467
0.13952
0.139574
0.139627
0.139681
0.139736
0.139791
0.139847
0.139904
0.139963
0.140023
0.140086
0.140151
0.140218
0.140288
0.140359
0.140431
0.140504
0.140577
0.140649
0.140719
0.140786
0.140849
0.140908
0.14096
0.141004
0.141042
0.141072
0.141094
0.141108
0.141112
0.141107
0.141094
0.141072
0.141043
0.141006
0.140964
0.140916
0.140864
0.140809
0.140755
0.1407
0.140644
0.140588
0.140533
0.14048
0.140428
0.140379
0.140332
0.140289
0.140249
0.140213
0.140182
0.140154
0.140127
0.140103
0.140081
0.140062
0.140045
0.140031
0.140018
0.140008
0.140003
0.139027
0.139074
0.139129
0.139188
0.139251
0.139316
0.139382
0.139448
0.139512
0.139575
0.139636
0.139695
0.139751
0.139806
0.139859
0.139911
0.139962
0.140013
0.140064
0.140117
0.140171
0.140228
0.140286
0.140347
0.14041
0.140475
0.140541
0.140608
0.140674
0.140738
0.140798
0.140854
0.140904
0.140948
0.140986
0.141015
0.141036
0.141048
0.141051
0.141044
0.141029
0.141006
0.140974
0.140936
0.140892
0.140844
0.140792
0.14074
0.140688
0.140634
0.140579
0.140525
0.140472
0.140421
0.140372
0.140326
0.140282
0.140242
0.140206
0.140176
0.140147
0.14012
0.140095
0.140073
0.140053
0.140035
0.140021
0.140008
0.139997
0.139992
0.138924
0.138983
0.13905
0.13912
0.13919
0.13926
0.139328
0.139394
0.139457
0.139516
0.139571
0.139623
0.139672
0.139719
0.139765
0.13981
0.139857
0.139907
0.139959
0.140016
0.140079
0.140146
0.140218
0.140295
0.140376
0.14046
0.140545
0.140629
0.140711
0.140789
0.140861
0.140926
0.140981
0.141028
0.141066
0.141093
0.14111
0.141117
0.141113
0.141099
0.141076
0.141045
0.141006
0.140961
0.14091
0.140855
0.140798
0.140742
0.140686
0.140629
0.140572
0.140516
0.140461
0.140409
0.140359
0.140312
0.140268
0.140227
0.140191
0.14016
0.140131
0.140104
0.140079
0.140056
0.140036
0.140018
0.140003
0.13999
0.139979
0.139974
0.138823
0.138895
0.138975
0.139057
0.139137
0.139216
0.139292
0.139366
0.139436
0.139502
0.139566
0.139628
0.139688
0.139746
0.139804
0.139861
0.139917
0.139972
0.140027
0.140081
0.140135
0.140189
0.140242
0.140295
0.140349
0.140402
0.140456
0.140509
0.140563
0.140616
0.140668
0.140717
0.140763
0.140806
0.140846
0.14088
0.140909
0.14093
0.140945
0.140951
0.14095
0.14094
0.140923
0.140897
0.140865
0.140827
0.140785
0.140741
0.140696
0.140646
0.140596
0.140544
0.140492
0.140441
0.140392
0.140343
0.140298
0.140255
0.140216
0.140182
0.140151
0.14012
0.140092
0.140066
0.140042
0.140021
0.140003
0.139988
0.139974
0.139968
0.138738
0.138825
0.138918
0.139009
0.139096
0.139176
0.13925
0.139318
0.13938
0.139438
0.139492
0.139544
0.139595
0.139646
0.139697
0.139749
0.139802
0.139856
0.139911
0.139967
0.140025
0.140085
0.140147
0.140211
0.140278
0.140348
0.140421
0.140496
0.140573
0.140651
0.140728
0.140802
0.140871
0.140936
0.140995
0.141048
0.141091
0.141126
0.14115
0.141163
0.141165
0.141155
0.141136
0.141106
0.141066
0.14102
0.140967
0.140913
0.140856
0.140795
0.140732
0.140668
0.140604
0.14054
0.140478
0.140418
0.140361
0.140308
0.14026
0.140218
0.140179
0.140141
0.140106
0.140074
0.140044
0.140018
0.139996
0.139977
0.13996
0.139953
0.138709
0.138823
0.138934
0.139035
0.139122
0.139195
0.139257
0.139307
0.139349
0.139384
0.139415
0.139444
0.139474
0.139506
0.139542
0.139583
0.139631
0.139685
0.139745
0.139811
0.139883
0.139959
0.140039
0.140121
0.140204
0.140287
0.140369
0.140448
0.140524
0.140596
0.140662
0.140722
0.140774
0.140821
0.140861
0.140895
0.140921
0.14094
0.140951
0.140954
0.140949
0.140936
0.140916
0.140889
0.140855
0.140816
0.140772
0.140728
0.140682
0.140633
0.140581
0.140529
0.140476
0.140423
0.140371
0.14032
0.140271
0.140225
0.140183
0.140146
0.140111
0.140077
0.140044
0.140013
0.139985
0.13996
0.139938
0.13992
0.139902
0.139895
0.13859
0.13867
0.138743
0.138806
0.13886
0.138906
0.138946
0.138983
0.139019
0.139054
0.139091
0.139129
0.13917
0.139214
0.139262
0.139315
0.139373
0.139436
0.139506
0.139584
0.139669
0.139763
0.139866
0.139976
0.140094
0.140219
0.140347
0.140479
0.140611
0.14074
0.140865
0.14098
0.141083
0.141176
0.141257
0.141325
0.141377
0.141414
0.141435
0.14144
0.14143
0.141405
0.141366
0.141315
0.141254
0.141184
0.14111
0.141035
0.140958
0.140877
0.140795
0.140713
0.140632
0.140552
0.140475
0.140402
0.140332
0.140267
0.140209
0.140159
0.140111
0.140065
0.140022
0.139982
0.139946
0.139914
0.139888
0.139864
0.139842
0.139836
0.13826
0.138329
0.138388
0.138435
0.138473
0.138504
0.138532
0.138559
0.138588
0.138621
0.13866
0.138708
0.138763
0.138828
0.138902
0.138984
0.139074
0.13917
0.139272
0.139379
0.139488
0.139601
0.139715
0.13983
0.139944
0.140058
0.14017
0.140279
0.140385
0.140485
0.14058
0.140667
0.140745
0.140816
0.14088
0.140935
0.140982
0.141019
0.141045
0.141062
0.141068
0.141063
0.141048
0.141023
0.140989
0.140947
0.140899
0.140849
0.140796
0.140737
0.140675
0.14061
0.140544
0.140477
0.14041
0.140344
0.140279
0.140217
0.14016
0.14011
0.14006
0.140011
0.139963
0.139918
0.139877
0.139839
0.139807
0.139778
0.13975
0.13974
0.137451
0.137482
0.137528
0.137583
0.137648
0.137721
0.137801
0.137891
0.137996
0.138113
0.138242
0.13838
0.138523
0.138666
0.138804
0.138937
0.139065
0.139187
0.139305
0.139419
0.13953
0.139639
0.139746
0.139854
0.139964
0.140079
0.140213
0.140371
0.14055
0.140734
0.140917
0.141093
0.141258
0.141413
0.141557
0.141685
0.141795
0.141885
0.141952
0.141997
0.142018
0.142014
0.141988
0.141941
0.141873
0.141788
0.141692
0.141592
0.141486
0.141369
0.141248
0.141123
0.140997
0.140871
0.140746
0.140624
0.140507
0.140397
0.140298
0.140212
0.140129
0.140045
0.139967
0.139894
0.139828
0.139769
0.13972
0.139676
0.139632
0.139621
0.135038
0.135085
0.135141
0.135205
0.135276
0.135354
0.135441
0.135537
0.135643
0.13576
0.13589
0.136034
0.136193
0.136369
0.136563
0.136777
0.137009
0.13726
0.137527
0.137801
0.138076
0.13835
0.138624
0.138895
0.139164
0.13943
0.13969
0.139944
0.140189
0.140422
0.140641
0.140838
0.141014
0.14117
0.14131
0.141429
0.141526
0.141601
0.141655
0.141685
0.141694
0.141682
0.141649
0.141597
0.141527
0.141443
0.141348
0.141251
0.141147
0.141033
0.140914
0.140789
0.140661
0.14053
0.140398
0.140266
0.140135
0.140009
0.139893
0.139787
0.13968
0.13957
0.139464
0.139366
0.139276
0.139195
0.139127
0.139056
0.138993
0.138972
0.137598
0.137714
0.137846
0.137978
0.138106
0.138232
0.138357
0.13848
0.138601
0.13872
0.138836
0.138949
0.139057
0.13916
0.139257
0.139347
0.139429
0.139501
0.139562
0.139613
0.139651
0.139677
0.13969
0.139691
0.13968
0.139658
0.139629
0.139595
0.139564
0.13955
0.139602
0.139727
0.139907
0.140136
0.140419
0.140694
0.140937
0.141144
0.14131
0.141434
0.141516
0.141556
0.141554
0.141513
0.141436
0.141328
0.141196
0.141045
0.140876
0.140692
0.140496
0.140286
0.140066
0.139839
0.139605
0.13937
0.139136
0.138909
0.138701
0.138493
0.138281
0.138077
0.137891
0.137727
0.137589
0.137473
0.137377
0.137223
0.13713
0.137056
0.117234
0.1158
0.115216
0.114752
0.114312
0.113882
0.11346
0.113045
0.112636
0.112233
0.111836
0.111443
0.111056
0.110674
0.110298
0.109928
0.109571
0.109217
0.108867
0.108523
0.108189
0.107865
0.107556
0.107262
0.106987
0.106733
0.106502
0.106296
0.106118
0.105968
0.105848
0.105751
0.105641
0.105492
0.105383
0.1053
0.105239
0.105201
0.105184
0.105189
0.105214
0.105261
0.105329
0.105419
0.105529
0.105655
0.105779
0.105794
0.105718
0.105698
0.105706
0.105739
0.105798
0.105884
0.105998
0.106143
0.106316
0.106505
0.106674
0.106599
0.106431
0.106386
0.106429
0.106558
0.106774
0.107056
0.107327
0.107045
0.107438
0.107792
0.531771
0.737966
0.87981
0.969458
1.02234
1.05201
1.06857
1.07861
1.08591
1.09231
1.09849
1.10458
1.11052
1.11621
1.1216
1.12668
1.1315
1.13607
1.14046
1.14467
1.14875
1.1527
1.15654
1.16026
1.16386
1.16735
1.17071
1.17395
1.17704
1.17998
1.18275
1.18533
1.18771
1.18987
1.1918
1.19348
1.19489
1.19604
1.19691
1.1975
1.19782
1.19787
1.19766
1.1972
1.19651
1.19561
1.19452
1.19326
1.19187
1.19036
1.18876
1.18709
1.18539
1.18366
1.18194
1.18024
1.17858
1.17696
1.17542
1.17395
1.17257
1.17128
1.17008
1.16899
1.168
1.16711
1.16633
1.16565
1.16507
1.1646
1.16424
1.16403
1.16403
1.16435
1.16509
0.130234
0.185093
0.268318
0.36708
0.469488
0.567567
0.656972
0.735882
0.804029
0.862047
0.91105
0.952363
0.987336
1.01722
1.04311
1.06589
1.08624
1.10469
1.12161
1.13726
1.15183
1.16548
1.17829
1.19037
1.20178
1.21258
1.22281
1.23251
1.2417
1.2504
1.25862
1.26634
1.27357
1.2803
1.2865
1.29216
1.29727
1.30181
1.30578
1.30916
1.31195
1.31416
1.31579
1.31686
1.31738
1.31738
1.31689
1.31594
1.31458
1.31284
1.31076
1.3084
1.30578
1.30297
1.3
1.29691
1.29375
1.29054
1.28734
1.28416
1.28105
1.27801
1.27509
1.27229
1.26963
1.26713
1.26481
1.26265
1.26069
1.25891
1.25735
1.25605
1.25514
1.25494
1.25611
0.127945
0.120441
0.118684
0.127034
0.147523
0.180061
0.223173
0.274683
0.332186
0.393342
0.456048
0.518527
0.579359
0.637488
0.692199
0.743084
0.789993
0.832977
0.872241
0.90808
0.94084
0.97088
0.998541
1.02413
1.04792
1.07014
1.09095
1.11052
1.12894
1.14631
1.16269
1.17812
1.19263
1.20625
1.21897
1.23081
1.24175
1.25179
1.26091
1.26912
1.2764
1.28275
1.28817
1.29267
1.29626
1.29895
1.30079
1.30181
1.30204
1.30154
1.30036
1.29856
1.2962
1.29334
1.29005
1.28638
1.28241
1.2782
1.2738
1.26927
1.26467
1.26004
1.25544
1.2509
1.24646
1.24217
1.23804
1.23412
1.23041
1.22694
1.22373
1.22084
1.21842
1.21693
1.21789
0.139676
0.137612
0.133898
0.129088
0.124325
0.120994
0.120431
0.123735
0.131708
0.144956
0.163676
0.187774
0.216922
0.250609
0.288189
0.328931
0.372053
0.416771
0.462328
0.50803
0.553267
0.597527
0.640406
0.681606
0.720931
0.758274
0.7936
0.826937
0.858349
0.887928
0.915775
0.941994
0.966676
0.989903
1.01174
1.03222
1.05139
1.06925
1.08582
1.10108
1.11504
1.12768
1.13899
1.14898
1.15765
1.16502
1.17111
1.17595
1.17958
1.18205
1.18343
1.18377
1.18315
1.18165
1.17935
1.17633
1.17267
1.16846
1.16378
1.15872
1.15334
1.14773
1.14196
1.13609
1.13019
1.12432
1.11854
1.11288
1.10741
1.10215
1.09715
1.09245
1.08818
1.08475
1.08449
0.140239
0.140353
0.140247
0.139657
0.138385
0.136371
0.133709
0.130633
0.127477
0.124649
0.122591
0.121747
0.122539
0.125344
0.130493
0.138203
0.148805
0.162432
0.179134
0.198879
0.221557
0.246986
0.274917
0.305046
0.337029
0.370493
0.405051
0.440319
0.475925
0.511524
0.5468
0.581473
0.615306
0.648095
0.679679
0.709925
0.738731
0.76602
0.791732
0.815821
0.838255
0.859009
0.878066
0.895416
0.911058
0.924998
0.937252
0.947844
0.95681
0.964197
0.97006
0.974467
0.977491
0.979216
0.979732
0.979131
0.977511
0.974973
0.971616
0.96754
0.962843
0.95762
0.951963
0.945959
0.93969
0.933236
0.926671
0.920065
0.913484
0.906991
0.900643
0.894497
0.888633
0.883254
0.880707
0.140035
0.140106
0.140224
0.140369
0.140485
0.140495
0.140269
0.139788
0.138989
0.137845
0.136364
0.134592
0.132608
0.130518
0.128453
0.126556
0.124993
0.123941
0.123585
0.124108
0.125694
0.128515
0.132735
0.138502
0.145906
0.155142
0.166282
0.179367
0.194399
0.211345
0.23013
0.250641
0.272727
0.296201
0.32085
0.346431
0.372685
0.399337
0.426106
0.452712
0.478879
0.504347
0.528876
0.552251
0.574286
0.59483
0.613762
0.630998
0.646484
0.660196
0.672138
0.682335
0.690835
0.6977
0.703008
0.706847
0.709313
0.710508
0.710537
0.709507
0.707526
0.7047
0.701133
0.696925
0.692172
0.686967
0.681395
0.675537
0.66947
0.663268
0.656997
0.650722
0.644509
0.638409
0.633459
0.140016
0.140035
0.140062
0.140108
0.14018
0.140281
0.1404
0.140523
0.140624
0.140674
0.140637
0.140482
0.14018
0.139706
0.139043
0.138218
0.137231
0.136096
0.134836
0.133483
0.13208
0.130678
0.129336
0.128119
0.127099
0.126356
0.125978
0.126055
0.12668
0.127946
0.129946
0.132767
0.136492
0.141193
0.146929
0.153748
0.161699
0.170792
0.181008
0.192295
0.204567
0.217712
0.231586
0.24602
0.260826
0.275802
0.29074
0.305434
0.319688
0.333323
0.346182
0.358132
0.369067
0.378911
0.387614
0.395149
0.401518
0.406737
0.410844
0.413888
0.415931
0.417043
0.417298
0.416775
0.415553
0.413713
0.411332
0.408487
0.405248
0.401685
0.39786
0.393837
0.389657
0.38546
0.380745
0.140018
0.140041
0.140063
0.140085
0.140109
0.14014
0.140181
0.140236
0.140306
0.140393
0.140492
0.140598
0.140702
0.140794
0.14086
0.140888
0.140867
0.140786
0.140632
0.140398
0.140075
0.139659
0.139147
0.13854
0.137825
0.137046
0.136207
0.135319
0.134396
0.133461
0.132535
0.131647
0.130827
0.130108
0.129526
0.12912
0.128929
0.128995
0.129357
0.130054
0.131118
0.132576
0.134448
0.136741
0.139451
0.142563
0.146047
0.149859
0.153944
0.158252
0.162714
0.167253
0.171792
0.176256
0.180577
0.18469
0.188543
0.192089
0.195296
0.19814
0.200608
0.202695
0.204406
0.205753
0.206752
0.207427
0.207803
0.207907
0.207769
0.207419
0.206886
0.206198
0.205379
0.204476
0.203337
0.140021
0.140056
0.140089
0.14012
0.140149
0.140177
0.140204
0.140232
0.140262
0.140296
0.140335
0.140381
0.140436
0.140499
0.140571
0.140651
0.140736
0.140823
0.140909
0.140991
0.141063
0.14112
0.141158
0.141171
0.141153
0.141101
0.14101
0.140878
0.140703
0.14048
0.140211
0.139894
0.139531
0.139123
0.138675
0.138191
0.137677
0.137142
0.136594
0.136044
0.135497
0.134983
0.134511
0.134093
0.133744
0.133474
0.133293
0.133209
0.133228
0.133352
0.13358
0.133908
0.134329
0.134833
0.13541
0.136044
0.136723
0.137433
0.138159
0.138889
0.139606
0.140308
0.140993
0.141652
0.142279
0.142871
0.143426
0.143943
0.144423
0.144869
0.145283
0.145668
0.146036
0.146337
0.146867
0.140012
0.140053
0.140092
0.140129
0.140165
0.1402
0.140234
0.140268
0.140302
0.140336
0.140369
0.140403
0.140437
0.140472
0.140508
0.140548
0.14059
0.140636
0.140686
0.140741
0.140801
0.140864
0.140932
0.141002
0.141075
0.141148
0.141221
0.14129
0.141355
0.141414
0.141464
0.141503
0.14153
0.141542
0.141539
0.141518
0.141478
0.141419
0.14134
0.141242
0.141125
0.14099
0.140839
0.140675
0.140502
0.140322
0.140139
0.139959
0.139786
0.139622
0.139474
0.139343
0.139234
0.139149
0.139088
0.139054
0.139046
0.139064
0.139107
0.139173
0.139261
0.139368
0.139494
0.139635
0.139791
0.13996
0.140141
0.140332
0.140533
0.140743
0.140964
0.141193
0.14144
0.141662
0.142081
0.140002
0.140057
0.14011
0.140161
0.14021
0.140258
0.140305
0.140351
0.140397
0.140442
0.140485
0.140528
0.140569
0.14061
0.140649
0.140687
0.140724
0.140761
0.140798
0.140834
0.140872
0.14091
0.14095
0.140992
0.141036
0.141082
0.141131
0.141183
0.141237
0.141294
0.141353
0.141413
0.141475
0.141537
0.1416
0.141662
0.141722
0.141781
0.141837
0.14189
0.14194
0.141985
0.142025
0.142061
0.142091
0.142116
0.142136
0.142151
0.142163
0.142171
0.142177
0.142181
0.142184
0.142188
0.142193
0.142199
0.142209
0.142223
0.14224
0.142262
0.142289
0.142322
0.142361
0.142406
0.142458
0.142517
0.142585
0.142661
0.142747
0.142843
0.142951
0.143071
0.14321
0.143336
0.143611
0.139993
0.140046
0.140097
0.14015
0.140204
0.14026
0.140316
0.140372
0.140427
0.140482
0.140537
0.14059
0.140642
0.140694
0.140745
0.140794
0.140842
0.14089
0.140936
0.140981
0.141025
0.141069
0.141112
0.141154
0.141197
0.141239
0.141282
0.141325
0.141369
0.141414
0.141459
0.141506
0.141553
0.141602
0.141651
0.141701
0.141752
0.141804
0.141857
0.141911
0.141965
0.14202
0.142075
0.14213
0.142186
0.142241
0.142297
0.142352
0.142407
0.142462
0.142516
0.14257
0.142623
0.142675
0.142727
0.142779
0.14283
0.142881
0.142931
0.142983
0.143034
0.143087
0.143141
0.143197
0.143257
0.143319
0.143387
0.143461
0.143541
0.14363
0.143729
0.143837
0.143963
0.144076
0.144327
0.139997
0.14008
0.140159
0.140234
0.140307
0.140378
0.140448
0.140517
0.140585
0.140652
0.140718
0.140783
0.140846
0.140908
0.140969
0.141028
0.141085
0.141141
0.141196
0.14125
0.141303
0.141355
0.141406
0.141457
0.141507
0.141557
0.141607
0.141657
0.141707
0.141756
0.141806
0.141855
0.141904
0.141954
0.142003
0.142052
0.142102
0.142151
0.142201
0.14225
0.1423
0.142351
0.142401
0.142453
0.142504
0.142557
0.142609
0.142663
0.142717
0.142772
0.142827
0.142882
0.142938
0.142995
0.143051
0.143108
0.143165
0.143222
0.143279
0.143337
0.143395
0.143453
0.143513
0.143575
0.143639
0.143707
0.143778
0.143855
0.143939
0.14403
0.14413
0.14424
0.144365
0.144479
0.144729
0.139935
0.140019
0.140102
0.140184
0.140264
0.140344
0.140423
0.140505
0.140587
0.14067
0.140752
0.140834
0.140914
0.140993
0.14107
0.141145
0.141219
0.141291
0.141362
0.141431
0.141499
0.141566
0.141632
0.141698
0.141762
0.141827
0.141891
0.141954
0.142018
0.142081
0.142143
0.142206
0.142268
0.14233
0.142391
0.142452
0.142513
0.142573
0.142633
0.142692
0.142751
0.14281
0.142868
0.142926
0.142984
0.143042
0.1431
0.143158
0.143216
0.143273
0.143331
0.143388
0.143446
0.143504
0.143561
0.143618
0.143676
0.143733
0.14379
0.143847
0.143905
0.143964
0.144023
0.144084
0.144147
0.144214
0.144284
0.14436
0.144441
0.14453
0.144628
0.144735
0.144857
0.144967
0.145211
0.139916
0.140075
0.140225
0.140366
0.1405
0.140628
0.140752
0.140874
0.140992
0.141107
0.141218
0.141326
0.14143
0.14153
0.141628
0.141722
0.141814
0.141903
0.141989
0.142072
0.142154
0.142234
0.142312
0.142389
0.142464
0.142539
0.142613
0.142686
0.142758
0.14283
0.142901
0.142972
0.143043
0.143113
0.143182
0.143251
0.143319
0.143387
0.143454
0.143521
0.143587
0.143653
0.143719
0.143784
0.143849
0.143913
0.143978
0.144042
0.144105
0.144169
0.144232
0.144294
0.144356
0.144418
0.144479
0.14454
0.1446
0.144659
0.144718
0.144777
0.144835
0.144893
0.144951
0.145011
0.145071
0.145135
0.145201
0.145271
0.145347
0.145429
0.14552
0.145618
0.145731
0.145833
0.146061
0.139803
0.139928
0.140058
0.140194
0.140337
0.140485
0.140638
0.140793
0.140947
0.141099
0.141249
0.141397
0.141542
0.141685
0.141826
0.141963
0.142097
0.142229
0.142356
0.142481
0.142602
0.142721
0.142836
0.14295
0.143061
0.14317
0.143277
0.143382
0.143486
0.143588
0.143688
0.143787
0.143885
0.143981
0.144075
0.144168
0.14426
0.14435
0.144439
0.144527
0.144613
0.144699
0.144784
0.144868
0.144952
0.145035
0.145118
0.145201
0.145283
0.145365
0.145446
0.145527
0.145608
0.145687
0.145766
0.145844
0.14592
0.145995
0.146069
0.146142
0.146213
0.146283
0.146353
0.146422
0.14649
0.14656
0.146631
0.146705
0.146782
0.146864
0.146953
0.147048
0.147156
0.147251
0.14747
0.139763
0.140039
0.140309
0.140574
0.140835
0.141092
0.141345
0.14159
0.141827
0.142058
0.142282
0.1425
0.142712
0.142919
0.143119
0.143313
0.143501
0.143684
0.143861
0.144032
0.144199
0.144361
0.14452
0.144674
0.144825
0.144973
0.145118
0.14526
0.1454
0.145537
0.145672
0.145804
0.145934
0.146061
0.146187
0.14631
0.14643
0.146549
0.146666
0.146781
0.146894
0.147006
0.147117
0.147228
0.147338
0.147448
0.147557
0.147667
0.147776
0.147885
0.147994
0.148103
0.148212
0.14832
0.148427
0.148533
0.148638
0.148741
0.148842
0.148941
0.149038
0.149133
0.149226
0.149317
0.149406
0.149495
0.149583
0.149672
0.149763
0.149858
0.149957
0.150062
0.150181
0.150283
0.150527
0.138988
0.139093
0.139268
0.1395
0.139772
0.14007
0.140385
0.140711
0.141044
0.141382
0.141723
0.142063
0.142402
0.142738
0.143069
0.143396
0.143717
0.144032
0.144341
0.144645
0.144943
0.145236
0.145523
0.145804
0.146081
0.146352
0.146619
0.146881
0.147138
0.14739
0.147637
0.147879
0.148117
0.14835
0.148579
0.148803
0.149024
0.149241
0.149455
0.149666
0.149875
0.150081
0.150285
0.150488
0.150689
0.150889
0.151088
0.151285
0.151482
0.151679
0.151874
0.152069
0.152263
0.152457
0.152649
0.152841
0.153031
0.15322
0.153407
0.153592
0.153775
0.153956
0.154134
0.15431
0.154483
0.154656
0.154827
0.154999
0.155173
0.15535
0.155534
0.155724
0.155938
0.156116
0.156534
0.135274
0.133585
0.133256
0.133494
0.133973
0.134567
0.135224
0.135915
0.136627
0.137349
0.138073
0.138794
0.13951
0.140218
0.140917
0.141607
0.142288
0.14296
0.143622
0.144275
0.144917
0.14555
0.146171
0.14678
0.147378
0.147963
0.148536
0.149096
0.149643
0.150177
0.150698
0.151207
0.151702
0.152185
0.152655
0.153114
0.153561
0.153998
0.154425
0.154843
0.155251
0.15565
0.15604
0.15642
0.156792
0.157156
0.157514
0.157867
0.158215
0.158559
0.1589
0.159238
0.159574
0.159909
0.160243
0.160576
0.160909
0.161242
0.161574
0.161906
0.162237
0.162568
0.162898
0.163228
0.163559
0.16389
0.164222
0.164559
0.164901
0.165251
0.165614
0.165989
0.166401
0.166758
0.167515
0.105793
0.10594
0.107708
0.110044
0.112601
0.115223
0.117828
0.120368
0.122812
0.125141
0.127346
0.129421
0.131369
0.133191
0.134894
0.136484
0.137968
0.139352
0.140643
0.141845
0.142964
0.144004
0.144971
0.145869
0.146702
0.147476
0.148195
0.148865
0.149489
0.150071
0.150616
0.151126
0.151604
0.152054
0.152478
0.152878
0.153257
0.153619
0.153966
0.154298
0.154608
0.154891
0.155155
0.155428
0.155739
0.156097
0.156498
0.156934
0.157404
0.157902
0.158426
0.158974
0.159543
0.160133
0.16074
0.161365
0.162006
0.162661
0.163331
0.164013
0.164707
0.165412
0.166125
0.166848
0.167578
0.168315
0.169059
0.169811
0.17057
0.171338
0.172117
0.172905
0.173725
0.17446
0.17576
0.088314
0.0912627
0.094798
0.0983505
0.101864
0.105324
0.108734
0.112092
0.115395
0.11864
0.121827
0.124953
0.12802
0.131028
0.133975
0.13686
0.139681
0.142433
0.145111
0.147705
0.150206
0.152605
0.154896
0.157074
0.159135
0.161082
0.162917
0.164646
0.166276
0.167813
0.169263
0.170632
0.171927
0.173151
0.174312
0.175414
0.176463
0.177464
0.17842
0.179333
0.180203
0.181028
0.181807
0.182544
0.183241
0.1839
0.184526
0.18512
0.185687
0.18623
0.186752
0.187256
0.187744
0.18822
0.188684
0.189137
0.189582
0.190016
0.190442
0.190857
0.191262
0.191656
0.19204
0.192411
0.192772
0.193123
0.193465
0.193799
0.194129
0.194458
0.19479
0.195125
0.195488
0.195792
0.196449
0.142952
0.143996
0.145056
0.14606
0.14687
0.147476
0.147892
0.148137
0.148229
0.148189
0.148045
0.147823
0.147551
0.147276
0.146896
0.146665
0.146763
0.147168
0.147848
0.148777
0.149927
0.151271
0.152779
0.154425
0.156181
0.158026
0.159939
0.161904
0.163906
0.165936
0.167983
0.170041
0.172102
0.174161
0.176215
0.17826
0.180294
0.182314
0.184316
0.186297
0.188254
0.190179
0.192068
0.193912
0.195707
0.197447
0.199132
0.20076
0.202332
0.203851
0.205321
0.206745
0.208128
0.209474
0.210787
0.212069
0.213323
0.21455
0.215752
0.216927
0.218076
0.219198
0.22029
0.221352
0.222381
0.223376
0.224334
0.225255
0.226138
0.226981
0.227785
0.228549
0.229279
0.229928
0.230841
0.14336
0.144123
0.145017
0.145993
0.147016
0.148055
0.149087
0.150093
0.151059
0.151977
0.152843
0.153656
0.154422
0.155147
0.155834
0.156493
0.157142
0.157793
0.158455
0.15913
0.159817
0.160511
0.161205
0.161893
0.162565
0.163217
0.163843
0.164443
0.165016
0.165564
0.166092
0.166606
0.167113
0.167618
0.168128
0.168654
0.16919
0.169702
0.170281
0.170996
0.17183
0.17277
0.173803
0.174916
0.176099
0.17734
0.178632
0.179967
0.181341
0.182748
0.184188
0.185659
0.18716
0.188693
0.190257
0.191854
0.193485
0.195152
0.196853
0.198589
0.20036
0.202163
0.203997
0.205857
0.207739
0.209638
0.211544
0.21345
0.215345
0.217218
0.219055
0.220844
0.222567
0.224166
0.226222
0.140338
0.14078
0.141276
0.141824
0.142424
0.143076
0.143775
0.144514
0.145286
0.146083
0.146898
0.147725
0.148561
0.149408
0.150268
0.151143
0.152039
0.152957
0.153901
0.154869
0.155861
0.156871
0.157892
0.158916
0.159934
0.160937
0.161918
0.162872
0.163793
0.16468
0.165532
0.166351
0.16714
0.167903
0.168646
0.169375
0.170093
0.170804
0.171511
0.172219
0.17293
0.173644
0.174361
0.175079
0.175794
0.176506
0.177212
0.177912
0.178606
0.179294
0.179978
0.18066
0.181342
0.182026
0.182715
0.183411
0.184117
0.184834
0.185564
0.186308
0.187067
0.187841
0.188631
0.189435
0.190253
0.191085
0.191927
0.192779
0.193637
0.1945
0.195362
0.196222
0.197074
0.19787
0.19901
0.139823
0.140001
0.140157
0.140294
0.140438
0.140612
0.14083
0.141101
0.141433
0.141825
0.142275
0.142775
0.143315
0.143881
0.144462
0.145049
0.145635
0.146217
0.146794
0.14737
0.147951
0.148542
0.149149
0.149777
0.150431
0.15111
0.151816
0.152544
0.153293
0.154058
0.154833
0.155616
0.156402
0.157188
0.157975
0.158761
0.159548
0.160336
0.161126
0.161919
0.162716
0.163516
0.164319
0.165124
0.165929
0.166733
0.167535
0.168334
0.169129
0.16992
0.170706
0.171488
0.172267
0.173043
0.173818
0.174592
0.175367
0.176144
0.176924
0.17771
0.178501
0.179298
0.180104
0.180917
0.181739
0.182569
0.183407
0.184251
0.185099
0.185949
0.186797
0.187641
0.188477
0.189251
0.190375
0.139952
0.1401
0.140257
0.140407
0.140538
0.140647
0.140737
0.140818
0.140904
0.141008
0.141143
0.141315
0.14153
0.141785
0.142073
0.142385
0.142711
0.143038
0.143359
0.143666
0.143956
0.14423
0.144491
0.144745
0.145
0.145262
0.145538
0.145835
0.146156
0.146502
0.146874
0.14727
0.147688
0.148125
0.148576
0.149039
0.149511
0.14999
0.150473
0.150961
0.151454
0.151951
0.152453
0.152961
0.153475
0.153997
0.154527
0.155065
0.155612
0.156167
0.156731
0.157303
0.157883
0.15847
0.159065
0.159668
0.160278
0.160897
0.161524
0.162161
0.162809
0.16347
0.164144
0.164834
0.16554
0.166264
0.167006
0.167767
0.168545
0.169339
0.170147
0.170965
0.171793
0.172564
0.173741
0.139932
0.139959
0.140045
0.140184
0.140351
0.140529
0.1407
0.140852
0.140974
0.141064
0.141127
0.141171
0.141209
0.141254
0.141316
0.141403
0.141516
0.141655
0.141817
0.141993
0.142177
0.142363
0.142545
0.142719
0.142883
0.143039
0.143187
0.143333
0.143479
0.143629
0.143788
0.143957
0.144139
0.144333
0.14454
0.144758
0.144985
0.14522
0.145461
0.145705
0.145952
0.1462
0.14645
0.146701
0.146953
0.147208
0.147466
0.147728
0.147996
0.148269
0.148549
0.148836
0.149131
0.149433
0.149743
0.150061
0.150386
0.150718
0.151058
0.151407
0.151763
0.152129
0.152506
0.152893
0.153293
0.153707
0.154137
0.154582
0.155044
0.155523
0.15602
0.156532
0.157065
0.157558
0.158381
0.139986
0.140036
0.14007
0.140105
0.140163
0.140256
0.140383
0.140537
0.140702
0.140862
0.141005
0.141122
0.141209
0.141269
0.141309
0.141338
0.141365
0.1414
0.141449
0.141515
0.141602
0.141706
0.141825
0.141954
0.142089
0.142226
0.142361
0.142493
0.14262
0.142743
0.142862
0.142979
0.143096
0.143214
0.143336
0.143461
0.14359
0.143724
0.143862
0.144004
0.144147
0.144292
0.144438
0.144585
0.144731
0.144878
0.145024
0.145172
0.14532
0.145471
0.145624
0.14578
0.14594
0.146104
0.146272
0.146445
0.146623
0.146804
0.146991
0.147181
0.147375
0.147574
0.147777
0.147985
0.148198
0.148417
0.148644
0.14888
0.149125
0.149381
0.14965
0.149931
0.150234
0.150507
0.151028
0.139996
0.140096
0.14017
0.140209
0.140225
0.140236
0.140261
0.140312
0.140394
0.140504
0.140635
0.140775
0.140913
0.141039
0.141149
0.141238
0.14131
0.141367
0.141415
0.141462
0.141512
0.141569
0.141637
0.141716
0.141806
0.141906
0.142012
0.142122
0.142234
0.142346
0.142456
0.142564
0.142669
0.142772
0.142874
0.142975
0.143077
0.14318
0.143284
0.143391
0.1435
0.143612
0.143725
0.14384
0.143957
0.144076
0.144195
0.144316
0.144439
0.144562
0.144688
0.144816
0.144945
0.145077
0.145212
0.14535
0.145489
0.145632
0.145777
0.145924
0.146073
0.146223
0.146376
0.146531
0.146689
0.146849
0.147013
0.147183
0.147359
0.147542
0.147735
0.147938
0.148161
0.148356
0.148766
0.140008
0.140097
0.1402
0.140299
0.140381
0.140439
0.140476
0.1405
0.140523
0.140557
0.140609
0.140681
0.140771
0.140876
0.140987
0.1411
0.141208
0.141308
0.1414
0.141482
0.141557
0.141628
0.141698
0.141768
0.141841
0.141919
0.142001
0.142087
0.142178
0.142271
0.142366
0.142462
0.142558
0.142654
0.142749
0.142845
0.142941
0.143037
0.143135
0.143235
0.143337
0.143442
0.143549
0.143659
0.143772
0.143888
0.144007
0.144128
0.144251
0.144376
0.144504
0.144633
0.144764
0.144897
0.145032
0.145168
0.145305
0.145444
0.145583
0.145724
0.145865
0.146007
0.14615
0.146294
0.14644
0.146588
0.146739
0.146894
0.147055
0.147223
0.1474
0.147586
0.147794
0.147973
0.148364
0.140014
0.140071
0.140153
0.14026
0.140375
0.140483
0.140573
0.14064
0.140686
0.140721
0.140752
0.140789
0.140839
0.140905
0.140987
0.141084
0.14119
0.141301
0.141414
0.141523
0.141627
0.141725
0.141817
0.141904
0.141988
0.142069
0.142151
0.142233
0.142317
0.142403
0.142492
0.142584
0.142679
0.142775
0.142874
0.142975
0.143078
0.143182
0.143289
0.143398
0.143509
0.143623
0.143739
0.143858
0.14398
0.144104
0.144231
0.144361
0.144493
0.144627
0.144762
0.1449
0.145039
0.145179
0.14532
0.145462
0.145604
0.145746
0.145888
0.146031
0.146173
0.146315
0.146458
0.146601
0.146745
0.146891
0.147041
0.147196
0.147356
0.147525
0.147704
0.147894
0.148107
0.14829
0.148695
0.140037
0.140101
0.140176
0.140268
0.140375
0.140488
0.1406
0.140702
0.140791
0.140866
0.14093
0.140988
0.141046
0.14111
0.141183
0.141267
0.141361
0.141463
0.141572
0.141684
0.141796
0.141907
0.142016
0.14212
0.142222
0.142321
0.142418
0.142515
0.142613
0.142712
0.142813
0.142917
0.143024
0.143135
0.143249
0.143365
0.143484
0.143606
0.14373
0.143856
0.143984
0.144114
0.144245
0.144377
0.14451
0.144643
0.144777
0.144911
0.145045
0.145178
0.145311
0.145442
0.145573
0.145702
0.14583
0.145957
0.146084
0.146209
0.146335
0.146461
0.146588
0.146718
0.146851
0.146989
0.147134
0.147286
0.147448
0.147622
0.14781
0.148015
0.148238
0.148479
0.148754
0.148998
0.149517
0.140062
0.140151
0.140227
0.140302
0.140387
0.140489
0.140607
0.140736
0.140868
0.140996
0.141117
0.141228
0.141329
0.141422
0.141511
0.141599
0.141689
0.141783
0.141882
0.141988
0.142098
0.142214
0.142333
0.142456
0.142581
0.142707
0.142834
0.142961
0.143089
0.143218
0.143346
0.143474
0.143601
0.143728
0.143852
0.143974
0.144093
0.144208
0.144319
0.144425
0.144525
0.14462
0.144708
0.144791
0.144867
0.14494
0.145008
0.145075
0.145141
0.145209
0.145283
0.145366
0.145461
0.145574
0.145708
0.145868
0.14606
0.146287
0.146555
0.146868
0.147229
0.147642
0.148108
0.148631
0.14921
0.149847
0.150541
0.151291
0.152095
0.152952
0.153859
0.154811
0.155829
0.156764
0.158427
0.140076
0.140208
0.140324
0.140424
0.140518
0.140618
0.140729
0.140856
0.140994
0.141141
0.141289
0.141436
0.141577
0.141712
0.14184
0.141963
0.142083
0.142203
0.142324
0.142448
0.142575
0.142704
0.142834
0.142962
0.143087
0.143205
0.143316
0.143416
0.143504
0.143579
0.143639
0.143686
0.14372
0.143743
0.143757
0.143766
0.143776
0.143791
0.143819
0.14387
0.143952
0.144079
0.144263
0.14452
0.144868
0.145323
0.145907
0.146639
0.147542
0.148636
0.149943
0.151482
0.15327
0.155323
0.15765
0.16026
0.163156
0.166335
0.16979
0.173508
0.177472
0.18166
0.186046
0.1906
0.195294
0.200093
0.204967
0.209885
0.214817
0.219735
0.224615
0.229426
0.234212
0.238524
0.245281
0.1401
0.140276
0.140453
0.14062
0.140775
0.140919
0.141057
0.141197
0.141342
0.141495
0.141655
0.141822
0.141992
0.142158
0.142317
0.142461
0.142585
0.142684
0.142755
0.142797
0.14281
0.142797
0.142762
0.142713
0.14266
0.142615
0.142596
0.142621
0.142714
0.142901
0.143212
0.143681
0.144344
0.145242
0.146415
0.147912
0.149779
0.152069
0.154832
0.15812
0.161985
0.166474
0.171634
0.177502
0.184113
0.191489
0.199645
0.208582
0.218289
0.228739
0.239892
0.251694
0.264074
0.276953
0.290248
0.303895
0.317794
0.331849
0.345956
0.360013
0.373925
0.387603
0.400969
0.413955
0.426502
0.438562
0.450099
0.461086
0.471505
0.481346
0.490604
0.49928
0.507408
0.514684
0.525073
0.140122
0.14031
0.140509
0.140714
0.140919
0.14112
0.141316
0.141508
0.141695
0.141849
0.14195
0.14199
0.141967
0.141893
0.141789
0.141691
0.141641
0.141695
0.141914
0.14237
0.143143
0.144319
0.145987
0.148236
0.15116
0.154848
0.159387
0.164858
0.171335
0.178881
0.187549
0.197377
0.208392
0.220603
0.234022
0.248685
0.264579
0.281661
0.299876
0.319157
0.339419
0.360564
0.382483
0.405058
0.428158
0.451648
0.475388
0.499234
0.523041
0.54667
0.569983
0.592855
0.615166
0.636813
0.657706
0.677769
0.696942
0.715179
0.73245
0.748738
0.764037
0.778351
0.791696
0.804092
0.815566
0.82615
0.835879
0.844788
0.852915
0.860295
0.866965
0.872958
0.878317
0.883117
0.890083
0.140199
0.140482
0.140774
0.141072
0.141401
0.141702
0.141813
0.14176
0.141679
0.141804
0.142393
0.143712
0.146017
0.149541
0.154486
0.16102
0.169273
0.179336
0.191241
0.205123
0.220991
0.238795
0.258459
0.279878
0.302925
0.327452
0.353295
0.380278
0.408219
0.436932
0.466236
0.495952
0.525913
0.555961
0.585954
0.615761
0.645267
0.674368
0.702974
0.731006
0.758395
0.785084
0.811021
0.836165
0.860479
0.883933
0.906502
0.928164
0.948901
0.9687
0.987552
1.00545
1.02239
1.03838
1.05341
1.0675
1.08066
1.09291
1.10426
1.11474
1.12438
1.13319
1.14122
1.14849
1.15504
1.16089
1.16609
1.17066
1.17463
1.17804
1.18092
1.18329
1.18524
1.18704
1.19068
0.14022
0.140655
0.141426
0.142228
0.144074
0.148285
0.156032
0.167993
0.184489
0.205425
0.230463
0.259133
0.290894
0.325189
0.361466
0.399202
0.437909
0.477145
0.516512
0.555664
0.594305
0.63219
0.669119
0.704943
0.739554
0.772884
0.804902
0.835605
0.865015
0.893173
0.920133
0.945962
0.970727
0.9945
1.01735
1.03934
1.06053
1.08097
1.1007
1.11974
1.13813
1.15587
1.17296
1.18941
1.20521
1.22035
1.23481
1.24858
1.26166
1.27401
1.28565
1.29656
1.30674
1.31619
1.32492
1.33293
1.34025
1.34689
1.35286
1.35819
1.36291
1.36703
1.37059
1.37361
1.37612
1.37814
1.37971
1.38086
1.3816
1.38196
1.38197
1.3817
1.38128
1.38113
1.38292
0.145253
0.162569
0.195251
0.24314
0.302027
0.367148
0.434541
0.501326
0.565613
0.626286
0.682779
0.734889
0.782652
0.826247
0.865946
0.902073
0.934975
0.965003
0.992502
1.0178
1.04119
1.06294
1.0833
1.10246
1.12059
1.13785
1.15435
1.17018
1.18542
1.20013
1.21436
1.22814
1.24151
1.25448
1.26706
1.27928
1.29113
1.30261
1.31373
1.32448
1.33485
1.34482
1.3544
1.36355
1.37227
1.38054
1.38834
1.39567
1.40252
1.40886
1.41471
1.42006
1.4249
1.42925
1.43311
1.43649
1.4394
1.44185
1.44388
1.44548
1.44669
1.44752
1.44799
1.44813
1.44796
1.4475
1.44676
1.44578
1.44457
1.44317
1.4416
1.43997
1.43849
1.43763
1.43865
0.441368
0.615761
0.750785
0.853076
0.929183
0.984909
1.02521
1.05421
1.07527
1.09098
1.10327
1.11348
1.12248
1.1308
1.13876
1.14649
1.15405
1.16145
1.16868
1.17571
1.18255
1.18919
1.19564
1.2019
1.208
1.21395
1.21977
1.22548
1.23109
1.2366
1.24203
1.24738
1.25264
1.25782
1.2629
1.26787
1.27274
1.27748
1.28208
1.28652
1.29079
1.29487
1.29875
1.30241
1.30583
1.30901
1.31193
1.31458
1.31696
1.31906
1.32088
1.32241
1.32367
1.32466
1.32538
1.32584
1.32605
1.32602
1.32577
1.32531
1.32465
1.32381
1.3228
1.32164
1.32034
1.31892
1.31739
1.31577
1.31408
1.31234
1.31061
1.30898
1.30764
1.30693
1.30751
0.121651
0.119852
0.118805
0.11789
0.117011
0.116152
0.11531
0.114481
0.113665
0.112858
0.112057
0.111262
0.110471
0.109682
0.108895
0.10811
0.107321
0.106525
0.105728
0.104933
0.104144
0.103365
0.102598
0.101848
0.101119
0.100415
0.0997401
0.0991
0.0984985
0.0979398
0.0974266
0.096959
0.0965313
0.0960185
0.09554
0.0950995
0.0946962
0.0943307
0.094002
0.0937075
0.0934432
0.0932051
0.0929901
0.0927973
0.0926277
0.0924806
0.0923443
0.0921493
0.0917332
0.0913627
0.0910371
0.0907551
0.0905217
0.0903436
0.0902269
0.0901753
0.0901843
0.0902315
0.090259
0.0900385
0.0895625
0.0892346
0.0890909
0.0891431
0.0893602
0.0896486
0.0898319
0.0892296
0.0889856
0.0881709
0.136003
0.13634
0.136675
0.136995
0.137304
0.137604
0.137899
0.138188
0.138473
0.138754
0.139031
0.139305
0.139575
0.139841
0.140101
0.140354
0.140598
0.14083
0.14105
0.141258
0.141452
0.141631
0.141795
0.141946
0.142082
0.142205
0.142314
0.142412
0.142498
0.142572
0.142637
0.14269
0.142733
0.14275
0.142755
0.142745
0.142723
0.142695
0.142662
0.142626
0.142589
0.142551
0.142515
0.142481
0.14245
0.142426
0.14241
0.142403
0.142355
0.142293
0.142222
0.142165
0.142127
0.142109
0.14211
0.142131
0.14217
0.14222
0.142266
0.142262
0.142208
0.142191
0.142216
0.142295
0.142427
0.142576
0.142665
0.142588
0.142604
0.142482
0.136774
0.136905
0.137045
0.137184
0.13732
0.137453
0.137584
0.137717
0.137866
0.13803
0.138206
0.138394
0.138589
0.138791
0.138995
0.139201
0.139406
0.139611
0.139816
0.140019
0.140221
0.14042
0.140614
0.140802
0.140982
0.141151
0.141308
0.141451
0.141579
0.141691
0.141788
0.141872
0.141944
0.142011
0.142071
0.142123
0.142167
0.142204
0.142236
0.142265
0.142293
0.142322
0.142356
0.142393
0.142424
0.142446
0.142456
0.142453
0.142458
0.142467
0.14248
0.1425
0.142533
0.142573
0.142609
0.142637
0.142659
0.142674
0.142681
0.142688
0.142715
0.142753
0.142803
0.142861
0.142908
0.14294
0.142961
0.143003
0.14303
0.143063
0.138924
0.138926
0.138943
0.138986
0.139044
0.139108
0.139171
0.139233
0.139295
0.139358
0.139426
0.139501
0.139585
0.139676
0.139775
0.139878
0.139985
0.140092
0.140199
0.140304
0.140407
0.140506
0.140601
0.140692
0.140777
0.140856
0.140929
0.140995
0.141054
0.141105
0.141149
0.141184
0.14121
0.141231
0.141244
0.141249
0.141245
0.141233
0.141214
0.141188
0.141154
0.141113
0.141067
0.141014
0.140957
0.140896
0.140833
0.140774
0.14072
0.140662
0.140604
0.140546
0.14049
0.140437
0.140387
0.14034
0.140297
0.140257
0.140223
0.140199
0.140182
0.140164
0.140147
0.140132
0.14012
0.14011
0.140104
0.140113
0.140114
0.140129
0.139996
0.140021
0.140055
0.140093
0.140134
0.14018
0.140241
0.140304
0.140365
0.140418
0.140464
0.140505
0.140541
0.140575
0.140608
0.14064
0.140672
0.140702
0.140729
0.140753
0.140774
0.140789
0.1408
0.140807
0.140808
0.140806
0.140799
0.140788
0.140775
0.140758
0.140739
0.140718
0.140697
0.140675
0.140652
0.140628
0.140603
0.140576
0.140547
0.140518
0.140487
0.140456
0.140424
0.14039
0.140356
0.140321
0.140286
0.140253
0.14022
0.140186
0.140151
0.140115
0.140078
0.140042
0.140007
0.139975
0.139945
0.139918
0.139895
0.139874
0.139854
0.139835
0.139817
0.139801
0.139787
0.139775
0.139765
0.139755
0.139747
0.139747
0.14009
0.140171
0.140231
0.14027
0.140297
0.140321
0.140351
0.14039
0.140439
0.140495
0.140555
0.140614
0.140671
0.140724
0.140771
0.140814
0.140851
0.140883
0.140911
0.140935
0.140954
0.14097
0.140983
0.140991
0.140996
0.140997
0.140995
0.140989
0.140979
0.140965
0.140947
0.140925
0.140901
0.140873
0.140842
0.140809
0.140773
0.140735
0.140695
0.140653
0.14061
0.140565
0.14052
0.140475
0.14043
0.140386
0.140344
0.140305
0.140269
0.140233
0.140199
0.140167
0.140137
0.140109
0.140083
0.140058
0.140035
0.140014
0.139996
0.139979
0.139964
0.13995
0.139939
0.139931
0.139924
0.139917
0.139911
0.139903
0.139895
0.139894
0.140267
0.140364
0.140469
0.140561
0.140631
0.140677
0.140706
0.140724
0.140738
0.140754
0.140772
0.140793
0.140815
0.140837
0.140857
0.140873
0.140885
0.140892
0.140896
0.140895
0.140891
0.140884
0.140874
0.140861
0.140845
0.140826
0.140804
0.140779
0.140751
0.140721
0.140689
0.140655
0.140621
0.140588
0.140553
0.140518
0.140484
0.140451
0.140418
0.140387
0.140357
0.140328
0.140299
0.140271
0.140243
0.140216
0.140191
0.140168
0.140146
0.140123
0.140101
0.140081
0.140062
0.140045
0.140029
0.140013
0.139999
0.139985
0.139972
0.13996
0.139948
0.139935
0.139925
0.13992
0.139918
0.139918
0.139917
0.139916
0.139912
0.139913
0.14002
0.140112
0.140205
0.140296
0.140394
0.140487
0.140569
0.140636
0.140691
0.140735
0.140772
0.140805
0.140837
0.140867
0.140896
0.140923
0.140949
0.140971
0.14099
0.141005
0.141016
0.141021
0.141021
0.141016
0.141006
0.14099
0.140969
0.140943
0.140912
0.140876
0.140837
0.140794
0.14075
0.140705
0.140659
0.140611
0.140563
0.140516
0.14047
0.140426
0.140383
0.140343
0.140306
0.14027
0.140238
0.140208
0.14018
0.140156
0.140134
0.140113
0.140093
0.140075
0.140057
0.140041
0.140027
0.140014
0.140003
0.139993
0.139984
0.139977
0.139969
0.139962
0.139955
0.139949
0.139944
0.139942
0.13994
0.139939
0.139938
0.139941
0.140133
0.140194
0.140252
0.14031
0.140372
0.140441
0.140512
0.140583
0.140651
0.140711
0.140764
0.140809
0.140847
0.140878
0.140904
0.140925
0.140941
0.140952
0.140959
0.14096
0.140956
0.140946
0.140931
0.140909
0.140882
0.140851
0.140814
0.140775
0.140732
0.140688
0.140642
0.140596
0.140552
0.140509
0.140467
0.140426
0.140388
0.140351
0.140316
0.140283
0.140252
0.140224
0.140197
0.140173
0.140151
0.14013
0.140112
0.140096
0.140081
0.140068
0.140055
0.140044
0.140033
0.140023
0.140013
0.140005
0.139998
0.139991
0.139985
0.139979
0.139974
0.139971
0.139968
0.139965
0.139963
0.139961
0.139958
0.139955
0.139954
0.139956
0.140013
0.1401
0.140181
0.140255
0.140325
0.140396
0.140469
0.140542
0.140614
0.140683
0.140747
0.140807
0.14086
0.140906
0.140946
0.140979
0.141005
0.141025
0.141039
0.141046
0.141047
0.141041
0.141028
0.141009
0.140982
0.14095
0.140912
0.140869
0.140821
0.140771
0.140718
0.140663
0.14061
0.140558
0.140506
0.140456
0.140408
0.140363
0.140321
0.140283
0.140247
0.140214
0.140185
0.140158
0.140134
0.140113
0.140095
0.140079
0.140065
0.140052
0.140041
0.140032
0.140023
0.140016
0.14001
0.140004
0.139999
0.139995
0.139991
0.139987
0.139983
0.139981
0.13998
0.13998
0.13998
0.139979
0.139979
0.139978
0.139977
0.139978
0.139982
0.140058
0.14014
0.140221
0.140301
0.140379
0.140455
0.140528
0.140597
0.140663
0.140724
0.140779
0.14083
0.140874
0.140913
0.140945
0.14097
0.140988
0.140998
0.141001
0.140996
0.140983
0.140963
0.140937
0.140904
0.140866
0.140823
0.140776
0.140726
0.140674
0.140621
0.140567
0.140516
0.140466
0.140417
0.14037
0.140326
0.140285
0.140247
0.140212
0.14018
0.140152
0.140126
0.140104
0.140085
0.140068
0.140054
0.140042
0.140032
0.140023
0.140015
0.140009
0.140004
0.14
0.139996
0.139994
0.139992
0.13999
0.139989
0.139987
0.139986
0.139985
0.139985
0.139985
0.139985
0.139986
0.139986
0.139986
0.139986
0.139987
0.139991
0.140058
0.140134
0.14021
0.140284
0.140356
0.140428
0.140499
0.140571
0.140641
0.140709
0.140774
0.140833
0.140887
0.140934
0.140974
0.141006
0.14103
0.141046
0.141053
0.141052
0.141042
0.141023
0.140997
0.140964
0.140924
0.140879
0.140829
0.140776
0.14072
0.140662
0.140604
0.140548
0.140494
0.140441
0.14039
0.140342
0.140297
0.140255
0.140217
0.140182
0.140151
0.140123
0.140098
0.140077
0.140058
0.140043
0.14003
0.140019
0.140009
0.140001
0.139995
0.139991
0.139988
0.139987
0.139986
0.139986
0.139987
0.139987
0.139987
0.139987
0.139988
0.139988
0.13999
0.139991
0.139992
0.139993
0.139994
0.139995
0.139997
0.140044
0.140102
0.140173
0.140248
0.140323
0.140396
0.140466
0.140534
0.140601
0.140668
0.140732
0.140795
0.140853
0.140906
0.140953
0.140991
0.141022
0.141043
0.141056
0.14106
0.141056
0.141043
0.141023
0.140996
0.140962
0.140922
0.140877
0.140829
0.140776
0.140722
0.140666
0.14061
0.140555
0.140501
0.140449
0.140399
0.140352
0.140307
0.140266
0.140229
0.140195
0.140164
0.140136
0.140112
0.14009
0.140071
0.140055
0.14004
0.140028
0.140017
0.140008
0.14
0.139994
0.13999
0.139987
0.139986
0.139986
0.139986
0.139987
0.139987
0.139987
0.139988
0.139989
0.139991
0.139992
0.139994
0.139996
0.139997
0.14
0.140003
0.140057
0.140098
0.140153
0.140218
0.140292
0.140369
0.140449
0.140528
0.140606
0.140682
0.140755
0.140824
0.140889
0.140949
0.141002
0.141048
0.141086
0.141114
0.141134
0.141143
0.141142
0.141132
0.141112
0.141083
0.141046
0.141002
0.140952
0.140898
0.140839
0.140778
0.140715
0.140653
0.140592
0.140533
0.140476
0.140422
0.140371
0.140324
0.140281
0.140242
0.140207
0.140175
0.140148
0.140123
0.140102
0.140084
0.140068
0.140054
0.140043
0.140034
0.140026
0.140019
0.140013
0.140007
0.140002
0.139998
0.139995
0.139994
0.139993
0.139992
0.139992
0.139992
0.139994
0.139996
0.139997
0.139999
0.14
0.140002
0.140005
0.140009
0.140169
0.14021
0.140258
0.140311
0.140371
0.140439
0.140512
0.140589
0.140668
0.140747
0.140825
0.140899
0.140968
0.141033
0.14109
0.141141
0.141183
0.141217
0.141242
0.141256
0.141261
0.141256
0.141241
0.141215
0.141181
0.141138
0.141088
0.141031
0.140969
0.140903
0.140834
0.140765
0.140696
0.140629
0.140563
0.1405
0.140441
0.140385
0.140334
0.140287
0.140245
0.140208
0.140175
0.140146
0.140121
0.140099
0.140081
0.140065
0.140052
0.140041
0.140031
0.140023
0.140016
0.140011
0.140007
0.140005
0.140004
0.140003
0.140003
0.140003
0.140002
0.140003
0.140004
0.140006
0.140007
0.140008
0.140009
0.140011
0.140014
0.140019
0.140231
0.140276
0.140329
0.140385
0.140445
0.140509
0.140577
0.140649
0.140724
0.1408
0.140877
0.140952
0.141023
0.141089
0.141149
0.141201
0.141244
0.141277
0.141299
0.141311
0.141311
0.141301
0.141279
0.141248
0.141207
0.141157
0.141101
0.141038
0.14097
0.140899
0.140826
0.140753
0.140681
0.140612
0.140544
0.14048
0.14042
0.140365
0.140314
0.140268
0.140227
0.140191
0.140159
0.140132
0.140108
0.140088
0.140071
0.140058
0.140046
0.140037
0.140029
0.140024
0.140019
0.140017
0.140015
0.140014
0.140013
0.140013
0.140013
0.140014
0.140014
0.140014
0.140015
0.140016
0.140017
0.140018
0.140019
0.14002
0.140023
0.140029
0.140468
0.140506
0.140554
0.14061
0.140671
0.140738
0.14081
0.140887
0.140967
0.14105
0.141134
0.141218
0.141301
0.14138
0.141454
0.141522
0.141581
0.141631
0.14167
0.141697
0.141713
0.141715
0.141705
0.141682
0.141648
0.141602
0.141546
0.141481
0.141408
0.14133
0.141247
0.141162
0.141075
0.14099
0.140905
0.140822
0.140743
0.140667
0.140597
0.140531
0.14047
0.140415
0.140365
0.14032
0.14028
0.140245
0.140214
0.140187
0.140164
0.140143
0.140126
0.140111
0.140098
0.140087
0.140078
0.140071
0.140065
0.140059
0.140055
0.140051
0.140048
0.140045
0.140043
0.140042
0.140041
0.14004
0.14004
0.140041
0.140045
0.140054
0.140286
0.140318
0.140361
0.140414
0.140474
0.140543
0.140621
0.140705
0.140795
0.140889
0.140987
0.141085
0.141182
0.141276
0.141364
0.141444
0.141516
0.141576
0.141624
0.141659
0.14168
0.141686
0.141679
0.141658
0.141624
0.141578
0.141522
0.141458
0.141387
0.14131
0.14123
0.141149
0.141068
0.140988
0.14091
0.140834
0.140763
0.140695
0.140632
0.140573
0.140519
0.140469
0.140424
0.140382
0.140345
0.140311
0.14028
0.140253
0.140227
0.140205
0.140184
0.140166
0.14015
0.140135
0.140123
0.140111
0.140101
0.140093
0.140085
0.140079
0.140072
0.140067
0.140063
0.140059
0.140056
0.140054
0.140053
0.140052
0.140057
0.140066
0.14081
0.140876
0.140961
0.141063
0.141179
0.141311
0.141457
0.141616
0.141787
0.141968
0.142157
0.142351
0.142547
0.142743
0.142936
0.143123
0.1433
0.143463
0.143613
0.143748
0.143865
0.143965
0.144045
0.144105
0.144145
0.144164
0.144165
0.144146
0.144109
0.144056
0.143988
0.143907
0.143816
0.143674
0.143551
0.143423
0.143289
0.14315
0.143009
0.142867
0.142726
0.142586
0.142451
0.142321
0.142198
0.142083
0.141981
0.14188
0.141721
0.141627
0.141548
0.141478
0.141416
0.141363
0.141317
0.14128
0.141252
0.141235
0.141232
0.141182
0.141078
0.141068
0.141075
0.141092
0.14112
0.141166
0.141242
0.141095
0.1413
0.14147
0.179407
0.190998
0.202288
0.212833
0.222634
0.231723
0.24013
0.247883
0.25501
0.261536
0.267489
0.272895
0.277782
0.282177
0.286109
0.289607
0.292689
0.295375
0.29772
0.299748
0.301487
0.302963
0.304204
0.305234
0.306077
0.306754
0.307289
0.3077
0.308006
0.308226
0.308376
0.30847
0.308521
0.308166
0.308078
0.307981
0.307867
0.30774
0.307606
0.307468
0.307331
0.307196
0.307069
0.306951
0.306847
0.30676
0.306695
0.306534
0.305799
0.305667
0.305573
0.305487
0.30541
0.305344
0.305294
0.305266
0.305269
0.305319
0.305434
0.305098
0.304374
0.30472
0.305329
0.306259
0.307654
0.309719
0.312745
0.315073
0.321986
0.329886
0.140282
0.139868
0.139436
0.138839
0.138232
0.137629
0.137008
0.136301
0.135394
0.134816
0.13585
0.13598
0.136059
0.136144
0.13624
0.136349
0.136471
0.136605
0.136749
0.136903
0.137064
0.137228
0.137393
0.137555
0.137708
0.137846
0.137958
0.13802
0.137984
0.137738
0.1383
0.138644
0.138786
0.138883
0.13895
0.138988
0.138999
0.138984
0.138946
0.138885
0.138802
0.138699
0.138577
0.138436
0.138277
0.1381
0.137905
0.137693
0.137462
0.137213
0.136945
0.136657
0.136351
0.136025
0.135681
0.13532
0.134941
0.134548
0.134135
0.133682
0.133102
0.13301
0.132815
0.132524
0.132231
0.131946
0.131669
0.131401
0.131141
0.130891
0.130651
0.130422
0.130204
0.129995
0.129796
0.129604
0.129419
0.12924
0.129065
0.128892
0.128721
0.128549
0.128378
0.128205
0.128031
0.127856
0.127679
0.127501
0.127321
0.127141
0.126961
0.126782
0.126605
0.126433
0.126271
0.126132
0.126048
0.126103
0.126504
0.127765
0.135717
0.135893
0.136082
0.136284
0.136492
0.136704
0.136917
0.137128
0.137338
0.137552
0.137776
0.137972
0.138146
0.138292
0.138407
0.13849
0.138543
0.138567
0.138565
0.138541
0.138496
0.138432
0.138352
0.138258
0.138151
0.138033
0.137907
0.137774
0.137636
0.137491
0.137351
0.137219
0.13709
0.136961
0.136833
0.136707
0.136583
0.136461
0.136341
0.136224
0.136109
0.135999
0.135891
0.135787
0.135687
0.135591
0.135499
0.13541
0.135325
0.135242
0.135162
0.135085
0.13501
0.134937
0.134866
0.134798
0.134731
0.134667
0.134605
0.134546
0.134489
0.134442
0.1344
0.134361
0.134324
0.13429
0.134257
0.134226
0.134197
0.13417
0.134145
0.134124
0.134105
0.13409
0.134078
0.13407
0.134065
0.134065
0.134072
0.134087
0.134108
0.134136
0.134172
0.134215
0.134266
0.134324
0.13439
0.134465
0.134548
0.134641
0.134742
0.134848
0.134958
0.135068
0.135175
0.135277
0.135368
0.135449
0.13554
0.135778
0.138548
0.138609
0.138669
0.138729
0.138788
0.138846
0.138902
0.138959
0.139021
0.139091
0.139166
0.139239
0.139311
0.139384
0.139457
0.13953
0.139603
0.139675
0.139745
0.139814
0.139881
0.139946
0.140008
0.140067
0.140124
0.140178
0.140228
0.140275
0.14032
0.140362
0.140403
0.140437
0.140465
0.140485
0.140499
0.140504
0.140502
0.140492
0.140475
0.14045
0.140418
0.140378
0.140331
0.140277
0.140218
0.140152
0.140081
0.140004
0.139923
0.139837
0.139745
0.139647
0.139541
0.139425
0.139295
0.139147
0.138979
0.138795
0.138608
0.138431
0.138265
0.138114
0.137977
0.137852
0.137738
0.137635
0.13754
0.137455
0.137378
0.13731
0.137248
0.137193
0.137142
0.137095
0.137052
0.137012
0.136975
0.136942
0.136916
0.136899
0.136889
0.136884
0.136881
0.136879
0.13688
0.136882
0.136886
0.136891
0.136894
0.136894
0.136889
0.136878
0.136859
0.136831
0.136796
0.136756
0.136717
0.136687
0.136677
0.136695
0.138204
0.138224
0.138244
0.138266
0.138289
0.138312
0.138337
0.138362
0.138388
0.138418
0.138453
0.138489
0.138526
0.138565
0.138604
0.138643
0.138683
0.138723
0.138761
0.138799
0.138835
0.13887
0.138903
0.138935
0.138965
0.138994
0.139021
0.139047
0.139072
0.139096
0.139122
0.139147
0.13917
0.139191
0.139208
0.139223
0.139235
0.139243
0.139248
0.13925
0.139247
0.13924
0.139228
0.139211
0.13919
0.139164
0.139133
0.139097
0.139056
0.13901
0.138959
0.138905
0.138846
0.138784
0.138718
0.13865
0.138581
0.138511
0.138442
0.138376
0.138315
0.138262
0.138217
0.138182
0.138158
0.138146
0.138149
0.138165
0.138197
0.138241
0.138298
0.138365
0.138438
0.138511
0.138582
0.138649
0.138712
0.13877
0.138823
0.13887
0.138913
0.138951
0.138984
0.139012
0.139036
0.139054
0.139068
0.139077
0.139083
0.139087
0.139089
0.139089
0.139086
0.139082
0.139075
0.139067
0.139057
0.139044
0.139024
0.138973
0.139164
0.139205
0.139248
0.139292
0.139334
0.139376
0.139415
0.139452
0.139487
0.139523
0.139559
0.139593
0.139625
0.139655
0.139683
0.13971
0.139734
0.139758
0.13978
0.139802
0.139823
0.139845
0.139866
0.139888
0.139911
0.139934
0.139958
0.139983
0.140009
0.140039
0.140075
0.140111
0.140149
0.140186
0.140224
0.140261
0.140297
0.140333
0.140368
0.140402
0.140434
0.140463
0.140491
0.140515
0.140536
0.140553
0.140564
0.140571
0.140571
0.140563
0.140548
0.140524
0.140489
0.14044
0.140375
0.140291
0.14019
0.140077
0.139955
0.139826
0.139691
0.139553
0.139414
0.139276
0.13914
0.13901
0.138891
0.138785
0.138698
0.138636
0.138607
0.138607
0.138622
0.138648
0.138682
0.138723
0.138769
0.13882
0.138875
0.138932
0.138992
0.139053
0.139116
0.139178
0.139241
0.139303
0.139364
0.139424
0.139482
0.139538
0.139591
0.139641
0.139688
0.139732
0.139773
0.139811
0.139846
0.13988
0.139917
0.139965
0.139121
0.139175
0.139223
0.139266
0.139305
0.139338
0.139369
0.139396
0.13942
0.139443
0.139462
0.139479
0.139492
0.139502
0.139509
0.139513
0.139514
0.139513
0.13951
0.139507
0.139505
0.139504
0.139505
0.139508
0.139512
0.139519
0.139528
0.139538
0.139551
0.139566
0.139584
0.139605
0.139627
0.139652
0.139679
0.139708
0.13974
0.139774
0.13981
0.139848
0.139887
0.139929
0.139971
0.140015
0.140059
0.140102
0.140145
0.140186
0.140224
0.140258
0.140287
0.140311
0.140329
0.140341
0.140347
0.140346
0.140338
0.140321
0.140295
0.140258
0.140209
0.140146
0.140071
0.139983
0.139883
0.139774
0.139655
0.139532
0.13941
0.139294
0.139187
0.139092
0.13901
0.138942
0.138888
0.138849
0.138823
0.138812
0.138814
0.138827
0.138851
0.138883
0.138925
0.138975
0.139035
0.139102
0.139171
0.139238
0.139302
0.139365
0.139426
0.139485
0.139542
0.139596
0.139648
0.139698
0.139745
0.13979
0.139828
0.139934
0.139413
0.13944
0.139468
0.139496
0.139523
0.13955
0.139574
0.139597
0.139618
0.139639
0.139659
0.139678
0.139695
0.139711
0.139725
0.139738
0.139749
0.139759
0.139768
0.139776
0.139783
0.139789
0.139795
0.1398
0.139805
0.139808
0.139811
0.139813
0.139815
0.139818
0.139824
0.139832
0.13984
0.139846
0.139852
0.139857
0.139865
0.139874
0.139887
0.139901
0.139918
0.139937
0.139958
0.139981
0.140005
0.14003
0.140057
0.140083
0.14011
0.140137
0.140162
0.140186
0.140207
0.140226
0.140241
0.140253
0.140261
0.140264
0.14026
0.14025
0.140232
0.140206
0.14017
0.140126
0.140073
0.140012
0.139943
0.139867
0.139787
0.139703
0.139617
0.139536
0.139471
0.139421
0.139382
0.139351
0.139327
0.139311
0.139301
0.139299
0.139305
0.139317
0.139336
0.139362
0.139393
0.13943
0.139471
0.139516
0.139564
0.139615
0.139667
0.13972
0.139772
0.139825
0.139878
0.139929
0.13998
0.14003
0.14007
0.140115
0.139426
0.139456
0.139484
0.13951
0.139534
0.139557
0.139579
0.139599
0.139619
0.139638
0.139656
0.139673
0.139689
0.139704
0.139717
0.139729
0.13974
0.13975
0.139759
0.139766
0.139773
0.139779
0.139784
0.139789
0.139793
0.139796
0.139798
0.1398
0.139801
0.139802
0.139802
0.139803
0.139803
0.139803
0.139804
0.139805
0.139808
0.139813
0.139819
0.139827
0.139837
0.139848
0.139861
0.139876
0.139892
0.13991
0.139929
0.13995
0.139971
0.139993
0.140016
0.140039
0.140061
0.140084
0.140105
0.140125
0.140144
0.140161
0.140176
0.140188
0.140195
0.1402
0.140199
0.140194
0.140181
0.14016
0.14013
0.140087
0.140034
0.13997
0.139899
0.139823
0.139745
0.139667
0.139589
0.139514
0.139442
0.139376
0.139317
0.139266
0.139224
0.139194
0.139175
0.139168
0.139174
0.139191
0.139218
0.139255
0.139297
0.139342
0.139388
0.139436
0.139485
0.139535
0.139586
0.139638
0.13969
0.139746
0.139806
0.139861
0.13954
0.139558
0.139576
0.139593
0.13961
0.139627
0.139643
0.139659
0.139675
0.139691
0.139707
0.139722
0.139737
0.139751
0.139764
0.139777
0.139789
0.139801
0.139811
0.139821
0.13983
0.139839
0.139846
0.139854
0.13986
0.139866
0.139871
0.139876
0.139879
0.139883
0.139886
0.139889
0.139891
0.139893
0.139892
0.13989
0.139885
0.139879
0.139872
0.139865
0.139859
0.139853
0.139848
0.139844
0.139841
0.139838
0.139837
0.139836
0.139837
0.139838
0.13984
0.139843
0.139847
0.139851
0.139855
0.13986
0.139864
0.139869
0.139872
0.139876
0.139878
0.139878
0.139877
0.139874
0.139868
0.13986
0.139848
0.139833
0.139815
0.139793
0.139767
0.139739
0.139713
0.139688
0.139666
0.139645
0.139626
0.139608
0.139591
0.139577
0.139564
0.139555
0.139549
0.139547
0.139548
0.139554
0.139563
0.139577
0.139595
0.139616
0.139641
0.139668
0.139697
0.139729
0.139761
0.139795
0.139831
0.139865
0.139903
0.140002
0.139573
0.139592
0.139609
0.139626
0.139643
0.13966
0.139676
0.139693
0.139708
0.139724
0.13974
0.139755
0.13977
0.139784
0.139798
0.139812
0.139825
0.139837
0.139849
0.13986
0.139871
0.139881
0.13989
0.139899
0.139906
0.139913
0.139919
0.139924
0.139928
0.13993
0.139932
0.139933
0.139932
0.13993
0.139926
0.13992
0.139911
0.1399
0.139885
0.139869
0.139851
0.139834
0.139817
0.139799
0.139783
0.139766
0.139751
0.139736
0.139722
0.139709
0.139698
0.139687
0.139678
0.13967
0.139663
0.139657
0.139652
0.139649
0.139646
0.139645
0.139645
0.139645
0.139646
0.139647
0.139649
0.13965
0.139651
0.139651
0.139649
0.139646
0.139641
0.139633
0.139623
0.13961
0.139595
0.139577
0.139557
0.139536
0.139516
0.139497
0.139481
0.13947
0.139464
0.13946
0.139461
0.139464
0.139469
0.139478
0.139488
0.139501
0.139517
0.139537
0.13956
0.139587
0.139617
0.13965
0.139686
0.139723
0.139752
0.13983
0.139623
0.139641
0.139658
0.139675
0.139693
0.13971
0.139727
0.139744
0.139761
0.139777
0.139794
0.139809
0.139825
0.13984
0.139854
0.139868
0.139881
0.139893
0.139905
0.139915
0.139925
0.139934
0.139941
0.139947
0.139952
0.139956
0.139958
0.139958
0.139957
0.139954
0.13995
0.139944
0.139937
0.139927
0.139915
0.1399
0.139881
0.139859
0.139835
0.139811
0.139787
0.139762
0.139738
0.139715
0.139692
0.13967
0.139648
0.139628
0.139608
0.13959
0.139573
0.139557
0.139543
0.13953
0.139519
0.139508
0.139499
0.139492
0.139488
0.139487
0.139489
0.139493
0.139497
0.139503
0.139511
0.139519
0.139528
0.139538
0.139549
0.13956
0.139571
0.139583
0.139594
0.139605
0.139615
0.139625
0.139634
0.139642
0.13965
0.139656
0.139662
0.139667
0.139672
0.139676
0.139681
0.139685
0.13969
0.139696
0.139703
0.139711
0.139719
0.139728
0.139738
0.13975
0.139763
0.139778
0.139795
0.139815
0.13983
0.139843
0.139661
0.139681
0.139701
0.139722
0.139742
0.139761
0.139781
0.139799
0.139817
0.139834
0.13985
0.139866
0.139881
0.139895
0.139908
0.139921
0.139932
0.139941
0.13995
0.139957
0.139962
0.139965
0.139966
0.139965
0.139963
0.139958
0.139952
0.139943
0.139933
0.139921
0.139907
0.139892
0.139874
0.139854
0.139832
0.139808
0.139782
0.139756
0.139731
0.139707
0.139683
0.139661
0.13964
0.139619
0.1396
0.139582
0.139565
0.139548
0.139533
0.139519
0.139505
0.139493
0.139482
0.139472
0.139462
0.139454
0.139446
0.139439
0.139434
0.139429
0.139428
0.139429
0.139433
0.139438
0.139446
0.139454
0.139463
0.139474
0.139484
0.139496
0.139508
0.13952
0.139533
0.139546
0.139559
0.139573
0.139586
0.139599
0.139612
0.139625
0.139638
0.13965
0.139662
0.139674
0.139686
0.139697
0.139709
0.139719
0.13973
0.139741
0.139752
0.139763
0.139776
0.139789
0.139803
0.139817
0.139833
0.139852
0.139867
0.139869
0.139709
0.139732
0.139755
0.139777
0.139799
0.139819
0.139839
0.139857
0.139875
0.139891
0.139906
0.13992
0.139933
0.139944
0.139954
0.139962
0.139968
0.139971
0.139973
0.139971
0.139967
0.139961
0.139952
0.139942
0.139929
0.139914
0.139897
0.139879
0.13986
0.139839
0.139818
0.139796
0.139772
0.139749
0.139726
0.139704
0.139683
0.139664
0.139646
0.139629
0.139613
0.139599
0.139585
0.139573
0.139561
0.13955
0.139539
0.13953
0.13952
0.139512
0.139504
0.139496
0.13949
0.139483
0.139477
0.139471
0.139466
0.139462
0.139461
0.139462
0.139466
0.13947
0.139475
0.139481
0.139488
0.139496
0.139505
0.139514
0.139524
0.139535
0.139546
0.139557
0.139569
0.139581
0.139593
0.139606
0.139619
0.139633
0.139646
0.13966
0.139674
0.139689
0.139703
0.139717
0.139732
0.139747
0.139761
0.139776
0.13979
0.139805
0.139819
0.139833
0.139848
0.139863
0.139877
0.139893
0.139908
0.139927
0.139945
0.139947
0.139764
0.139789
0.139813
0.139834
0.139855
0.139875
0.139893
0.139909
0.139925
0.139938
0.139951
0.139961
0.139968
0.139974
0.139976
0.139976
0.139973
0.139967
0.139958
0.139946
0.139931
0.139914
0.139896
0.139877
0.139857
0.139836
0.139815
0.139793
0.139773
0.139753
0.139736
0.13972
0.139706
0.139693
0.139682
0.139672
0.139663
0.139655
0.139647
0.13964
0.139633
0.139627
0.139621
0.139615
0.13961
0.139604
0.139599
0.139593
0.139588
0.139582
0.139577
0.139572
0.139567
0.139562
0.139557
0.139552
0.139546
0.139541
0.139537
0.139534
0.139535
0.139536
0.139539
0.139544
0.139549
0.139554
0.139561
0.139568
0.139575
0.139582
0.139591
0.139599
0.139608
0.139617
0.139627
0.139637
0.139648
0.139659
0.13967
0.139682
0.139694
0.139706
0.139719
0.139731
0.139744
0.139758
0.139771
0.139784
0.139798
0.139812
0.139825
0.13984
0.139854
0.139868
0.139883
0.139899
0.139914
0.139931
0.139948
0.139982
0.139824
0.139847
0.139868
0.139888
0.139906
0.139924
0.13994
0.139953
0.139965
0.139973
0.139979
0.139981
0.139981
0.139977
0.13997
0.13996
0.139947
0.13993
0.139911
0.139891
0.139871
0.139851
0.139831
0.139813
0.139796
0.139781
0.139769
0.139759
0.13975
0.139744
0.139739
0.139735
0.139732
0.139729
0.139727
0.139725
0.139724
0.139722
0.139721
0.13972
0.139718
0.139716
0.139714
0.139712
0.13971
0.139708
0.139705
0.139702
0.139699
0.139696
0.139692
0.139689
0.139685
0.139681
0.139677
0.139673
0.139668
0.139664
0.139661
0.13966
0.139661
0.139662
0.139664
0.139667
0.13967
0.139673
0.139676
0.139681
0.139685
0.13969
0.139695
0.139701
0.139707
0.139714
0.139721
0.139729
0.139737
0.139746
0.139755
0.139765
0.139775
0.139786
0.139797
0.139809
0.139822
0.139835
0.139849
0.139863
0.139878
0.139893
0.139909
0.139925
0.139941
0.139958
0.139975
0.139992
0.14001
0.140028
0.140038
0.140079
0.139879
0.139899
0.139917
0.139935
0.139952
0.139966
0.139977
0.139984
0.139988
0.139988
0.139984
0.139978
0.139969
0.139958
0.139943
0.139926
0.139907
0.139886
0.139868
0.139852
0.139841
0.139832
0.139825
0.139821
0.139818
0.139816
0.139815
0.139815
0.139816
0.139816
0.139817
0.139818
0.139819
0.13982
0.139821
0.139822
0.139823
0.139823
0.139824
0.139824
0.139824
0.139824
0.139824
0.139823
0.139823
0.139822
0.139821
0.13982
0.139819
0.139818
0.139816
0.139815
0.139814
0.139812
0.139811
0.13981
0.139809
0.139808
0.139807
0.139806
0.139804
0.139803
0.139802
0.139802
0.139804
0.139806
0.13981
0.139814
0.139819
0.139824
0.139829
0.139835
0.139841
0.139847
0.139853
0.139859
0.139865
0.139872
0.139879
0.139886
0.139894
0.139902
0.13991
0.139919
0.139928
0.139938
0.139949
0.13996
0.139972
0.139984
0.139997
0.14001
0.140024
0.140039
0.140054
0.14007
0.140086
0.140105
0.140114
0.140135
0.139926
0.139944
0.139961
0.139977
0.139988
0.139994
0.139996
0.139993
0.139987
0.13998
0.139971
0.139961
0.139949
0.139937
0.139925
0.139913
0.139903
0.139896
0.139893
0.139891
0.139892
0.139893
0.139895
0.139897
0.139899
0.139902
0.139905
0.139907
0.13991
0.139912
0.139914
0.139916
0.139918
0.139919
0.139921
0.139922
0.139924
0.139925
0.139927
0.139928
0.139929
0.13993
0.139932
0.139933
0.139934
0.139935
0.139937
0.139938
0.139939
0.13994
0.139941
0.139945
0.139949
0.139954
0.139959
0.139965
0.139971
0.139976
0.139982
0.139988
0.139993
0.139999
0.140005
0.14001
0.140015
0.140021
0.140026
0.140032
0.140038
0.140044
0.140051
0.140058
0.140064
0.140071
0.140078
0.140085
0.140092
0.140099
0.140106
0.140114
0.140122
0.140129
0.140138
0.140146
0.140155
0.140165
0.140176
0.140187
0.140198
0.140211
0.140224
0.140238
0.140254
0.14027
0.140286
0.140304
0.140323
0.140345
0.14036
0.14039
0.139964
0.139981
0.139994
0.14
0.14
0.139994
0.139987
0.139979
0.139971
0.139964
0.139957
0.139951
0.139946
0.139943
0.139942
0.139943
0.139945
0.139949
0.139952
0.139956
0.13996
0.139964
0.139967
0.139971
0.139974
0.139977
0.13998
0.139982
0.139985
0.139988
0.13999
0.139992
0.139994
0.139996
0.139999
0.140001
0.140004
0.140007
0.140009
0.140012
0.140014
0.140017
0.140019
0.140022
0.140024
0.140027
0.140029
0.140031
0.140033
0.140036
0.140038
0.14004
0.140043
0.140046
0.140049
0.140053
0.140058
0.140062
0.140068
0.140073
0.14008
0.140087
0.140094
0.140102
0.140111
0.140119
0.140129
0.140139
0.14015
0.140161
0.140173
0.140187
0.140201
0.140216
0.14023
0.140242
0.140254
0.140264
0.140274
0.140282
0.14029
0.140296
0.140301
0.140304
0.140307
0.140308
0.140308
0.140307
0.140304
0.1403
0.140295
0.140288
0.14028
0.14026
0.140236
0.140221
0.140213
0.140214
0.140198
0.140219
0.139998
0.140007
0.14001
0.140002
0.139992
0.139984
0.139978
0.139974
0.139972
0.139972
0.139975
0.139979
0.139983
0.139986
0.13999
0.139993
0.139996
0.139998
0.14
0.140001
0.140003
0.140004
0.140005
0.140005
0.140006
0.140007
0.140008
0.140008
0.140009
0.14001
0.140011
0.140011
0.140012
0.140013
0.140014
0.140015
0.140015
0.140016
0.140017
0.140018
0.140018
0.140019
0.140019
0.140019
0.140019
0.140018
0.140017
0.140016
0.140015
0.140016
0.140017
0.14002
0.140023
0.140028
0.140033
0.140039
0.140047
0.140055
0.140065
0.140075
0.140088
0.140101
0.140116
0.140133
0.140151
0.140172
0.140178
0.140198
0.140222
0.140247
0.140276
0.140308
0.14034
0.140369
0.140395
0.140418
0.140439
0.140457
0.140474
0.140488
0.140499
0.140508
0.140515
0.140519
0.14052
0.140518
0.140513
0.140505
0.140484
0.14047
0.140462
0.140459
0.140461
0.140468
0.14048
0.140499
0.140525
0.140561
0.140603
0.140659
0.140014
0.140014
0.140012
0.14001
0.140009
0.140008
0.140008
0.140007
0.140007
0.140007
0.140006
0.140006
0.140006
0.140005
0.140005
0.140004
0.140004
0.140003
0.140003
0.140003
0.140003
0.140002
0.140002
0.140002
0.140002
0.140002
0.140002
0.140002
0.140002
0.140002
0.140002
0.140002
0.140002
0.140001
0.140001
0.140001
0.14
0.14
0.139999
0.139998
0.139997
0.139995
0.139991
0.139986
0.13998
0.139976
0.139972
0.139971
0.139972
0.139976
0.139979
0.139984
0.139989
0.139994
0.140001
0.140008
0.140017
0.140027
0.140039
0.140055
0.140075
0.140101
0.140135
0.140181
0.140247
0.140342
0.140343
0.140518
0.140938
0.141091
0.141086
0.141093
0.141107
0.14112
0.141135
0.141155
0.14118
0.141208
0.141236
0.141265
0.141293
0.141321
0.141349
0.141376
0.141404
0.141431
0.141458
0.141484
0.141511
0.141537
0.141564
0.141591
0.141621
0.141654
0.141691
0.141733
0.14179
0.141803
0.142161
0.141067
)
;

boundaryField
{
    airfoil
    {
        type            calculated;
        value           uniform 0;
    }
    farBoundaries
    {
        type            calculated;
        value           uniform 1;
    }
    inlet
    {
        type            freestream;
        freestreamValue uniform 0.14;
        value           nonuniform List<scalar> 
200
(
0.14
0.14
0.14
0.14
0.14
0.14
0.14
0.14
0.14
0.14
0.14
0.14
0.14
0.14
0.14
0.14
0.14
0.14
0.14
0.14
0.14
0.14
0.14
0.14
0.14
0.14
0.14
0.14
0.14
0.14
0.14
0.14
0.14
0.14
0.14
0.14
0.14
0.14
0.14
0.14
0.14
0.14
0.14
0.14
0.14
0.14
0.14
0.14
0.14
0.14
0.14
0.14
0.14
0.14
0.14
0.14
0.14
0.14
0.14
0.14
0.14
0.14
0.14
0.14
0.14
0.14
0.14
0.14
0.140938
0.141091
0.141086
0.141093
0.141107
0.14112
0.141135
0.141155
0.14118
0.141208
0.141236
0.141265
0.141293
0.141321
0.141349
0.141376
0.141404
0.141431
0.141458
0.141484
0.141511
0.141537
0.141564
0.141591
0.141621
0.141654
0.141691
0.141733
0.14179
0.141803
0.142161
0.141067
0.14
0.14
0.14
0.14
0.14
0.14
0.14
0.14
0.14
0.14
0.14
0.14
0.14
0.14
0.14
0.14
0.14
0.14
0.14
0.14
0.14
0.14
0.14
0.14
0.14
0.14
0.14
0.14
0.14
0.14
0.14
0.14
0.14
0.14
0.14
0.14
0.14
0.14
0.14
0.14
0.14
0.14
0.14
0.14
0.14
0.14
0.14
0.14
0.14
0.14
0.14
0.14
0.14
0.14
0.14
0.14
0.14
0.14
0.14
0.14
0.14
0.14
0.14
0.14
0.14
0.14
0.14
0.14
0.14
0.14
0.14
0.14
0.14
0.14
0.14
0.14
0.14
0.14
0.14
0.14
0.14
0.14
0.14
0.14
0.14
0.14
0.14
0.14
0.14
0.14
0.14
0.14
0.14
0.14
0.14
0.14
0.14
0.140576
0.141877
0.135425
)
;
    }
    outlet
    {
        type            freestream;
        freestreamValue uniform 0.14;
        value           nonuniform List<scalar> 
40
(
0.196449
0.230841
0.226222
0.19901
0.190375
0.173741
0.158381
0.151028
0.148766
0.148364
0.148695
0.149517
0.158427
0.245281
0.525073
0.890083
1.19068
1.38292
1.43865
1.30751
1.16509
1.25611
1.21789
1.08449
0.880707
0.633459
0.380745
0.203337
0.146867
0.142081
0.143611
0.144327
0.144729
0.145211
0.146061
0.14747
0.150527
0.156534
0.167515
0.17576
)
;
    }
    defaultFaces
    {
        type            empty;
    }
}


// ************************************************************************* //
