/*--------------------------------*- C++ -*----------------------------------*\
  =========                 |
  \\      /  F ield         | OpenFOAM: The Open Source CFD Toolbox
   \\    /   O peration     | Website:  https://openfoam.org
    \\  /    A nd           | Version:  6.0
     \\/     M anipulation  |
\*---------------------------------------------------------------------------*/
FoamFile
{
    version     2.0;
    format      ascii;
    class       volVectorField;
    location    "12";
    object      U;
}
// * * * * * * * * * * * * * * * * * * * * * * * * * * * * * * * * * * * * * //

dimensions      [0 1 -1 0 0 0 0];

internalField   nonuniform List<vector> 
2000
(
(-0.00199235 0.00173699 3.46892e-20)
(-0.00760936 0.00329374 3.68302e-20)
(-0.0152853 0.00364188 -3.37848e-20)
(-0.0222385 0.00330471 -6.66507e-20)
(-0.0275151 0.00259375 -4.52045e-20)
(-0.0309658 0.00171284 5.8683e-20)
(-0.032693 0.000808152 3.34171e-20)
(-0.0329684 -1.27124e-05 -1.3245e-20)
(-0.0322163 -0.000669725 -3.24898e-20)
(-0.0307398 -0.00109957 1.91053e-20)
(-0.0024896 0.00511714 -8.59617e-20)
(-0.00835386 0.0096589 1.06099e-19)
(-0.0156707 0.0106375 1.01826e-20)
(-0.0219144 0.009599 -5.71824e-20)
(-0.0262694 0.00745987 2.65611e-19)
(-0.0286626 0.00481916 -1.1391e-19)
(-0.0292447 0.00210747 -1.20476e-19)
(-0.0283141 -0.000354208 1.42419e-19)
(-0.0263132 -0.00232159 -1.38009e-19)
(-0.0236201 -0.0036035 5.61703e-20)
(-0.00343307 0.00821735 1.42799e-20)
(-0.00970186 0.015364 4.5213e-21)
(-0.0162273 0.0167848 3.05849e-19)
(-0.0209995 0.0149751 1.03722e-19)
(-0.0234786 0.0114017 1.99581e-20)
(-0.023743 0.00701965 1.61e-19)
(-0.0220362 0.00251863 -2.98929e-19)
(-0.0187064 -0.00157424 6.35195e-21)
(-0.0142292 -0.0048384 -1.70221e-19)
(-0.00913868 -0.00695095 1.51694e-19)
(-0.00471719 0.0108564 -2.68418e-20)
(-0.0113625 0.0199942 1.37995e-19)
(-0.0165137 0.0215744 -3.87034e-19)
(-0.0189418 0.0189159 -4.84079e-20)
(-0.0185203 0.0139416 -2.67476e-19)
(-0.0155514 0.00789365 2.69937e-19)
(-0.0104119 0.00167193 -2.79897e-19)
(-0.00351467 -0.00400873 1.92668e-19)
(0.00462459 -0.00853441 7.95677e-20)
(0.0132225 -0.0114438 -7.2945e-20)
(-0.00617413 0.0128582 -2.98352e-19)
(-0.0128785 0.0231691 2.37225e-21)
(-0.0158375 0.0245771 4.76441e-19)
(-0.0148729 0.0210409 1.38191e-19)
(-0.0104073 0.0148056 -4.26546e-19)
(-0.00303777 0.00729797 2.5843e-19)
(0.00668719 -0.000452705 2.86527e-19)
(0.0182852 -0.00758644 -2.50385e-19)
(0.0312103 -0.0132826 1.7544e-19)
(0.044323 -0.0169353 3.50127e-20)
(-0.00756248 0.0140522 4.08061e-20)
(-0.0136071 0.0245532 6.75532e-21)
(-0.0132321 0.0254658 -6.08672e-19)
(-0.00757507 0.0211425 -3.29406e-19)
(0.00226087 0.0139826 3.81627e-19)
(0.0153095 0.00546424 -4.35562e-19)
(0.0308073 -0.00337662 4.88102e-19)
(0.048203 -0.0116243 -4.12293e-20)
(0.0669598 -0.0182692 -1.32252e-19)
(0.0854712 -0.0225696 -3.141e-19)
(-0.00855551 0.0142759 -8.85048e-20)
(-0.0127083 0.0238697 -1.44616e-19)
(-0.00745133 0.0240291 -1.71066e-19)
(0.00452684 0.0191949 3.53156e-19)
(0.0213245 0.0117355 6.36421e-19)
(0.0415258 0.00303137 -1.28128e-19)
(0.064087 -0.00604192 -3.05315e-19)
(0.0883718 -0.0146881 9.12451e-20)
(0.113936 -0.0218141 -5.65281e-19)
(0.138636 -0.0265896 5.09385e-19)
(-0.00873732 0.0133899 5.41155e-19)
(-0.0091612 0.020926 -2.64049e-19)
(0.00298672 0.0201803 4.96907e-19)
(0.0233029 0.0153298 -7.85247e-19)
(0.0489983 0.00854522 -3.64572e-19)
(0.0781206 0.000990051 -4.92282e-19)
(0.109237 -0.00680086 1.39735e-19)
(0.141548 -0.014421 -3.82264e-19)
(0.174832 -0.0209304 8.17848e-19)
(0.206525 -0.0255799 1.89069e-19)
(-0.00761818 0.0113071 3.94257e-20)
(-0.00182473 0.0156561 4.30154e-19)
(0.0196891 0.0139628 8.22966e-19)
(0.0507692 0.00976734 2.43567e-19)
(0.0877055 0.00494782 6.99915e-19)
(0.127916 0.000467571 3.74346e-20)
(0.169386 -0.00347506 -6.17959e-22)
(0.210892 -0.0069412 2.63754e-19)
(0.252446 -0.00931959 2.10224e-19)
(0.29163 -0.0108918 -5.67055e-19)
(-0.00468478 0.00803966 -3.19818e-19)
(0.0104305 0.0081809 -4.7961e-19)
(0.0441853 0.005547 -6.71701e-19)
(0.0888545 0.00264472 1.51081e-20)
(0.139947 0.00101579 -3.21949e-19)
(0.194352 0.00162433 4.94608e-19)
(0.249487 0.0047965 -1.33208e-18)
(0.303391 0.0107276 5.86516e-19)
(0.355369 0.019977 2.17225e-19)
(0.402826 0.0286393 5.72022e-19)
(0.000500553 0.00375727 1.6008e-19)
(0.0284766 -0.00109516 -5.47842e-19)
(0.077474 -0.00468603 4.71065e-19)
(0.138589 -0.00604151 -1.76909e-19)
(0.206954 -0.00418949 1.86864e-19)
(0.279591 0.00179355 3.96878e-19)
(0.354649 0.0126406 -5.20857e-19)
(0.431698 0.0292752 6.6505e-20)
(0.511729 0.0510151 -2.40616e-19)
(0.597183 0.0681264 4.24003e-19)
(0.00820315 -0.00116309 2.28764e-19)
(0.0527051 -0.0113255 -4.96166e-19)
(0.119557 -0.0157537 6.51263e-19)
(0.198954 -0.0155963 -3.92609e-19)
(0.285657 -0.0110069 -1.39829e-19)
(0.376596 -0.0018483 8.06909e-20)
(0.469943 0.0117886 4.08097e-20)
(0.565109 0.0295938 5.43077e-19)
(0.661775 0.0489411 1.5364e-19)
(0.757675 0.0612115 5.74293e-19)
(0.0185308 -0.00615893 -2.03951e-19)
(0.0831542 -0.0211553 6.41004e-19)
(0.169954 -0.0256856 -5.15408e-19)
(0.268443 -0.0233867 -5.85278e-19)
(0.3729 -0.0157852 7.9519e-19)
(0.479812 -0.00367848 -5.8974e-19)
(0.586765 0.0120009 1.52233e-19)
(0.692186 0.0301465 -8.85011e-19)
(0.794324 0.0481481 6.51177e-19)
(0.889221 0.0606765 2.86857e-20)
(0.0314893 -0.0106017 -2.65488e-19)
(0.119623 -0.0290252 -2.29894e-19)
(0.227968 -0.0321883 -4.71519e-19)
(0.345631 -0.0264054 5.52689e-19)
(0.466445 -0.0146587 -2.71817e-20)
(0.586431 0.00134989 3.38789e-19)
(0.702635 0.0200182 6.04609e-19)
(0.812805 0.0398525 -1.82089e-19)
(0.914593 0.058807 -6.32802e-19)
(1.00402 0.0738725 1.1054e-18)
(0.0470079 -0.0138825 -1.37072e-19)
(0.161665 -0.0334316 -1.46417e-19)
(0.292589 -0.0331497 2.54155e-19)
(0.428849 -0.0221182 -4.57234e-19)
(0.564042 -0.00479717 7.57527e-20)
(0.693942 0.016257 6.58629e-20)
(0.815414 0.0388963 2.8254e-20)
(0.926101 0.0614172 -4.3687e-21)
(1.02382 0.0823416 -6.66679e-20)
(1.10523 0.100057 -9.35424e-19)
(0.0649268 -0.0154385 5.56569e-19)
(0.208546 -0.0330484 -3.47622e-19)
(0.362374 -0.0268554 4.27163e-21)
(0.515934 -0.00871472 -4.93997e-19)
(0.662936 0.0154688 -1.71995e-19)
(0.799285 0.0423638 1.56576e-19)
(0.922137 0.0693996 1.19158e-19)
(1.02959 0.0947862 -4.16147e-19)
(1.1202 0.11756 3.34504e-19)
(1.19163 0.136922 -3.85835e-19)
(0.0849651 -0.0147577 2.39997e-19)
(0.259195 -0.0267851 -1.91067e-19)
(0.435418 -0.0120859 7.64861e-19)
(0.604222 0.0148157 7.56453e-20)
(0.759916 0.0466872 1.68524e-19)
(0.899026 0.0795708 7.33313e-19)
(1.01952 0.110653 -1.09406e-19)
(1.12049 0.138228 9.83579e-20)
(1.20157 0.161871 4.01263e-20)
(1.26175 0.181277 -4.29527e-20)
(0.106691 -0.0113894 1.6755e-19)
(0.3122 -0.0138279 3.61116e-19)
(0.509403 0.0118437 -3.72888e-19)
(0.690688 0.0487053 -1.22383e-19)
(0.851563 0.0884431 -1.46898e-19)
(0.989739 0.126729 2.21695e-19)
(1.10452 0.160776 -1.12979e-19)
(1.19638 0.189205 2.98088e-19)
(1.26635 0.212225 9.88612e-20)
(1.31484 0.229888 -1.40768e-19)
(0.129508 -0.00496988 -1.80623e-19)
(0.365837 0.00631236 1.43828e-19)
(0.581715 0.045062 -2.95664e-19)
(0.772162 0.0924649 1.23476e-19)
(0.934557 0.13954 -1.24517e-19)
(1.06837 0.181968 -1.51679e-19)
(1.17469 0.217348 -1.1938e-19)
(1.25567 0.244914 1.3091e-19)
(1.31383 0.265638 -2.43214e-19)
(1.35099 0.279893 1.27959e-19)
(0.15266 0.00473994 -6.43515e-20)
(0.418138 0.0337446 -1.12844e-19)
(0.649597 0.0871268 5.17205e-20)
(0.845559 0.144952 3.04838e-21)
(1.00595 0.19817 4.03891e-20)
(1.13251 0.242967 5.41681e-20)
(1.22843 0.277735 4.92371e-20)
(1.29766 0.302613 -6.39655e-20)
(1.34416 0.319456 5.37675e-20)
(1.37107 0.328964 -7.29585e-20)
(0.175267 0.0178141 -3.72815e-20)
(0.466998 0.0681479 -1.25352e-20)
(0.710333 0.137027 4.81019e-20)
(0.9081 0.204455 -2.13723e-20)
(1.06337 0.26208 5.56016e-20)
(1.18052 0.307166 -7.00131e-20)
(1.265 0.33931 1.58285e-20)
(1.32251 0.359807 1.66563e-20)
(1.35826 0.371458 -6.94915e-21)
(1.37646 0.375311 2.25623e-20)
(0.196361 0.034126 -4.02314e-20)
(0.510302 0.108741 -1.63207e-19)
(0.761421 0.193211 -1.09643e-20)
(0.957493 0.268794 3.17744e-21)
(1.10515 0.328728 -1.92894e-19)
(1.2116 0.371941 2.47383e-20)
(1.28449 0.399602 -2.0667e-20)
(1.33108 0.414326 -4.92998e-20)
(1.35751 0.419861 1.01721e-19)
(1.36883 0.417597 -1.58955e-19)
(0.214951 0.0533237 -1.94951e-20)
(0.546065 0.154283 3.31003e-19)
(0.800741 0.25365 5.13156e-20)
(0.992062 0.335444 -2.71702e-19)
(1.1304 0.395426 -2.14672e-20)
(1.22573 0.434732 -2.48258e-19)
(1.28768 0.45637 1.78509e-19)
(1.32471 0.464337 -6.41025e-20)
(1.34363 0.463255 1.11982e-19)
(1.34999 0.454835 -7.06191e-20)
(0.230083 0.0748215 -1.22848e-19)
(0.572563 0.203105 1.05791e-19)
(0.826687 0.315932 -7.35202e-20)
(1.01083 0.401664 5.34678e-19)
(1.13896 0.459475 2.57214e-19)
(1.22358 0.493139 -5.84714e-20)
(1.27586 0.507643 1.93669e-19)
(1.30512 0.508319 -1.25311e-19)
(1.31848 0.500529 -3.49922e-20)
(1.32176 0.48627 1.93588e-19)
(0.24091 0.0978088 -2.13129e-19)
(0.58846 0.253179 2.43944e-19)
(0.838263 0.377382 -4.62284e-19)
(1.01352 0.464632 6.32484e-20)
(1.13139 0.51827 1.38322e-19)
(1.20638 0.544974 -2.04954e-19)
(1.25075 0.551714 -2.38531e-19)
(1.27425 0.545007 1.04007e-19)
(1.28402 0.530777 -1.24479e-19)
(1.28592 0.511287 1.29359e-19)
(0.246755 0.121276 -5.37838e-20)
(0.592893 0.302218 -2.48376e-19)
(0.835121 0.4352 1.31801e-19)
(1.00055 0.521581 2.17249e-19)
(1.10881 0.569389 -1.26253e-19)
(1.17581 0.588295 -9.30443e-20)
(1.21433 0.587115 -5.54996e-20)
(1.23413 0.573329 -2.69323e-20)
(1.24217 0.553213 3.67218e-21)
(1.24422 0.529313 5.29275e-20)
(0.247162 0.144063 4.0759e-20)
(0.58554 0.347797 -2.12379e-19)
(0.817571 0.486611 3.42128e-19)
(0.97295 0.569922 -1.95389e-19)
(1.07285 0.610675 5.68352e-20)
(1.13385 0.621427 -7.75529e-20)
(1.16873 0.612599 8.2003e-20)
(1.18687 0.592344 2.14006e-20)
(1.19486 0.567067 -1.73964e-20)
(1.19832 0.539672 2.93886e-20)
(0.241951 0.164917 -1.08082e-19)
(0.566648 0.387499 1.90358e-19)
(0.786538 0.529022 -7.37538e-21)
(0.93224 0.607366 -4.02133e-20)
(1.02544 0.640307 -9.76178e-20)
(1.08268 0.643005 1.35065e-20)
(1.1162 0.627169 1.36234e-20)
(1.13467 0.601301 -5.59025e-20)
(1.14423 0.571638 6.28194e-20)
(1.1503 0.541573 4.79196e-20)
(0.231244 0.182585 3.43662e-20)
(0.537029 0.419074 -4.5891e-20)
(0.743477 0.560165 5.50455e-21)
(0.880301 0.63201 2.40334e-20)
(0.968654 0.6568 1.93585e-20)
(1.02444 0.651881 -5.66018e-20)
(1.05895 0.629927 -1.25262e-19)
(1.07997 0.599479 -5.13581e-20)
(1.09321 0.566273 -6.53443e-20)
(1.10349 0.534373 4.32546e-20)
(0.21549 0.195911 5.32946e-20)
(0.498021 0.440613 -7.95214e-20)
(0.690269 0.578268 7.44139e-20)
(0.819177 0.642461 -1.41939e-19)
(0.904377 0.659027 3.27994e-20)
(0.960657 0.646896 2.26034e-19)
(0.998229 0.619288 -6.80375e-20)
(1.02409 0.584499 7.75546e-20)
(1.04358 0.547616 1.13197e-19)
(1.05977 0.514471 3.32713e-19)
(0.195461 0.203958 3.83652e-19)
(0.451452 0.450736 -2.31529e-19)
(0.629177 0.582284 5.46548e-19)
(0.751038 0.638214 -9.02239e-20)
(0.834202 0.646931 4.42772e-19)
(0.891885 0.628081 2.70633e-19)
(0.933135 0.594634 -6.20571e-19)
(0.964329 0.553691 9.25889e-19)
(0.990103 0.507602 -1.93068e-19)
(1.00727 0.460183 3.41609e-19)
(0.17222 0.206075 -2.12412e-19)
(0.399591 0.448643 -1.37082e-19)
(0.562925 0.571901 1.2952e-19)
(0.67856 0.619748 -3.04369e-19)
(0.760336 0.62215 -9.23552e-19)
(0.819388 0.599002 -3.62909e-19)
(0.863373 0.563079 -3.18293e-19)
(0.897728 0.521554 1.5225e-19)
(0.925687 0.477894 1.23903e-18)
(0.943545 0.436754 -2.31558e-19)
(0.14703 0.201888 1.13479e-19)
(0.345029 0.433983 -4.12512e-19)
(0.494659 0.547097 8.69681e-20)
(0.605174 0.587362 -6.12625e-19)
(0.686604 0.585135 1.30041e-18)
(0.747847 0.559937 -1.47482e-19)
(0.795123 0.523987 6.75845e-19)
(0.832897 0.484097 -9.47454e-19)
(0.863786 0.443734 2.92533e-19)
(0.885399 0.406968 4.09746e-20)
(0.121227 0.19129 8.38242e-20)
(0.290394 0.406829 4.54287e-19)
(0.427437 0.508169 -1.28642e-18)
(0.533988 0.541423 6.04408e-19)
(0.616068 0.536085 -1.35588e-21)
(0.680329 0.510628 -1.92993e-19)
(0.731628 0.476361 2.38167e-19)
(0.773603 0.439503 -2.31156e-19)
(0.808509 0.40318 -7.79016e-19)
(0.834837 0.370491 -1.92595e-19)
(0.0961383 0.174437 2.75646e-19)
(0.238208 0.3677 2.76613e-19)
(0.364089 0.455843 1.09805e-18)
(0.467731 0.482675 -5.90768e-19)
(0.551175 0.475589 1.18185e-18)
(0.618915 0.45137 -2.47845e-19)
(0.674547 0.420093 -2.55678e-19)
(0.720987 0.387212 2.96328e-19)
(0.760198 0.355393 1.89495e-19)
(0.791319 0.326867 6.18727e-19)
(0.0730222 0.151746 -2.80454e-19)
(0.190797 0.317553 8.21134e-20)
(0.307157 0.391295 2.15194e-20)
(0.408776 0.412282 6.0307e-19)
(0.493975 0.404664 -1.46101e-18)
(0.565267 0.382975 2.42038e-19)
(0.62513 0.355793 5.21284e-19)
(0.675849 0.327692 -6.17395e-19)
(0.719145 0.30083 2.13413e-19)
(0.754723 0.276735 -8.93005e-19)
(0.0530171 0.12388 5.98278e-20)
(0.150216 0.257757 2.88478e-19)
(0.25884 0.316114 1.0789e-19)
(0.359132 0.331794 1.41472e-19)
(0.446158 0.324696 2.62842e-19)
(0.520727 0.30663 7.61747e-19)
(0.584371 0.284474 -9.1112e-19)
(0.63885 0.261844 -5.02483e-19)
(0.685696 0.240391 8.17739e-20)
(0.725131 0.221102 5.79803e-19)
(0.0370984 0.0917257 -3.61944e-19)
(0.118192 0.190044 -3.83803e-20)
(0.220956 0.232259 -3.09945e-19)
(0.320436 0.243095 4.2724e-20)
(0.409087 0.237378 -2.48813e-19)
(0.486369 0.223818 -2.76725e-19)
(0.553074 0.207436 -4.02869e-19)
(0.610555 0.190845 1.06311e-18)
(0.660215 0.175204 1.79934e-19)
(0.70271 0.161102 -2.47426e-19)
(0.026038 0.0563619 1.95147e-19)
(0.0960719 0.116445 2.30615e-19)
(0.194905 0.141986 8.7234e-20)
(0.293935 0.148336 -4.55665e-19)
(0.383793 0.144641 -2.05827e-19)
(0.463004 0.136238 -4.31959e-20)
(0.531855 0.126183 8.23918e-20)
(0.591422 0.116054 6.48368e-20)
(0.643026 0.106537 -4.91773e-19)
(0.687641 0.0979384 2.54624e-19)
(0.0203709 0.0190114 -1.01641e-19)
(0.0847771 0.039223 -1.03384e-19)
(0.181639 0.0477714 7.92197e-20)
(0.280472 0.0498621 6.79727e-20)
(0.370971 0.0485859 6.76129e-20)
(0.451184 0.0457402 1.00673e-19)
(0.521139 0.0423503 -5.2042e-21)
(0.581772 0.0389445 -1.26358e-19)
(0.634368 0.0357499 1.17797e-19)
(0.680068 0.0328598 -1.59877e-19)
(0.0203709 -0.0190115 -1.02303e-19)
(0.0847771 -0.0392232 -9.85072e-20)
(0.181639 -0.0477717 8.73056e-20)
(0.280472 -0.0498624 1.65171e-19)
(0.370971 -0.0485862 1.06771e-19)
(0.451184 -0.0457405 -1.3703e-19)
(0.521139 -0.0423506 -7.26926e-20)
(0.581772 -0.0389447 3.10965e-20)
(0.634368 -0.0357501 6.85696e-20)
(0.680068 -0.03286 -3.68307e-20)
(0.026038 -0.056362 2.44083e-19)
(0.0960719 -0.116446 -2.77301e-19)
(0.194905 -0.141986 -2.21237e-20)
(0.293935 -0.148336 1.42828e-19)
(0.383793 -0.144641 -6.26472e-19)
(0.463005 -0.136239 2.60675e-19)
(0.531855 -0.126183 2.62785e-19)
(0.591422 -0.116054 -3.03899e-19)
(0.643026 -0.106538 2.84972e-19)
(0.687641 -0.0979387 -1.12926e-19)
(0.0370984 -0.0917258 -4.22072e-20)
(0.118193 -0.190044 -4.76146e-21)
(0.220956 -0.232259 -7.19964e-19)
(0.320436 -0.243095 -2.21162e-19)
(0.409087 -0.237378 -2.24026e-20)
(0.486369 -0.223818 -3.43986e-19)
(0.553074 -0.207436 6.26158e-19)
(0.610555 -0.190845 -2.16643e-20)
(0.660215 -0.175204 3.43918e-19)
(0.70271 -0.161102 -2.72458e-19)
(0.0530171 -0.12388 7.12339e-20)
(0.150216 -0.257758 -2.94442e-19)
(0.25884 -0.316114 8.72121e-19)
(0.359132 -0.331795 1.19381e-19)
(0.446158 -0.324696 5.6887e-19)
(0.520728 -0.30663 -5.41372e-19)
(0.584372 -0.284474 5.55281e-19)
(0.63885 -0.261844 -3.92408e-19)
(0.685696 -0.240392 -1.69383e-19)
(0.725131 -0.221102 1.29406e-19)
(0.0730222 -0.151746 6.34965e-19)
(0.190797 -0.317553 1.5001e-21)
(0.307157 -0.391295 -9.17661e-19)
(0.408776 -0.412283 -2.57178e-19)
(0.493975 -0.404664 8.29464e-19)
(0.565267 -0.382975 -4.73201e-19)
(0.625131 -0.355794 -5.3529e-19)
(0.675849 -0.327692 4.71975e-19)
(0.719145 -0.30083 -3.15352e-19)
(0.754723 -0.276735 -6.12575e-20)
(0.0961384 -0.174437 -9.48551e-20)
(0.238208 -0.3677 -3.89294e-21)
(0.364089 -0.455843 9.93994e-19)
(0.467731 -0.482675 5.51022e-19)
(0.551176 -0.475589 -6.30538e-19)
(0.618915 -0.45137 7.44022e-19)
(0.674548 -0.420093 -7.88079e-19)
(0.720987 -0.387213 7.71152e-20)
(0.760198 -0.355393 2.2626e-19)
(0.791319 -0.326867 4.7e-19)
(0.121227 -0.19129 1.07924e-19)
(0.290394 -0.406829 1.55059e-19)
(0.427437 -0.508169 1.61721e-19)
(0.533988 -0.541423 -5.06541e-19)
(0.616068 -0.536086 -8.7491e-19)
(0.680329 -0.510628 1.79593e-19)
(0.731629 -0.476361 5.08833e-19)
(0.773603 -0.439503 -1.42593e-19)
(0.808509 -0.40318 8.41141e-19)
(0.834837 -0.370491 -7.38615e-19)
(0.14703 -0.201888 -6.10139e-19)
(0.345029 -0.433983 2.08076e-19)
(0.494659 -0.547097 -5.44022e-19)
(0.605174 -0.587362 8.49803e-19)
(0.686604 -0.585136 4.1265e-19)
(0.747848 -0.559937 5.67597e-19)
(0.795123 -0.523987 -1.27709e-19)
(0.832897 -0.484097 4.96125e-19)
(0.863786 -0.443735 -1.03099e-18)
(0.885399 -0.406968 -2.41721e-19)
(0.17222 -0.206075 3.71806e-20)
(0.399591 -0.448643 -3.64494e-19)
(0.562925 -0.571901 -5.5749e-19)
(0.678561 -0.619748 -2.30151e-19)
(0.760336 -0.62215 -6.30582e-19)
(0.819388 -0.599002 -6.32102e-20)
(0.863373 -0.56308 5.34131e-20)
(0.897728 -0.521555 -2.29394e-19)
(0.925687 -0.477894 -2.51996e-19)
(0.943545 -0.436755 5.98039e-19)
(0.195461 -0.203958 1.90136e-19)
(0.451452 -0.450736 2.35355e-19)
(0.629178 -0.582284 4.08271e-19)
(0.751038 -0.638214 1.83187e-20)
(0.834203 -0.646931 2.57538e-19)
(0.891885 -0.628081 -3.4179e-19)
(0.933135 -0.594635 1.02251e-18)
(0.96433 -0.553691 -4.41823e-19)
(0.990103 -0.507602 -2.13697e-19)
(1.00727 -0.460183 -5.79823e-19)
(0.21549 -0.195911 -7.40837e-20)
(0.498021 -0.440613 1.10931e-19)
(0.69027 -0.578268 -1.10544e-19)
(0.819177 -0.642462 5.89371e-20)
(0.904378 -0.659027 -6.79535e-20)
(0.960657 -0.646896 -1.70928e-19)
(0.99823 -0.619288 2.19471e-19)
(1.02409 -0.584499 -7.25946e-20)
(1.04358 -0.547616 1.07153e-19)
(1.05977 -0.514472 -1.89057e-19)
(0.231244 -0.182585 7.7347e-23)
(0.537029 -0.419074 -6.60003e-20)
(0.743477 -0.560165 2.45949e-20)
(0.880302 -0.63201 6.18739e-20)
(0.968654 -0.6568 -3.41021e-20)
(1.02444 -0.651882 9.91941e-21)
(1.05895 -0.629927 -6.87676e-21)
(1.07997 -0.599479 -1.56389e-19)
(1.09321 -0.566273 -7.34484e-20)
(1.10349 -0.534373 -1.83864e-19)
(0.241951 -0.164917 -6.01716e-20)
(0.566648 -0.3875 1.90756e-19)
(0.786538 -0.529022 -1.17288e-19)
(0.93224 -0.607366 -5.00336e-20)
(1.02544 -0.640307 3.37388e-20)
(1.08268 -0.643005 1.93972e-20)
(1.1162 -0.62717 3.23552e-22)
(1.13467 -0.601301 1.07992e-19)
(1.14423 -0.571638 -9.4062e-20)
(1.1503 -0.541573 -5.32618e-22)
(0.247162 -0.144063 -1.43586e-19)
(0.58554 -0.347797 -8.23558e-20)
(0.817572 -0.486611 -1.95665e-19)
(0.97295 -0.569922 2.15932e-19)
(1.07285 -0.610675 -1.51985e-20)
(1.13385 -0.621427 7.04948e-20)
(1.16873 -0.612599 8.34794e-20)
(1.18687 -0.592344 -2.89686e-20)
(1.19486 -0.567067 6.88792e-21)
(1.19832 -0.539672 -3.00042e-20)
(0.246755 -0.121276 -9.68013e-20)
(0.592893 -0.302218 -1.11234e-19)
(0.835121 -0.4352 1.62553e-19)
(1.00055 -0.521581 -2.38217e-19)
(1.10881 -0.569389 4.04866e-20)
(1.17581 -0.588295 2.06414e-20)
(1.21433 -0.587116 4.22661e-20)
(1.23413 -0.573329 -2.66428e-20)
(1.24217 -0.553213 -3.31345e-20)
(1.24422 -0.529313 -1.08872e-19)
(0.24091 -0.0978088 4.03524e-19)
(0.58846 -0.253179 -2.82031e-19)
(0.838263 -0.377382 1.24852e-20)
(1.01352 -0.464632 -3.38841e-19)
(1.13139 -0.51827 -9.65037e-20)
(1.20638 -0.544974 7.55535e-20)
(1.25075 -0.551714 5.46126e-20)
(1.27425 -0.545007 -1.79079e-19)
(1.28402 -0.530777 8.12892e-20)
(1.28592 -0.511287 -1.20341e-19)
(0.230083 -0.0748215 1.995e-19)
(0.572563 -0.203105 -1.76609e-19)
(0.826688 -0.315932 6.1258e-19)
(1.01083 -0.401664 4.77543e-20)
(1.13896 -0.459475 1.30769e-19)
(1.22358 -0.493139 4.58719e-19)
(1.27586 -0.507643 -9.21359e-20)
(1.30512 -0.508319 2.41277e-20)
(1.31848 -0.500529 -1.12008e-20)
(1.32176 -0.48627 -1.92087e-20)
(0.214951 -0.0533237 1.5344e-19)
(0.546065 -0.154283 3.12918e-19)
(0.800741 -0.25365 -3.07814e-19)
(0.992062 -0.335444 -9.09417e-20)
(1.1304 -0.395426 -9.4004e-20)
(1.22573 -0.434732 1.79016e-19)
(1.28768 -0.45637 -8.30695e-20)
(1.32471 -0.464337 1.93008e-19)
(1.34363 -0.463256 4.66846e-20)
(1.34999 -0.454835 -6.9383e-20)
(0.196361 -0.034126 -1.65811e-19)
(0.510303 -0.108741 1.3779e-19)
(0.761421 -0.193211 -2.72702e-19)
(0.957493 -0.268794 1.10611e-19)
(1.10515 -0.328728 -1.07826e-19)
(1.21161 -0.371941 -1.25324e-19)
(1.28449 -0.399602 -9.5467e-20)
(1.33108 -0.414326 1.03435e-19)
(1.35751 -0.419861 -1.7788e-19)
(1.36883 -0.417598 9.62542e-20)
(0.175267 -0.0178141 -6.20519e-20)
(0.466998 -0.0681479 -1.09165e-19)
(0.710333 -0.137027 4.94356e-20)
(0.908101 -0.204455 3.48556e-21)
(1.06337 -0.26208 3.7062e-20)
(1.18052 -0.307166 5.18807e-20)
(1.265 -0.33931 4.34335e-20)
(1.32251 -0.359807 -5.7539e-20)
(1.35826 -0.371458 4.6415e-20)
(1.37646 -0.375311 -6.32003e-20)
(0.15266 -0.00473994 -3.91006e-20)
(0.418138 -0.0337446 -1.41119e-20)
(0.649597 -0.0871268 5.07392e-20)
(0.845559 -0.144952 -2.21011e-20)
(1.00595 -0.19817 6.03031e-20)
(1.13251 -0.242967 -7.43595e-20)
(1.22843 -0.277735 1.86034e-20)
(1.29766 -0.302613 1.57263e-20)
(1.34416 -0.319456 -5.63499e-21)
(1.37107 -0.328965 2.21335e-20)
(0.129508 0.00496989 -4.68696e-20)
(0.365837 -0.00631235 -1.78205e-19)
(0.581715 -0.045062 -1.38696e-20)
(0.772162 -0.0924649 5.35497e-21)
(0.934557 -0.13954 -2.24228e-19)
(1.06837 -0.181968 2.30729e-20)
(1.17469 -0.217348 -2.38902e-20)
(1.25567 -0.244914 -6.39644e-20)
(1.31383 -0.265638 1.39579e-19)
(1.351 -0.279893 -2.21219e-19)
(0.106691 0.0113894 -2.65935e-20)
(0.3122 0.0138279 3.82379e-19)
(0.509403 -0.0118437 4.92195e-20)
(0.690688 -0.0487053 -3.21855e-19)
(0.851563 -0.0884431 -3.73072e-20)
(0.98974 -0.126729 -3.44428e-19)
(1.10452 -0.160776 2.62092e-19)
(1.19638 -0.189205 -1.04584e-19)
(1.26635 -0.212225 1.94658e-19)
(1.31484 -0.229888 -1.50539e-19)
(0.0849652 0.0147577 -1.505e-19)
(0.259195 0.0267851 1.57189e-19)
(0.435418 0.0120859 -1.05764e-19)
(0.604222 -0.0148157 7.0685e-19)
(0.759916 -0.0466872 3.63845e-19)
(0.899026 -0.0795708 -9.2984e-20)
(1.01953 -0.110653 3.53517e-19)
(1.12049 -0.138228 -2.26897e-19)
(1.20157 -0.161871 -7.21525e-20)
(1.26175 -0.181277 4.5518e-19)
(0.0649269 0.0154385 -2.78463e-19)
(0.208546 0.0330484 3.72392e-19)
(0.362374 0.0268554 -6.80434e-19)
(0.515935 0.00871475 1.13983e-19)
(0.662937 -0.0154688 2.76481e-19)
(0.799285 -0.0423638 -3.38396e-19)
(0.922137 -0.0693996 -5.86886e-19)
(1.02959 -0.0947862 3.08435e-19)
(1.1202 -0.11756 -3.94685e-19)
(1.19163 -0.136922 5.55203e-19)
(0.0470079 0.0138825 -6.87987e-20)
(0.161666 0.0334316 -3.75024e-19)
(0.292589 0.0331497 1.78107e-19)
(0.428849 0.0221183 4.31912e-19)
(0.564043 0.0047972 -2.25218e-19)
(0.693942 -0.016257 -2.16918e-19)
(0.815415 -0.0388963 -3.60037e-19)
(0.926101 -0.0614172 -1.61839e-19)
(1.02382 -0.0823417 -3.82776e-20)
(1.10523 -0.100057 5.55208e-19)
(0.0314893 0.0106017 1.15799e-19)
(0.119623 0.0290252 -5.09959e-19)
(0.227968 0.0321884 8.40297e-19)
(0.345631 0.0264054 -4.52424e-19)
(0.466445 0.0146587 2.85231e-19)
(0.586431 -0.00134987 -3.45895e-19)
(0.702635 -0.0200182 3.76715e-19)
(0.812805 -0.0398525 3.22661e-19)
(0.914593 -0.058807 6.92485e-19)
(1.00402 -0.0738726 -1.0073e-18)
(0.0185308 0.00615894 -3.59755e-19)
(0.0831543 0.0211553 6.47305e-19)
(0.169954 0.0256856 8.47587e-21)
(0.268443 0.0233867 -2.17095e-19)
(0.3729 0.0157852 -1.11751e-19)
(0.479813 0.00367849 8.74444e-20)
(0.586765 -0.0120009 -6.0689e-19)
(0.692187 -0.0301466 4.59548e-19)
(0.794324 -0.0481481 -5.81906e-19)
(0.889222 -0.0606766 -2.33236e-19)
(0.00820317 0.0011631 6.19775e-19)
(0.0527052 0.0113256 -1.73017e-19)
(0.119557 0.0157538 -3.13009e-19)
(0.198954 0.0155963 8.22223e-19)
(0.285657 0.0110069 -7.84758e-19)
(0.376596 0.00184829 4.27621e-19)
(0.469943 -0.0117886 4.4553e-19)
(0.565109 -0.0295939 1.19527e-19)
(0.661775 -0.0489412 1.22e-19)
(0.757675 -0.0612116 -1.51686e-19)
(0.000500565 -0.00375727 -5.93217e-19)
(0.0284767 0.00109518 5.05022e-19)
(0.0774741 0.00468604 -4.30363e-19)
(0.138589 0.00604151 5.22646e-19)
(0.206954 0.00418946 -1.51594e-19)
(0.279592 -0.00179359 -5.13886e-19)
(0.354649 -0.0126407 1.44007e-19)
(0.431698 -0.0292753 -2.32797e-19)
(0.511729 -0.0510152 -2.70584e-19)
(0.597183 -0.0681265 -7.35475e-19)
(-0.00468477 -0.00803965 -7.42215e-19)
(0.0104306 -0.00818091 5.28176e-19)
(0.0441854 -0.00554702 -9.96762e-19)
(0.0888546 -0.00264476 1.72457e-19)
(0.139947 -0.00101586 -6.49175e-19)
(0.194352 -0.00162443 -3.79798e-19)
(0.249487 -0.00479663 8.88919e-19)
(0.303392 -0.0107278 -1.19194e-18)
(0.355369 -0.0199772 2.25622e-19)
(0.402826 -0.0286396 -3.12764e-19)
(-0.00761818 -0.0113072 3.65765e-19)
(-0.00182472 -0.0156562 1.38855e-19)
(0.0196891 -0.0139628 -4.00122e-20)
(0.0507693 -0.00976743 3.66579e-19)
(0.0877056 -0.00494795 1.04611e-18)
(0.127916 -0.000467747 3.52177e-19)
(0.169387 0.00347484 3.55971e-19)
(0.210892 0.00694094 -1.2055e-19)
(0.252446 0.00931929 -1.10816e-18)
(0.29163 0.0108915 2.33662e-19)
(-0.00873732 -0.0133899 -1.03499e-19)
(-0.0091612 -0.0209261 2.94806e-19)
(0.00298675 -0.0201804 -7.43678e-20)
(0.0233029 -0.0153299 5.07678e-19)
(0.0489984 -0.00854543 -1.13979e-18)
(0.0781207 -0.000990313 9.44851e-20)
(0.109237 0.00680055 -5.17316e-19)
(0.141548 0.0144206 7.46963e-19)
(0.174833 0.02093 -2.14277e-19)
(0.206525 0.0255794 -2.53209e-20)
(-0.00855552 -0.014276 -7.04112e-20)
(-0.0127084 -0.0238698 -3.54512e-19)
(-0.00745132 -0.0240293 8.58813e-19)
(0.00452689 -0.0191951 -4.37725e-19)
(0.0213246 -0.0117358 2.97522e-20)
(0.041526 -0.00303173 1.32954e-19)
(0.0640871 0.00604151 -1.19099e-19)
(0.0883721 0.0146876 1.51486e-19)
(0.113936 0.0218136 5.16337e-19)
(0.138637 0.0265891 1.10973e-19)
(-0.0075625 -0.0140523 -1.58223e-19)
(-0.0136071 -0.0245533 -1.57505e-19)
(-0.0132321 -0.025466 -6.72721e-19)
(-0.00757503 -0.0211428 3.46502e-19)
(0.00226095 -0.013983 -6.94095e-19)
(0.0153096 -0.00546468 1.53605e-19)
(0.0308075 0.00337611 1.68894e-19)
(0.0482032 0.0116237 -1.7522e-19)
(0.06696 0.0182685 -1.11433e-19)
(0.0854715 0.0225689 -4.08819e-19)
(-0.00617415 -0.0128583 1.23799e-19)
(-0.0128785 -0.0231693 -2.60862e-20)
(-0.0158375 -0.0245774 4.46142e-22)
(-0.0148729 -0.0210412 -3.12924e-19)
(-0.0104072 -0.014806 7.69063e-19)
(-0.00303765 -0.00729851 -1.16904e-19)
(0.00668735 0.000452107 -2.85305e-19)
(0.0182854 0.00758578 3.42274e-19)
(0.0312106 0.0132819 -1.18223e-19)
(0.0443233 0.0169345 5.31563e-19)
(-0.00471721 -0.0108564 -2.32537e-20)
(-0.0113625 -0.0199945 -1.21914e-19)
(-0.0165137 -0.0215748 -4.63081e-20)
(-0.0189418 -0.0189163 -5.72113e-20)
(-0.0185203 -0.0139421 -1.19376e-19)
(-0.0155513 -0.00789425 -3.65378e-19)
(-0.0104117 -0.00167261 4.46782e-19)
(-0.00351449 0.00400799 2.55897e-19)
(0.00462481 0.00853362 -4.49997e-20)
(0.0132227 0.011443 -3.24949e-19)
(-0.00343309 -0.00821746 1.32103e-19)
(-0.00970188 -0.0153643 2.06109e-20)
(-0.0162274 -0.0167852 1.34394e-19)
(-0.0209995 -0.0149756 -1.49111e-20)
(-0.0234785 -0.0114023 1.14869e-19)
(-0.0237429 -0.00702032 1.26318e-19)
(-0.0220361 -0.00251936 1.85185e-19)
(-0.0187062 0.00157344 -5.14146e-19)
(-0.014229 0.00483754 -9.3251e-20)
(-0.00913847 0.00695004 1.3512e-19)
(-0.00248961 -0.00511727 -6.67348e-20)
(-0.00835387 -0.00965919 -8.48092e-20)
(-0.0156707 -0.010638 -3.92314e-20)
(-0.0219144 -0.00959953 1.8559e-19)
(-0.0262693 -0.0074605 8.7456e-20)
(-0.0286626 -0.00481987 1.74801e-20)
(-0.0292446 -0.00210825 -3.70357e-20)
(-0.028314 0.000353365 -2.81674e-20)
(-0.0263131 0.00232069 2.37539e-19)
(-0.0236199 0.00360255 -1.30573e-19)
(-0.00199235 -0.00173712 3.40264e-20)
(-0.00760937 -0.00329405 3.78489e-20)
(-0.0152853 -0.00364233 -3.10487e-20)
(-0.0222385 -0.00330527 -2.74553e-20)
(-0.0275151 -0.0025944 -2.76379e-20)
(-0.0309658 -0.00171357 -4.29792e-20)
(-0.032693 -0.000808953 1.34353e-21)
(-0.0329684 1.18481e-05 5.71304e-20)
(-0.0322162 0.000668804 -5.63607e-20)
(-0.0307397 0.0010986 8.27081e-20)
(-0.0062095 -0.00269847 3.9171e-21)
(0.0669837 -0.00679532 2.44024e-21)
(0.286823 -0.00694699 3.51351e-22)
(0.393043 -0.00474853 -2.38743e-22)
(0.505969 -0.00420596 -1.77356e-23)
(0.594562 -0.00329166 4.28391e-23)
(0.66377 -0.00301177 3.62768e-23)
(0.74171 -0.00228593 -1.74949e-24)
(0.775952 -0.00232602 -2.47265e-24)
(0.858668 -0.00165276 1.19118e-22)
(0.0107598 -0.00840082 6.16945e-21)
(0.08244 -0.0202234 2.23723e-22)
(0.298492 -0.0206883 -4.46906e-21)
(0.401989 -0.0141427 3.81634e-21)
(0.512793 -0.0125322 2.49399e-22)
(0.599826 -0.00980999 -1.69526e-22)
(0.667937 -0.00898159 1.5953e-22)
(0.744739 -0.00681888 -8.85875e-24)
(0.778445 -0.00694809 -6.41913e-23)
(0.860126 -0.00494247 -1.08406e-22)
(0.0443844 -0.0149921 6.46322e-21)
(0.112854 -0.0331656 -8.8152e-21)
(0.321374 -0.033963 4.55745e-21)
(0.41954 -0.0232233 -3.21697e-21)
(0.52618 -0.0206113 2.35593e-22)
(0.610165 -0.0161536 -1.81962e-22)
(0.676129 -0.0148064 -5.38102e-23)
(0.750705 -0.0112462 -1.33475e-23)
(0.783361 -0.0114732 4.75337e-23)
(0.863006 -0.00816953 -1.56947e-22)
(0.0940254 -0.0229526 -9.95993e-21)
(0.157255 -0.0453188 -1.22107e-20)
(0.35459 -0.0464806 -5.87822e-21)
(0.445034 -0.0317984 3.28397e-21)
(0.54563 -0.0282913 -4.15911e-21)
(0.625214 -0.0222147 1.12871e-21)
(0.688076 -0.0203962 -4.54023e-23)
(0.759429 -0.0155022 -1.64638e-23)
(0.790567 -0.0158402 4.1375e-23)
(0.867241 -0.0112942 5.93317e-23)
(0.1587 -0.0325547 2.81279e-20)
(0.214255 -0.0563922 1.82422e-20)
(0.396887 -0.0579724 6.72544e-21)
(0.477533 -0.039698 -6.59547e-21)
(0.570432 -0.0354373 3.45684e-21)
(0.644455 -0.027898 9.44947e-22)
(0.703389 -0.0256708 5.3891e-22)
(0.770653 -0.0195282 -8.33899e-24)
(0.799872 -0.0199931 -1.20659e-22)
(0.872734 -0.0142797 -3.07729e-22)
(0.237066 -0.0437322 -1.27168e-20)
(0.28211 -0.0660719 9.55916e-21)
(0.446714 -0.068182 1.2115e-21)
(0.515875 -0.0467723 7.55179e-21)
(0.599714 -0.0419333 -1.73384e-21)
(0.667249 -0.0331223 -1.12613e-21)
(0.721589 -0.0305617 -5.61751e-22)
(0.784059 -0.0232738 7.09652e-23)
(0.811033 -0.0238826 3.61554e-23)
(0.87936 -0.0170934 3.43136e-22)
(0.327428 -0.0562079 -9.80435e-21)
(0.35878 -0.0740919 -2.60873e-20)
(0.502309 -0.0769023 -4.60555e-21)
(0.558751 -0.0528989 -4.16641e-21)
(0.632494 -0.0476877 2.09959e-21)
(0.692872 -0.0378229 -5.54239e-22)
(0.74213 -0.0350137 7.08274e-22)
(0.799277 -0.0266986 4.53305e-23)
(0.823773 -0.0274678 1.29503e-23)
(0.886973 -0.0197066 1.30349e-22)
(0.427788 -0.0701517 2.92917e-20)
(0.44201 -0.0806984 6.74744e-21)
(0.561795 -0.0841872 1.91326e-20)
(0.604775 -0.058069 -1.15168e-20)
(0.667734 -0.0526712 3.65218e-21)
(0.720559 -0.0419669 -2.56583e-21)
(0.76443 -0.038994 -9.46061e-22)
(0.815911 -0.0297733 1.22024e-23)
(0.837786 -0.0307191 4.82731e-23)
(0.895411 -0.0220937 1.84382e-22)
(0.535851 -0.0852036 -3.80288e-20)
(0.529411 -0.0867568 -6.01691e-21)
(0.623296 -0.0904118 -1.62443e-20)
(0.652573 -0.0624924 1.41213e-20)
(0.704409 -0.0569537 -4.67611e-21)
(0.749541 -0.0455814 2.07598e-21)
(0.7879 -0.0425035 1.109e-21)
(0.833554 -0.032489 -1.24962e-22)
(0.852757 -0.0336179 1.19359e-23)
(0.904501 -0.0242366 -4.17661e-22)
(0.649019 -0.0933778 -2.17938e-20)
(0.618465 -0.0902926 -2.46591e-20)
(0.68504 -0.0947903 3.85821e-21)
(0.700857 -0.066091 -5.79588e-21)
(0.741554 -0.0604753 -5.65223e-21)
(0.779089 -0.048675 -1.27941e-21)
(0.811972 -0.045539 2.60048e-22)
(0.851806 -0.0348595 -8.56597e-23)
(0.868369 -0.0361372 2.95105e-23)
(0.914068 -0.0261476 1.35963e-22)
(1.0315 -0.0616007 0)
(0.913264 -0.0755209 0)
(0.893088 -0.0953887 0)
(0.868405 -0.0726048 0)
(0.873253 -0.0688269 0)
(0.885859 -0.0574221 0)
(0.900039 -0.0545734 0)
(0.919148 -0.0422594 0)
(0.926043 -0.0437057 0)
(0.949274 -0.0323042 0)
(1.30545 -0.00147836 0)
(1.20572 -0.0278927 0)
(1.14101 -0.0552506 0)
(1.09007 -0.0566377 0)
(1.06105 -0.0588761 0)
(1.04365 -0.0540759 0)
(1.03412 -0.0531889 0)
(1.02494 -0.0427798 0)
(1.01866 -0.0425055 0)
(1.00803 -0.0335742 0)
(1.30366 0.0521443 0)
(1.25746 0.0022984 0)
(1.20774 -0.0291965 0)
(1.16695 -0.039134 0)
(1.138 -0.0446375 0)
(1.11492 -0.0440651 0)
(1.09952 -0.0446261 0)
(1.07954 -0.0364768 0)
(1.06974 -0.034291 0)
(1.04292 -0.0281943 0)
(1.24259 0.0465512 0)
(1.22512 0.000675756 0)
(1.19347 -0.0226297 0)
(1.16566 -0.0299046 0)
(1.1442 -0.0345216 0)
(1.12394 -0.0353429 0)
(1.11017 -0.0359501 0)
(1.08943 -0.0293583 0)
(1.08125 -0.0251929 0)
(1.05265 -0.0210129 0)
(1.17724 0.0409809 0)
(1.17524 0.00139914 0)
(1.15676 -0.0162838 0)
(1.13806 -0.021547 0)
(1.12288 -0.0258443 0)
(1.10626 -0.0277778 0)
(1.09508 -0.028307 0)
(1.07677 -0.0230569 0)
(1.07085 -0.017608 0)
(1.04714 -0.0145349 0)
(1.1287 0.0320501 0)
(1.13342 0.00204516 0)
(1.12269 -0.0113547 0)
(1.10906 -0.0153998 0)
(1.09756 -0.0193321 0)
(1.08338 -0.0217249 0)
(1.07379 -0.022019 0)
(1.05807 -0.0178463 0)
(1.05352 -0.0120189 0)
(1.03609 -0.00956756 0)
(1.09505 0.0244403 0)
(1.10281 0.00270191 0)
(1.09688 -0.00767327 0)
(1.08626 -0.0109877 0)
(1.07676 -0.0142906 0)
(1.06391 -0.0165438 0)
(1.055 -0.016596 0)
(1.04127 -0.0133717 0)
(1.03724 -0.00802564 0)
(1.02513 -0.00604288 0)
(1.07347 0.0168356 0)
(1.08229 0.00238529 0)
(1.07935 -0.00506805 0)
(1.07063 -0.00753044 0)
(1.06218 -0.00992972 0)
(1.04999 -0.0116867 0)
(1.04123 -0.0116151 0)
(1.02886 -0.00931876 0)
(1.02494 -0.00510201 0)
(1.0166 -0.00361258 0)
(1.06057 0.00990711 0)
(1.06974 0.00160272 0)
(1.06862 -0.00291493 0)
(1.06113 -0.00441368 0)
(1.05323 -0.00583332 0)
(1.04132 -0.00694582 0)
(1.03255 -0.00687274 0)
(1.02101 -0.00550931 0)
(1.01706 -0.00282882 0)
(1.01103 -0.0019042 0)
(1.05458 0.00324695 0)
(1.06381 0.000545379 0)
(1.06356 -0.000962149 0)
(1.05669 -0.00145605 0)
(1.04902 -0.00191768 0)
(1.0372 -0.00229978 0)
(1.02839 -0.00227352 0)
(1.01727 -0.00182474 0)
(1.01328 -0.000905434 0)
(1.00833 -0.000593214 0)
(1.41116 0.306428 4.02492e-21)
(1.42319 0.285696 1.42376e-20)
(1.42868 0.262374 -3.06637e-20)
(1.42652 0.236716 -9.71093e-21)
(1.41575 0.209265 6.61173e-20)
(1.39559 0.180932 6.02175e-20)
(1.36562 0.153024 -1.21483e-19)
(1.32577 0.127206 9.36546e-21)
(1.27619 0.105322 -3.58511e-20)
(1.19856 0.0865727 -1.68567e-19)
(1.27631 0.198126 -3.4071e-22)
(1.28877 0.188351 1.22122e-20)
(1.30011 0.177642 -1.11985e-20)
(1.30997 0.165902 2.34856e-20)
(1.31794 0.153037 -3.44441e-20)
(1.32353 0.13898 -9.74211e-21)
(1.32628 0.123735 5.33095e-20)
(1.32571 0.107421 -4.49518e-20)
(1.32192 0.0903288 -3.63392e-20)
(1.30821 0.0714462 8.82139e-21)
(1.1953 0.150637 -2.22174e-21)
(1.20579 0.148022 4.3461e-21)
(1.21641 0.145278 -5.72485e-21)
(1.22706 0.142329 -2.36604e-20)
(1.23757 0.139064 3.76549e-20)
(1.24774 0.135346 2.40969e-21)
(1.25728 0.131009 -2.37043e-20)
(1.26586 0.125882 4.04097e-20)
(1.27318 0.119785 4.19362e-21)
(1.27864 0.11172 9.3314e-21)
(1.13213 0.102855 -3.95819e-22)
(1.13914 0.101393 -1.33107e-21)
(1.14639 0.0999073 -1.43844e-21)
(1.15388 0.0984084 1.24598e-20)
(1.16162 0.0969014 -1.50072e-20)
(1.16959 0.095383 6.64537e-21)
(1.17775 0.093837 -1.87523e-21)
(1.18604 0.0922294 -6.00551e-21)
(1.19435 0.0904705 3.23947e-20)
(1.2031 0.0878977 -7.00583e-21)
(1.09367 0.0756153 -3.6621e-24)
(1.09867 0.075182 1.3038e-21)
(1.10381 0.0747293 8.64804e-22)
(1.10912 0.0742621 3.28054e-21)
(1.11459 0.0737841 7.99261e-21)
(1.12022 0.073297 -8.1689e-21)
(1.12602 0.0727993 -4.20172e-21)
(1.13197 0.0722822 1.04834e-20)
(1.13806 0.0716894 -9.75795e-21)
(1.14468 0.0705458 -1.08793e-21)
(1.06704 0.0530394 -6.62288e-22)
(1.07065 0.0528494 4.61638e-23)
(1.07436 0.052645 -5.70365e-22)
(1.07817 0.0524326 2.16254e-21)
(1.08208 0.0522185 -8.68581e-21)
(1.0861 0.0520088 2.12731e-21)
(1.09022 0.0518083 -4.04603e-21)
(1.09444 0.0516162 -5.10951e-21)
(1.09879 0.0513945 2.53939e-22)
(1.10342 0.0508282 2.37589e-21)
(1.05024 0.0372118 -3.96012e-22)
(1.05296 0.0371982 2.45532e-21)
(1.05572 0.0371645 -1.40574e-21)
(1.05853 0.0371133 -1.78517e-22)
(1.06139 0.0370473 4.2066e-21)
(1.06428 0.0369689 1.04666e-21)
(1.06722 0.03688 4.71489e-21)
(1.0702 0.0367788 -3.00836e-21)
(1.07323 0.0366391 6.12894e-21)
(1.07637 0.03627 4.69922e-21)
(1.03927 0.0242755 -1.33493e-22)
(1.04141 0.024291 -1.21448e-22)
(1.04358 0.0242906 8.93514e-22)
(1.04576 0.0242758 -1.44575e-21)
(1.04795 0.0242481 -1.5054e-21)
(1.05016 0.0242085 4.32591e-21)
(1.05237 0.0241577 -2.79603e-21)
(1.05459 0.0240938 2.10699e-21)
(1.05682 0.0240002 -7.12855e-22)
(1.05907 0.0237702 -6.64852e-22)
(1.03287 0.0138155 2.02306e-22)
(1.03466 0.0138419 -1.68465e-21)
(1.03646 0.013857 9.03471e-22)
(1.03826 0.0138612 2.96838e-21)
(1.04006 0.0138549 -3.08531e-21)
(1.04184 0.0138381 9.97162e-22)
(1.04362 0.0138106 1.64043e-21)
(1.04538 0.0137708 -3.12238e-21)
(1.04713 0.0137102 3.10725e-21)
(1.04886 0.013576 -8.29938e-22)
(1.02984 0.0044405 -5.66539e-22)
(1.03146 0.00445332 1.01938e-21)
(1.03308 0.00446277 -1.31028e-22)
(1.0347 0.00446864 2.52683e-21)
(1.03631 0.00447058 -6.37163e-22)
(1.0379 0.00446817 3.23095e-22)
(1.03948 0.00446084 -3.2103e-21)
(1.04104 0.00444768 8.9239e-22)
(1.04258 0.00442576 5.34533e-22)
(1.04408 0.00437986 3.36818e-22)
(1.12011 0.399891 -7.4347e-20)
(1.15382 0.395948 -1.68829e-20)
(1.1882 0.391949 -7.51689e-21)
(1.22162 0.38713 -4.39425e-21)
(1.2546 0.381071 -7.71973e-21)
(1.2868 0.373563 -3.88586e-21)
(1.31751 0.364392 5.35238e-21)
(1.34601 0.353317 -1.13461e-20)
(1.37164 0.340103 1.99748e-20)
(1.39365 0.324531 1.45545e-21)
(1.12172 0.248463 3.64319e-21)
(1.13993 0.24717 -1.98138e-20)
(1.15768 0.245193 -1.16369e-20)
(1.17379 0.24243 9.51071e-21)
(1.18928 0.238796 -3.16339e-21)
(1.20466 0.234234 2.80016e-21)
(1.21985 0.228743 -4.68918e-21)
(1.23469 0.222356 5.0379e-21)
(1.2491 0.215111 -3.42906e-21)
(1.26302 0.207034 -2.73593e-21)
(1.10065 0.169437 -9.78955e-22)
(1.11036 0.168814 9.56928e-21)
(1.11961 0.16769 8.23245e-21)
(1.1283 0.166203 2.43548e-21)
(1.13706 0.164451 -2.6522e-22)
(1.14614 0.162477 3.0733e-23)
(1.15551 0.16032 3.09305e-21)
(1.16512 0.158024 -3.43258e-21)
(1.17494 0.155631 1.75563e-21)
(1.185 0.153167 5.57195e-22)
(1.07189 0.113514 8.18453e-22)
(1.07762 0.112981 1.14663e-20)
(1.0832 0.112243 3.49575e-21)
(1.08864 0.111375 -5.14896e-21)
(1.09424 0.110412 6.90902e-22)
(1.10007 0.109355 -4.18171e-22)
(1.10611 0.108204 -7.70172e-22)
(1.11234 0.106967 -5.0368e-22)
(1.11874 0.105655 1.12005e-21)
(1.12533 0.10428 -1.24498e-21)
(1.0511 0.077538 6.25577e-22)
(1.05502 0.0776339 -4.32577e-21)
(1.05889 0.0776334 2.61234e-21)
(1.06273 0.0775676 1.33162e-21)
(1.0667 0.0774453 -1.45554e-21)
(1.07084 0.0772649 -1.06818e-22)
(1.07513 0.0770269 -1.41045e-22)
(1.07956 0.076736 -9.25773e-22)
(1.08412 0.076399 5.24931e-22)
(1.08882 0.0760231 4.40358e-22)
(1.03591 0.0528395 1.74518e-21)
(1.03871 0.0531134 9.85979e-23)
(1.04153 0.0533084 -2.86857e-21)
(1.04437 0.0534429 8.46615e-22)
(1.04731 0.0535232 1.01702e-22)
(1.05035 0.0535503 -6.81609e-23)
(1.0535 0.053527 2.36798e-22)
(1.05675 0.0534583 3.61072e-22)
(1.06009 0.0533501 3.15245e-22)
(1.06351 0.0532084 -3.87544e-22)
(1.02613 0.0355842 2.00298e-21)
(1.02829 0.0359414 8.14731e-22)
(1.0305 0.036241 1.20838e-21)
(1.03274 0.0364938 3.84387e-22)
(1.03504 0.0367045 -2.92571e-23)
(1.03742 0.0368747 5.62073e-23)
(1.03987 0.0370065 1.01845e-22)
(1.04238 0.0371029 -3.56346e-22)
(1.04494 0.0371671 8.10688e-22)
(1.04756 0.0372024 -5.9013e-22)
(1.01981 0.0227572 -1.71346e-22)
(1.02155 0.0230608 -2.14622e-23)
(1.02335 0.0233202 2.9511e-22)
(1.02518 0.0235421 -1.13503e-22)
(1.02706 0.0237303 3.90575e-22)
(1.029 0.0238868 1.45193e-22)
(1.03098 0.0240137 -3.54784e-22)
(1.033 0.0241136 -7.54325e-23)
(1.03506 0.0241889 -1.65091e-22)
(1.03715 0.0242422 -1.605e-24)
(1.01615 0.0126984 -4.75987e-23)
(1.01766 0.0129038 1.19962e-22)
(1.01922 0.0130819 4.08778e-24)
(1.02081 0.0132366 4.74941e-23)
(1.02245 0.0133703 1.80516e-22)
(1.02412 0.0134846 -1.0333e-21)
(1.02582 0.0135811 6.92101e-22)
(1.02756 0.0136611 6.82739e-22)
(1.02931 0.0137261 -7.5941e-22)
(1.03108 0.0137772 1.94414e-22)
(1.01446 0.00407262 3.11413e-23)
(1.01587 0.00413958 1.0559e-23)
(1.01732 0.00419666 4.10731e-23)
(1.0188 0.0042456 -4.56077e-22)
(1.02031 0.00428774 -8.13005e-23)
(1.02186 0.00432404 -5.59274e-22)
(1.02342 0.00435526 8.73651e-22)
(1.02501 0.00438207 -2.17124e-22)
(1.02661 0.004405 7.22406e-22)
(1.02822 0.00442441 -4.55239e-22)
(1.00012 0.0147938 0)
(1.00093 0.0448625 0)
(1.00239 0.0763057 0)
(1.00475 0.10994 0)
(1.00855 0.146633 0)
(1.0146 0.187261 0)
(1.0241 0.232545 0)
(1.03834 0.283126 0)
(1.05974 0.336893 0)
(1.08572 0.404352 0)
(1.00018 0.0120564 0)
(1.00179 0.0362443 0)
(1.00507 0.0606982 0)
(1.01022 0.085621 0)
(1.0175 0.111172 0)
(1.02728 0.137431 0)
(1.04003 0.164319 0)
(1.05633 0.191801 0)
(1.07651 0.218144 0)
(1.10283 0.249926 0)
(1.00019 0.00918915 0)
(1.00184 0.0275858 0)
(1.0052 0.0459929 0)
(1.01037 0.0643902 0)
(1.01743 0.0827266 0)
(1.0265 0.100905 0)
(1.03774 0.118748 0)
(1.05154 0.136119 0)
(1.06745 0.152065 0)
(1.08926 0.169768 0)
(1.00015 0.00660432 0)
(1.00146 0.0198146 0)
(1.00414 0.0329467 0)
(1.00828 0.0459116 0)
(1.01384 0.0586095 0)
(1.02084 0.0709227 0)
(1.02927 0.0826951 0)
(1.03926 0.0937954 0)
(1.05031 0.103679 0)
(1.06484 0.113954 0)
(1.00011 0.00461759 0)
(1.00107 0.0138502 0)
(1.00304 0.0229999 0)
(1.00609 0.0319764 0)
(1.01017 0.0406873 0)
(1.01527 0.0490369 0)
(1.02133 0.0569175 0)
(1.0284 0.0642422 0)
(1.03617 0.070734 0)
(1.04608 0.0772321 0)
(1.00008 0.00317531 0)
(1.00077 0.00952231 0)
(1.00219 0.0158033 0)
(1.00439 0.0219473 0)
(1.00732 0.0278835 0)
(1.01096 0.0335424 0)
(1.01525 0.0388519 0)
(1.02021 0.043753 0)
(1.02562 0.0480935 0)
(1.03225 0.0523049 0)
(1.00006 0.00213144 0)
(1.00056 0.00639095 0)
(1.0016 0.0106035 0)
(1.0032 0.0147195 0)
(1.00534 0.0186902 0)
(1.00798 0.0224692 0)
(1.0111 0.0260109 0)
(1.01468 0.0292779 0)
(1.0186 0.0321883 0)
(1.02325 0.0349694 0)
(1.00004 0.00135721 0)
(1.00042 0.00406907 0)
(1.00121 0.00675044 0)
(1.00243 0.00936952 0)
(1.00404 0.0118953 0)
(1.00604 0.0142987 0)
(1.00839 0.0165515 0)
(1.01108 0.0186306 0)
(1.01405 0.0204906 0)
(1.01744 0.0222477 0)
(1.00003 0.00075288 0)
(1.00034 0.00225714 0)
(1.00098 0.00374449 0)
(1.00197 0.00519741 0)
(1.00328 0.00659893 0)
(1.00489 0.00793327 0)
(1.0068 0.00918535 0)
(1.00897 0.0103428 0)
(1.01139 0.0113832 0)
(1.01409 0.0123617 0)
(1.00003 0.000241156 0)
(1.00031 0.000722996 0)
(1.00088 0.00119942 0)
(1.00175 0.00166484 0)
(1.00292 0.00211385 0)
(1.00436 0.00254144 0)
(1.00606 0.00294283 0)
(1.008 0.00331407 0)
(1.01015 0.00364807 0)
(1.01253 0.00396187 0)
(0.999561 0.000802479 9.23092e-21)
(0.995452 0.00244406 -4.07681e-21)
(0.986525 0.00419487 1.03791e-20)
(0.972679 0.0061348 -6.82284e-21)
(0.953593 0.00835471 -7.33143e-21)
(0.928528 0.0109744 2.85064e-20)
(0.896409 0.0141563 -5.43129e-21)
(0.855741 0.0181209 3.88704e-20)
(0.804455 0.0231338 2.24927e-20)
(0.73943 0.0291725 -2.27383e-20)
(0.99955 0.00240267 1.11832e-20)
(0.995464 0.00731639 2.15158e-20)
(0.986624 0.012553 3.23213e-20)
(0.972944 0.0183507 -4.47472e-20)
(0.954128 0.0249805 6.03532e-21)
(0.929474 0.0327987 1.75503e-20)
(0.897968 0.042289 -2.97396e-20)
(0.858207 0.0541052 5.04387e-20)
(0.808218 0.0690389 -1.34124e-19)
(0.745113 0.0869992 1.84536e-19)
(0.999529 0.00398916 -3.93598e-20)
(0.995488 0.0121428 1.5116e-20)
(0.986819 0.0208183 -7.34686e-22)
(0.97347 0.0304082 -7.48158e-20)
(0.955188 0.0413588 1.88859e-20)
(0.931351 0.0542549 -4.29418e-20)
(0.901064 0.0698874 5.77937e-20)
(0.863108 0.0893234 -1.5017e-19)
(0.815706 0.113861 2.55679e-19)
(0.756456 0.14327 -1.97162e-19)
(0.999503 0.00555478 2.54266e-20)
(0.995526 0.0168968 -8.34227e-21)
(0.987108 0.0289349 5.2404e-20)
(0.974248 0.0422105 -9.54698e-20)
(0.956759 0.0573375 5.99225e-20)
(0.934135 0.075115 -1.19322e-19)
(0.905659 0.0966175 -1.80083e-20)
(0.87039 0.123288 3.73127e-19)
(0.826849 0.156896 -1.06724e-19)
(0.773422 0.196944 -2.53417e-19)
(0.999476 0.00709465 -1.03739e-19)
(0.99558 0.0215555 7.987e-20)
(0.987489 0.0368508 -3.91368e-20)
(0.975275 0.0536662 -1.69191e-19)
(0.958832 0.0727746 1.61536e-19)
(0.937804 0.0951697 -2.081e-19)
(0.911709 0.122172 2.7038e-19)
(0.879985 0.155541 7.51502e-20)
(0.841557 0.197454 1.83034e-19)
(0.79598 0.24697 1.73843e-20)
(0.999452 0.00860687 8.22682e-20)
(0.995649 0.0260948 -1.94743e-20)
(0.987964 0.0445066 1.10225e-19)
(0.976556 0.0646733 -1.22818e-19)
(0.961415 0.0875172 1.17736e-19)
(0.942358 0.114201 -3.2871e-20)
(0.919192 0.146241 6.77284e-20)
(0.891828 0.185633 -2.08384e-19)
(0.859735 0.234844 -3.50609e-19)
(0.824132 0.292277 2.12948e-19)
(0.999431 0.0100998 -4.00981e-20)
(0.995726 0.0305014 -3.27804e-20)
(0.98854 0.0518501 1.6191e-20)
(0.978122 0.075137 -1.0877e-19)
(0.964552 0.101422 3.82142e-19)
(0.947839 0.132001 -3.11585e-19)
(0.928131 0.168517 1.56886e-19)
(0.905892 0.213099 -2.6268e-19)
(0.881323 0.268335 -7.03312e-20)
(0.857951 0.33181 5.3992e-19)
(0.999409 0.0116114 4.83703e-20)
(0.995816 0.0348268 -5.56382e-21)
(0.989264 0.058944 -4.85032e-20)
(0.980057 0.0851476 5.93158e-20)
(0.968346 0.114618 1.68059e-19)
(0.954352 0.148717 -3.67024e-19)
(0.938611 0.189096 2.95055e-19)
(0.922203 0.237833 -6.58098e-19)
(0.906334 0.297317 5.36845e-19)
(0.897541 0.364609 -1.37166e-19)
(0.999401 0.013173 -5.33789e-20)
(0.996017 0.0391166 6.19595e-20)
(0.990324 0.0659113 -1.10414e-19)
(0.982615 0.0949523 -6.63694e-20)
(0.973089 0.127521 1.54307e-21)
(0.962182 0.164963 9.46128e-20)
(0.950839 0.208738 -4.8062e-19)
(0.94077 0.260489 5.32007e-19)
(0.934616 0.321499 -4.65194e-19)
(0.942545 0.388793 2.0615e-19)
(0.999479 0.0144823 -3.25232e-20)
(0.996629 0.0426099 2.90504e-21)
(0.99216 0.0716297 -1.10262e-20)
(0.986331 0.103032 -8.23205e-20)
(0.979393 0.138151 -6.27611e-20)
(0.971976 0.17826 3.66122e-19)
(0.965346 0.224524 2.9477e-19)
(0.961619 0.277901 -1.33529e-19)
(0.964967 0.337723 -2.7991e-20)
(0.989872 0.399196 -6.2613e-19)
(0.999479 -0.0144823 -3.2488e-20)
(0.996629 -0.0426099 2.14865e-20)
(0.99216 -0.0716297 -8.83924e-21)
(0.986331 -0.103032 1.35637e-19)
(0.979393 -0.138151 7.66343e-20)
(0.971976 -0.17826 -3.08835e-19)
(0.965346 -0.224524 -2.56376e-19)
(0.961619 -0.277901 1.72854e-19)
(0.964967 -0.337724 1.69758e-20)
(0.989873 -0.399196 6.42457e-19)
(0.999401 -0.013173 2.31109e-20)
(0.996017 -0.0391166 -1.298e-19)
(0.990324 -0.0659113 7.71253e-20)
(0.982615 -0.0949524 -4.48211e-20)
(0.973089 -0.127521 -7.08354e-20)
(0.962182 -0.164963 -3.88646e-20)
(0.950839 -0.208738 4.04878e-19)
(0.94077 -0.260489 -4.50735e-19)
(0.934616 -0.321499 5.23503e-19)
(0.942545 -0.388793 -2.86838e-19)
(0.999409 -0.0116114 -1.35115e-20)
(0.995816 -0.0348268 5.07591e-20)
(0.989264 -0.0589441 8.4374e-20)
(0.980057 -0.0851477 -1.66321e-20)
(0.968346 -0.114618 -2.29458e-19)
(0.954352 -0.148717 2.76229e-19)
(0.938611 -0.189096 -2.70862e-19)
(0.922203 -0.237833 6.08916e-19)
(0.906334 -0.297318 -5.98262e-19)
(0.897541 -0.36461 1.85447e-19)
(0.999431 -0.0100998 -3.61473e-21)
(0.995726 -0.0305014 6.69244e-20)
(0.98854 -0.0518501 -6.14226e-20)
(0.978122 -0.075137 2.33962e-19)
(0.964552 -0.101423 -2.9352e-20)
(0.947839 -0.132001 -3.27974e-20)
(0.928131 -0.168517 -1.62614e-19)
(0.905892 -0.2131 1.16785e-19)
(0.881323 -0.268335 5.73146e-20)
(0.857952 -0.33181 -5.61419e-19)
(0.999452 -0.00860687 7.2611e-20)
(0.995649 -0.0260948 -2.22663e-20)
(0.987964 -0.0445066 6.21517e-20)
(0.976556 -0.0646733 1.02661e-19)
(0.961415 -0.0875173 -1.44293e-19)
(0.942358 -0.114201 -2.20257e-20)
(0.919192 -0.146241 2.00643e-20)
(0.891828 -0.185633 1.68086e-19)
(0.859735 -0.234844 3.01493e-19)
(0.824132 -0.292277 -1.77136e-19)
(0.999476 -0.00709466 -5.24389e-20)
(0.99558 -0.0215555 -2.75901e-21)
(0.987489 -0.0368508 -1.34262e-19)
(0.975275 -0.0536663 2.0942e-19)
(0.958832 -0.0727747 -1.81767e-19)
(0.937804 -0.0951698 3.51524e-19)
(0.911709 -0.122172 -4.09787e-19)
(0.879985 -0.155541 1.91708e-19)
(0.841557 -0.197454 -2.37395e-20)
(0.79598 -0.24697 2.47916e-20)
(0.999503 -0.00555478 5.14559e-20)
(0.995526 -0.0168969 -3.38878e-20)
(0.987108 -0.0289349 3.60905e-20)
(0.974248 -0.0422105 -4.85763e-20)
(0.956759 -0.0573375 1.20802e-20)
(0.934135 -0.0751151 8.85775e-20)
(0.905659 -0.0966176 8.26274e-20)
(0.87039 -0.123288 -5.192e-19)
(0.826849 -0.156896 7.51486e-21)
(0.773422 -0.196945 2.45608e-19)
(0.999529 -0.00398916 -2.20228e-20)
(0.995488 -0.0121428 3.78156e-21)
(0.986819 -0.0208183 -4.89449e-20)
(0.97347 -0.0304083 5.63992e-20)
(0.955188 -0.0413589 -2.21996e-20)
(0.931351 -0.054255 2.33895e-20)
(0.901064 -0.0698875 -2.65093e-20)
(0.863108 -0.0893235 1.36023e-19)
(0.815706 -0.113862 -2.72283e-19)
(0.756456 -0.14327 1.66243e-19)
(0.99955 -0.00240266 1.56178e-20)
(0.995464 -0.0073164 -7.43096e-21)
(0.986624 -0.012553 -5.8338e-21)
(0.972944 -0.0183508 6.73199e-20)
(0.954128 -0.0249805 -1.15575e-20)
(0.929474 -0.0327988 -8.27787e-21)
(0.897968 -0.0422891 -1.5197e-20)
(0.858207 -0.0541053 -2.99883e-20)
(0.808218 -0.069039 1.42263e-19)
(0.745113 -0.0869995 -1.97615e-19)
(0.999561 -0.000802477 8.85589e-21)
(0.995452 -0.00244407 -2.05243e-21)
(0.986525 -0.0041949 -1.07351e-20)
(0.972679 -0.00613485 1.58489e-20)
(0.953593 -0.00835478 1.19508e-20)
(0.928528 -0.0109744 -4.34158e-21)
(0.896409 -0.0141565 2.72334e-20)
(0.855741 -0.018121 -4.99166e-20)
(0.804455 -0.0231339 1.6959e-21)
(0.73943 -0.0291727 3.44204e-20)
(1.00003 -0.000241155 0)
(1.00031 -0.000722994 0)
(1.00088 -0.00119942 0)
(1.00175 -0.00166484 0)
(1.00292 -0.00211385 0)
(1.00436 -0.00254144 0)
(1.00606 -0.00294283 0)
(1.008 -0.00331406 0)
(1.01015 -0.00364807 0)
(1.01253 -0.00396187 0)
(1.00003 -0.00075288 0)
(1.00034 -0.00225714 0)
(1.00098 -0.00374448 0)
(1.00197 -0.00519741 0)
(1.00328 -0.00659893 0)
(1.00489 -0.00793326 0)
(1.0068 -0.00918534 0)
(1.00897 -0.0103428 0)
(1.01139 -0.0113831 0)
(1.01409 -0.0123617 0)
(1.00004 -0.00135721 0)
(1.00042 -0.00406907 0)
(1.00121 -0.00675044 0)
(1.00243 -0.00936952 0)
(1.00404 -0.0118953 0)
(1.00604 -0.0142987 0)
(1.00839 -0.0165515 0)
(1.01108 -0.0186306 0)
(1.01405 -0.0204906 0)
(1.01744 -0.0222477 0)
(1.00006 -0.00213144 0)
(1.00056 -0.00639095 0)
(1.0016 -0.0106035 0)
(1.0032 -0.0147195 0)
(1.00534 -0.0186902 0)
(1.00798 -0.0224692 0)
(1.0111 -0.0260108 0)
(1.01468 -0.0292779 0)
(1.0186 -0.0321883 0)
(1.02325 -0.0349694 0)
(1.00008 -0.00317531 0)
(1.00077 -0.00952231 0)
(1.00219 -0.0158033 0)
(1.00439 -0.0219473 0)
(1.00732 -0.0278835 0)
(1.01096 -0.0335424 0)
(1.01525 -0.0388519 0)
(1.02021 -0.0437529 0)
(1.02562 -0.0480935 0)
(1.03225 -0.0523049 0)
(1.00011 -0.00461759 0)
(1.00107 -0.0138502 0)
(1.00304 -0.0229999 0)
(1.00609 -0.0319764 0)
(1.01017 -0.0406873 0)
(1.01527 -0.0490369 0)
(1.02133 -0.0569174 0)
(1.0284 -0.0642421 0)
(1.03617 -0.070734 0)
(1.04608 -0.0772321 0)
(1.00015 -0.00660432 0)
(1.00146 -0.0198146 0)
(1.00414 -0.0329467 0)
(1.00828 -0.0459116 0)
(1.01384 -0.0586095 0)
(1.02084 -0.0709227 0)
(1.02927 -0.0826951 0)
(1.03926 -0.0937954 0)
(1.05031 -0.103679 0)
(1.06484 -0.113954 0)
(1.00019 -0.00918915 0)
(1.00184 -0.0275859 0)
(1.0052 -0.0459929 0)
(1.01037 -0.0643902 0)
(1.01743 -0.0827266 0)
(1.0265 -0.100905 0)
(1.03774 -0.118748 0)
(1.05154 -0.136119 0)
(1.06745 -0.152065 0)
(1.08926 -0.169768 0)
(1.00018 -0.0120564 0)
(1.00179 -0.0362444 0)
(1.00507 -0.0606982 0)
(1.01022 -0.085621 0)
(1.0175 -0.111172 0)
(1.02728 -0.137431 0)
(1.04003 -0.164319 0)
(1.05633 -0.191801 0)
(1.07651 -0.218144 0)
(1.10283 -0.249926 0)
(1.00012 -0.0147938 0)
(1.00093 -0.0448625 0)
(1.00239 -0.0763057 0)
(1.00475 -0.10994 0)
(1.00855 -0.146633 0)
(1.0146 -0.187261 0)
(1.0241 -0.232545 0)
(1.03834 -0.283127 0)
(1.05974 -0.336893 0)
(1.08572 -0.404352 0)
(1.01446 -0.00407261 2.84504e-23)
(1.01587 -0.00413957 5.70222e-24)
(1.01732 -0.00419665 -6.88425e-23)
(1.0188 -0.00424559 -1.01233e-22)
(1.02031 -0.00428774 6.14207e-22)
(1.02186 -0.00432403 4.26581e-22)
(1.02342 -0.00435525 -8.54684e-22)
(1.02501 -0.00438206 1.19978e-22)
(1.02661 -0.00440499 -7.20464e-22)
(1.02822 -0.0044244 4.42965e-22)
(1.01615 -0.0126984 -7.9655e-23)
(1.01766 -0.0129038 2.05917e-22)
(1.01922 -0.0130819 -9.90777e-23)
(1.02081 -0.0132366 -3.83906e-23)
(1.02245 -0.0133703 -1.57059e-22)
(1.02412 -0.0134846 8.83921e-22)
(1.02582 -0.0135811 -9.49626e-22)
(1.02756 -0.0136611 -5.65424e-22)
(1.02931 -0.013726 1.03163e-21)
(1.03108 -0.0137771 -1.52173e-22)
(1.01981 -0.0227572 -1.94709e-22)
(1.02155 -0.0230608 3.08542e-23)
(1.02335 -0.0233202 1.88057e-22)
(1.02518 -0.0235421 1.7075e-23)
(1.02706 -0.0237302 -2.06025e-22)
(1.029 -0.0238867 1.10858e-22)
(1.03098 -0.0240137 3.93881e-22)
(1.033 -0.0241136 -3.64666e-22)
(1.03506 -0.0241889 -1.51436e-22)
(1.03715 -0.0242421 1.03985e-22)
(1.02613 -0.0355841 1.78269e-21)
(1.02829 -0.0359413 1.85582e-21)
(1.0305 -0.036241 -3.06401e-22)
(1.03274 -0.0364938 9.20138e-22)
(1.03504 -0.0367045 2.35538e-22)
(1.03742 -0.0368747 -1.42461e-22)
(1.03987 -0.0370064 2.55564e-23)
(1.04238 -0.0371028 9.12853e-22)
(1.04494 -0.0371671 -1.13431e-21)
(1.04756 -0.0372023 2.43373e-22)
(1.03591 -0.0528395 1.66607e-21)
(1.03871 -0.0531134 5.15971e-22)
(1.04153 -0.0533083 -1.67591e-21)
(1.04437 -0.0534429 -7.16793e-22)
(1.04731 -0.0535231 3.3784e-22)
(1.05035 -0.0535502 5.06064e-23)
(1.0535 -0.053527 4.13613e-23)
(1.05675 -0.0534583 -1.05687e-22)
(1.06009 -0.05335 -1.5183e-22)
(1.06351 -0.0532083 4.26248e-22)
(1.0511 -0.0775379 2.57688e-23)
(1.05502 -0.0776339 -4.33031e-21)
(1.05889 -0.0776334 3.73444e-21)
(1.06273 -0.0775675 -8.11069e-22)
(1.0667 -0.0774453 -1.01636e-21)
(1.07084 -0.0772649 1.11863e-21)
(1.07513 -0.0770268 6.32009e-23)
(1.07956 -0.0767359 5.53571e-23)
(1.08412 -0.076399 -3.67865e-22)
(1.08882 -0.0760231 5.4653e-23)
(1.07189 -0.113514 -4.19279e-21)
(1.07762 -0.112981 1.53855e-20)
(1.0832 -0.112243 -2.40856e-21)
(1.08864 -0.111375 4.33736e-22)
(1.09424 -0.110412 1.41334e-21)
(1.10007 -0.109355 -5.9119e-22)
(1.10611 -0.108204 -5.05164e-22)
(1.11234 -0.106967 -1.00745e-21)
(1.11874 -0.105655 4.13087e-22)
(1.12533 -0.10428 9.76451e-23)
(1.10065 -0.169437 5.31965e-21)
(1.11036 -0.168814 3.25945e-21)
(1.11961 -0.16769 1.37347e-20)
(1.1283 -0.166203 -5.00434e-21)
(1.13706 -0.164451 1.37761e-21)
(1.14614 -0.162477 -9.41617e-22)
(1.15551 -0.16032 3.22855e-21)
(1.16512 -0.158024 8.63745e-22)
(1.17494 -0.155631 -2.06937e-21)
(1.185 -0.153167 1.71029e-21)
(1.12172 -0.248463 2.63904e-21)
(1.13993 -0.24717 -1.75716e-20)
(1.15768 -0.245193 -1.6038e-20)
(1.17379 -0.24243 7.93876e-21)
(1.18928 -0.238796 1.7579e-21)
(1.20466 -0.234234 2.45542e-21)
(1.21985 -0.228743 -5.51084e-21)
(1.23469 -0.222356 7.27885e-21)
(1.2491 -0.215111 -7.67021e-21)
(1.26302 -0.207034 4.10186e-23)
(1.12011 -0.399891 5.87082e-20)
(1.15382 -0.395948 1.87503e-20)
(1.1882 -0.391949 8.77318e-21)
(1.22162 -0.38713 -7.82759e-21)
(1.2546 -0.381071 7.70846e-21)
(1.2868 -0.373563 -3.17422e-22)
(1.31751 -0.364392 -3.46378e-22)
(1.34601 -0.353317 3.61991e-21)
(1.37164 -0.340103 6.91198e-21)
(1.39365 -0.324531 -2.09997e-22)
(1.02984 -0.00444049 5.80478e-22)
(1.03146 -0.00445331 -1.02222e-21)
(1.03308 -0.00446276 3.18737e-22)
(1.0347 -0.00446862 -2.57603e-21)
(1.03631 -0.00447057 1.11936e-21)
(1.0379 -0.00446815 2.62312e-21)
(1.03948 -0.00446083 -5.1692e-22)
(1.04104 -0.00444767 -1.22741e-22)
(1.04258 -0.00442574 1.8137e-22)
(1.04408 -0.00437984 4.52997e-22)
(1.03287 -0.0138155 -2.50889e-22)
(1.03466 -0.0138419 1.26159e-21)
(1.03646 -0.013857 -1.1343e-21)
(1.03826 -0.0138612 -2.19406e-21)
(1.04006 -0.0138549 3.9229e-21)
(1.04184 -0.0138381 -1.7302e-22)
(1.04362 -0.0138106 1.57736e-21)
(1.04538 -0.0137708 -1.20927e-21)
(1.04713 -0.0137101 -2.64132e-22)
(1.04886 -0.0135759 -4.07452e-22)
(1.03927 -0.0242755 1.10822e-23)
(1.04141 -0.024291 -3.87997e-23)
(1.04358 -0.0242906 1.97455e-22)
(1.04576 -0.0242758 1.51914e-21)
(1.04795 -0.024248 3.85767e-22)
(1.05016 -0.0242085 -1.6435e-21)
(1.05237 -0.0241577 -2.98846e-21)
(1.05459 -0.0240937 4.1562e-21)
(1.05682 -0.0240002 -1.1169e-21)
(1.05907 -0.0237701 -5.3026e-22)
(1.05024 -0.0372117 8.16364e-22)
(1.05296 -0.0371982 -1.18175e-21)
(1.05572 -0.0371644 1.57677e-21)
(1.05853 -0.0371133 -1.67994e-22)
(1.06138 -0.0370473 -4.08134e-22)
(1.06428 -0.0369688 2.8679e-21)
(1.06722 -0.0368799 2.30959e-21)
(1.0702 -0.0367787 5.43182e-21)
(1.07323 -0.036639 1.59166e-21)
(1.07637 -0.0362698 5.45467e-21)
(1.06704 -0.0530393 6.19936e-22)
(1.07065 -0.0528493 -3.22709e-22)
(1.07436 -0.0526449 -2.11326e-21)
(1.07817 -0.0524325 -4.75822e-21)
(1.08208 -0.0522184 1.41626e-21)
(1.0861 -0.0520087 -6.27347e-22)
(1.09022 -0.0518082 1.98784e-21)
(1.09444 -0.0516161 -9.95481e-21)
(1.09879 -0.0513943 -9.40141e-22)
(1.10342 -0.0508281 2.563e-21)
(1.09367 -0.0756152 -6.23317e-22)
(1.09867 -0.0751819 -1.6218e-21)
(1.10381 -0.0747292 2.60082e-21)
(1.10912 -0.074262 -3.18332e-21)
(1.11459 -0.073784 6.4148e-21)
(1.12022 -0.0732968 -5.35972e-21)
(1.12602 -0.0727992 4.82747e-21)
(1.13197 -0.0722821 7.27228e-21)
(1.13806 -0.0716893 -9.50172e-21)
(1.14468 -0.0705456 1.12438e-22)
(1.13213 -0.102855 1.82434e-21)
(1.13914 -0.101393 -1.64022e-21)
(1.14639 -0.0999072 -2.30933e-21)
(1.15388 -0.0984083 -1.34315e-21)
(1.16162 -0.0969013 -3.57172e-21)
(1.16959 -0.0953828 4.62001e-21)
(1.17775 -0.0938368 -1.57513e-20)
(1.18604 -0.0922293 1.00589e-20)
(1.19435 -0.0904703 2.57399e-20)
(1.2031 -0.0878975 1.46473e-21)
(1.1953 -0.150636 -5.13404e-22)
(1.20579 -0.148022 -3.49033e-21)
(1.21641 -0.145278 6.91798e-21)
(1.22706 -0.142328 -1.17066e-20)
(1.23757 -0.139064 -3.87005e-21)
(1.24774 -0.135346 9.16168e-21)
(1.25728 -0.131009 1.21596e-20)
(1.26586 -0.125882 1.95522e-20)
(1.27318 -0.119785 1.7668e-20)
(1.27864 -0.11172 -3.16177e-21)
(1.27631 -0.198126 3.50744e-21)
(1.28877 -0.188351 5.42743e-21)
(1.30011 -0.177641 -5.71128e-21)
(1.30997 -0.165902 2.06152e-20)
(1.31794 -0.153037 -2.32359e-20)
(1.32354 -0.13898 -4.47634e-20)
(1.32628 -0.123735 6.87155e-20)
(1.32571 -0.107421 -3.30766e-20)
(1.32192 -0.0903286 -4.05602e-20)
(1.30821 -0.071446 1.03679e-20)
(1.41116 -0.306428 -5.46665e-21)
(1.42319 -0.285696 -5.41545e-21)
(1.42868 -0.262374 4.7933e-20)
(1.42652 -0.236716 -7.98195e-21)
(1.41575 -0.209265 -3.49854e-20)
(1.39559 -0.180932 -1.96767e-20)
(1.36562 -0.153024 2.2104e-20)
(1.32577 -0.127206 -4.105e-21)
(1.27619 -0.105322 4.11813e-20)
(1.19856 -0.0865727 1.34662e-19)
(1.05458 -0.00324692 0)
(1.06381 -0.000545347 0)
(1.06356 0.000962147 0)
(1.05669 0.00145599 0)
(1.04902 0.00191765 0)
(1.0372 0.00229974 0)
(1.02839 0.00227347 0)
(1.01727 0.0018246 0)
(1.01329 0.000905223 0)
(1.00833 0.000593188 0)
(1.06057 -0.00990703 0)
(1.06974 -0.00160262 0)
(1.06862 0.00291493 0)
(1.06113 0.00441352 0)
(1.05323 0.00583322 0)
(1.04132 0.00694569 0)
(1.03255 0.0068726 0)
(1.02101 0.00550891 0)
(1.01706 0.00282825 0)
(1.01103 0.00190416 0)
(1.07347 -0.0168355 0)
(1.08229 -0.00238511 0)
(1.07935 0.00506809 0)
(1.07063 0.0075302 0)
(1.06218 0.0099295 0)
(1.04999 0.0116864 0)
(1.04124 0.0116148 0)
(1.02886 0.00931817 0)
(1.02494 0.00510123 0)
(1.0166 0.00361262 0)
(1.09505 -0.0244401 0)
(1.10281 -0.00270163 0)
(1.09688 0.00767339 0)
(1.08626 0.0109873 0)
(1.07676 0.0142902 0)
(1.06392 0.0165432 0)
(1.055 0.0165957 0)
(1.04127 0.013371 0)
(1.03725 0.00802489 0)
(1.02513 0.00604315 0)
(1.1287 -0.0320498 0)
(1.13342 -0.00204475 0)
(1.12269 0.011355 0)
(1.10906 0.0153994 0)
(1.09756 0.0193314 0)
(1.08338 0.021724 0)
(1.07379 0.0220185 0)
(1.05808 0.0178456 0)
(1.05352 0.0120184 0)
(1.03609 0.00956824 0)
(1.17724 -0.0409806 0)
(1.17524 -0.00139854 0)
(1.15676 0.0162842 0)
(1.13806 0.0215465 0)
(1.12288 0.025843 0)
(1.10626 0.0277763 0)
(1.09508 0.0283063 0)
(1.07677 0.0230563 0)
(1.07085 0.0176081 0)
(1.04714 0.0145362 0)
(1.24259 -0.0465508 0)
(1.22512 -0.000674837 0)
(1.19347 0.0226304 0)
(1.16566 0.0299039 0)
(1.1442 0.0345198 0)
(1.12394 0.0353408 0)
(1.11017 0.0359492 0)
(1.08944 0.0293578 0)
(1.08125 0.0251937 0)
(1.05264 0.0210149 0)
(1.30366 -0.052144 0)
(1.25746 -0.00229709 0)
(1.20774 0.0291977 0)
(1.16695 0.0391335 0)
(1.13799 0.0446351 0)
(1.11492 0.0440622 0)
(1.09952 0.0446248 0)
(1.07954 0.0364762 0)
(1.06975 0.0342926 0)
(1.04292 0.0281971 0)
(1.30545 0.00147851 0)
(1.20572 0.0278942 0)
(1.14101 0.0552525 0)
(1.09007 0.0566378 0)
(1.06104 0.0588736 0)
(1.04365 0.0540722 0)
(1.03412 0.0531868 0)
(1.02494 0.0427788 0)
(1.01866 0.0425077 0)
(1.00803 0.0335779 0)
(1.0315 0.0616004 0)
(0.913267 0.0755222 0)
(0.89309 0.0953912 0)
(0.868403 0.0726061 0)
(0.873248 0.0688249 0)
(0.885855 0.0574179 0)
(0.900037 0.0545703 0)
(0.919149 0.0422575 0)
(0.926045 0.0437082 0)
(0.949274 0.0323087 0)
(0.64902 0.0933771 6.04898e-20)
(0.618469 0.0902941 -8.94084e-21)
(0.685043 0.0947936 -4.08974e-21)
(0.700855 0.066093 3.12223e-21)
(0.741548 0.0604733 4.70227e-21)
(0.779084 0.0486702 -1.45863e-22)
(0.811969 0.0455353 -4.69908e-22)
(0.851806 0.0348572 1.11355e-23)
(0.868371 0.0361398 -3.45655e-23)
(0.914068 0.0261524 1.86654e-22)
(0.535851 0.0852029 -5.4976e-21)
(0.529415 0.0867583 -1.1544e-20)
(0.623299 0.0904153 8.57826e-21)
(0.652571 0.0624946 -5.72938e-21)
(0.704404 0.0569517 -4.92361e-22)
(0.749537 0.0455764 1.22174e-21)
(0.787897 0.0424997 1.58371e-22)
(0.833554 0.0324865 2.55804e-22)
(0.852759 0.0336205 -5.16017e-23)
(0.904501 0.0242414 -3.61815e-22)
(0.427789 0.0701509 4.58326e-20)
(0.442015 0.0806999 6.61008e-21)
(0.561797 0.084191 5.41594e-21)
(0.604773 0.0580714 7.92585e-21)
(0.667729 0.0526691 -1.90741e-21)
(0.720554 0.0419618 -6.39856e-22)
(0.764428 0.03899 -8.2593e-22)
(0.815911 0.0297707 -8.83227e-23)
(0.837788 0.0307218 1.94139e-23)
(0.895411 0.0220987 2.10128e-22)
(0.327428 0.0562069 -9.1244e-20)
(0.358784 0.0740934 1.00608e-20)
(0.502312 0.0769063 -1.89616e-20)
(0.558749 0.0529015 8.38645e-22)
(0.632488 0.0476856 -4.30232e-22)
(0.692868 0.0378176 2.02125e-21)
(0.742128 0.0350096 -1.83469e-22)
(0.799277 0.0266958 -2.42911e-23)
(0.823775 0.0274705 5.45436e-24)
(0.886973 0.0197116 1.33811e-22)
(0.237067 0.0437311 7.3375e-20)
(0.282113 0.0660735 -3.08147e-20)
(0.446716 0.0681862 -4.66946e-21)
(0.515873 0.0467751 3.96337e-21)
(0.59971 0.0419312 1.21966e-21)
(0.667245 0.0331169 -1.54968e-21)
(0.721587 0.0305574 -2.90309e-22)
(0.784059 0.023271 -8.2497e-24)
(0.811035 0.0238853 6.37549e-23)
(0.87936 0.0170985 3.17554e-22)
(0.158701 0.0325536 -6.85961e-21)
(0.214259 0.0563937 3.28148e-20)
(0.396889 0.0579769 3.41054e-21)
(0.477531 0.039701 -4.61353e-21)
(0.570428 0.0354353 5.37911e-21)
(0.644452 0.0278925 2.11118e-22)
(0.703387 0.0256665 5.31591e-22)
(0.770653 0.0195252 4.32636e-24)
(0.799873 0.0199958 -9.54676e-23)
(0.872734 0.0142849 -3.45683e-22)
(0.094026 0.0229513 -3.03383e-20)
(0.157258 0.0453204 -4.95493e-21)
(0.354591 0.0464852 1.28228e-20)
(0.445033 0.0318015 -1.92357e-21)
(0.545627 0.0282893 -2.31308e-21)
(0.625211 0.0222091 3.76485e-22)
(0.688074 0.0203917 -1.11149e-22)
(0.759429 0.0154992 1.01175e-24)
(0.790569 0.0158429 3.34113e-23)
(0.867242 0.0112994 5.65391e-23)
(0.0443848 0.0149908 6.96625e-21)
(0.112856 0.0331672 -5.74177e-23)
(0.321375 0.0339678 4.00072e-21)
(0.419539 0.0232266 -2.00895e-21)
(0.526178 0.0206093 -4.84937e-22)
(0.610163 0.0161478 3.14488e-22)
(0.676128 0.0148018 -1.57499e-22)
(0.750705 0.0112431 -8.70375e-24)
(0.783362 0.0114759 7.0577e-23)
(0.863006 0.00817476 -1.66864e-22)
(0.01076 0.00839942 4.8445e-21)
(0.0824414 0.0202249 -5.7867e-21)
(0.298492 0.0206932 -4.83857e-21)
(0.401989 0.0141461 1.30593e-21)
(0.512792 0.0125302 3.18668e-22)
(0.599825 0.00980421 -2.30877e-22)
(0.667936 0.00897695 1.12242e-22)
(0.744739 0.00681571 -2.1676e-23)
(0.778445 0.00695083 -5.42706e-23)
(0.860126 0.00494773 -1.08612e-22)
(-0.0062094 0.00269704 -4.77085e-22)
(0.0669841 0.0067969 3.68499e-21)
(0.286824 0.00695197 1.46741e-21)
(0.393042 0.00475196 -1.06952e-22)
(0.505969 0.00420394 2.84618e-22)
(0.594562 0.00328584 -5.12704e-23)
(0.66377 0.0030071 3.98494e-23)
(0.74171 0.00228273 5.23126e-24)
(0.775953 0.00232876 2.59439e-24)
(0.858668 0.00165803 1.14519e-22)
)
;

boundaryField
{
    inlet
    {
        type            uniformFixedValue;
        uniformValue    constant (1 0 0);
        value           uniform (1 0 0);
    }
    outlet
    {
        type            pressureInletOutletVelocity;
        value           nonuniform List<vector> 
40
(
(0.949274 -0.0323042 0)
(1.00803 -0.0335742 0)
(1.04292 -0.0281943 0)
(1.05265 -0.0210129 0)
(1.04714 -0.0145349 0)
(1.03609 -0.00956756 0)
(1.02513 -0.00604288 0)
(1.0166 -0.00361258 0)
(1.01103 -0.0019042 0)
(1.00833 -0.000593214 0)
(0.858668 -0.00165276 1.19118e-22)
(0.860126 -0.00494247 -1.08406e-22)
(0.863006 -0.00816953 -1.56947e-22)
(0.867241 -0.0112942 5.93317e-23)
(0.872734 -0.0142797 -3.07729e-22)
(0.87936 -0.0170934 3.43136e-22)
(0.886973 -0.0197066 1.30349e-22)
(0.895411 -0.0220937 1.84382e-22)
(0.904501 -0.0242366 -4.17661e-22)
(0.914068 -0.0261476 1.35963e-22)
(0.914068 0.0261524 1.86654e-22)
(0.904501 0.0242414 -3.61815e-22)
(0.895411 0.0220987 2.10128e-22)
(0.886973 0.0197116 1.33811e-22)
(0.87936 0.0170985 3.17554e-22)
(0.872734 0.0142849 -3.45683e-22)
(0.867242 0.0112994 5.65391e-23)
(0.863006 0.00817476 -1.66864e-22)
(0.860126 0.00494773 -1.08612e-22)
(0.858668 0.00165803 1.14519e-22)
(1.00833 0.000593188 0)
(1.01103 0.00190416 0)
(1.0166 0.00361262 0)
(1.02513 0.00604315 0)
(1.03609 0.00956824 0)
(1.04714 0.0145362 0)
(1.05264 0.0210149 0)
(1.04292 0.0281971 0)
(1.00803 0.0335779 0)
(0.949274 0.0323087 0)
)
;
    }
    cylinder
    {
        type            fixedValue;
        value           uniform (0 0 0);
    }
    top
    {
        type            symmetryPlane;
    }
    bottom
    {
        type            symmetryPlane;
    }
    defaultFaces
    {
        type            empty;
    }
}


// ************************************************************************* //
