/*--------------------------------*- C++ -*----------------------------------*\
  =========                 |
  \\      /  F ield         | OpenFOAM: The Open Source CFD Toolbox
   \\    /   O peration     | Website:  https://openfoam.org
    \\  /    A nd           | Version:  6.0
     \\/     M anipulation  |
\*---------------------------------------------------------------------------*/
FoamFile
{
    version     2.0;
    format      ascii;
    class       volScalarField;
    location    "12";
    object      p;
}
// * * * * * * * * * * * * * * * * * * * * * * * * * * * * * * * * * * * * * //

dimensions      [0 2 -2 0 0 0 0];

internalField   nonuniform List<scalar> 
8000
(
-0.332424
-0.336693
-0.339186
-0.340644
-0.341509
-0.341854
-0.34176
-0.341308
-0.340565
-0.339585
-0.338415
-0.337095
-0.335658
-0.334134
-0.332549
-0.330926
-0.329284
-0.327607
-0.325898
-0.324481
-0.333091
-0.337312
-0.339764
-0.341184
-0.342009
-0.342317
-0.342185
-0.341697
-0.340919
-0.339905
-0.338701
-0.337348
-0.335879
-0.334324
-0.332709
-0.331059
-0.32939
-0.327688
-0.325953
-0.324527
-0.334426
-0.338552
-0.340921
-0.342262
-0.34301
-0.343241
-0.343035
-0.342474
-0.341625
-0.340542
-0.339271
-0.337851
-0.336318
-0.334701
-0.333026
-0.331319
-0.329598
-0.327844
-0.326058
-0.324612
-0.336434
-0.340414
-0.342658
-0.343881
-0.344511
-0.344627
-0.344309
-0.343638
-0.342682
-0.341494
-0.340121
-0.338601
-0.336971
-0.335259
-0.333493
-0.3317
-0.329898
-0.328065
-0.3262
-0.324728
-0.339121
-0.342902
-0.344976
-0.34604
-0.346512
-0.346473
-0.346004
-0.345187
-0.344087
-0.342758
-0.341247
-0.339593
-0.337831
-0.33599
-0.3341
-0.332189
-0.330276
-0.328335
-0.326363
-0.324857
-0.342494
-0.346021
-0.347879
-0.34874
-0.349011
-0.348777
-0.348118
-0.347116
-0.345836
-0.344331
-0.342646
-0.340821
-0.33889
-0.336885
-0.334836
-0.332772
-0.330716
-0.328633
-0.326523
-0.324978
-0.346566
-0.349777
-0.351369
-0.351982
-0.352009
-0.351537
-0.35065
-0.349425
-0.347927
-0.346208
-0.344312
-0.342278
-0.340142
-0.337934
-0.335686
-0.333432
-0.331195
-0.328934
-0.326651
-0.325063
-0.351349
-0.354177
-0.355447
-0.355764
-0.355503
-0.354752
-0.353595
-0.352109
-0.350356
-0.348386
-0.346242
-0.343961
-0.341579
-0.339127
-0.336639
-0.334152
-0.331691
-0.329208
-0.326711
-0.325075
-0.356856
-0.359225
-0.360116
-0.360087
-0.35949
-0.358417
-0.356951
-0.355167
-0.353122
-0.350865
-0.348435
-0.345868
-0.343198
-0.340458
-0.337682
-0.334913
-0.332179
-0.329421
-0.326659
-0.324969
-0.363103
-0.364928
-0.365376
-0.364948
-0.363967
-0.362529
-0.360715
-0.358596
-0.356224
-0.353645
-0.350892
-0.348
-0.345
-0.341924
-0.338808
-0.3357
-0.332632
-0.329533
-0.326443
-0.324685
-0.3701
-0.371287
-0.371223
-0.370341
-0.368927
-0.367081
-0.364882
-0.362393
-0.359663
-0.356728
-0.353619
-0.350364
-0.34699
-0.343527
-0.340013
-0.3365
-0.333024
-0.329502
-0.325999
-0.324147
-0.377858
-0.3783
-0.377651
-0.376257
-0.374362
-0.372066
-0.369445
-0.366556
-0.363439
-0.360122
-0.356627
-0.352974
-0.349184
-0.345282
-0.341305
-0.337309
-0.333334
-0.32928
-0.325247
-0.323254
-0.386375
-0.38596
-0.384646
-0.382682
-0.380257
-0.377472
-0.374398
-0.371082
-0.367555
-0.363834
-0.35993
-0.355852
-0.351609
-0.347217
-0.342706
-0.338136
-0.33355
-0.328822
-0.324094
-0.321869
-0.395642
-0.394248
-0.392191
-0.389599
-0.386596
-0.383285
-0.37973
-0.375967
-0.372014
-0.367877
-0.363552
-0.359031
-0.354308
-0.34938
-0.344266
-0.339019
-0.33368
-0.328089
-0.322426
-0.319811
-0.405633
-0.403138
-0.400258
-0.396981
-0.393356
-0.389485
-0.385425
-0.381202
-0.376819
-0.372266
-0.367522
-0.362559
-0.357345
-0.351852
-0.346071
-0.340038
-0.333775
-0.327065
-0.320105
-0.316816
-0.416308
-0.412591
-0.408811
-0.404795
-0.400507
-0.396048
-0.391468
-0.386778
-0.381971
-0.377018
-0.37188
-0.366501
-0.360818
-0.354762
-0.348278
-0.341359
-0.333979
-0.325806
-0.31701
-0.312579
-0.427606
-0.422554
-0.417804
-0.413001
-0.408015
-0.402944
-0.397834
-0.392683
-0.38747
-0.382153
-0.376671
-0.370942
-0.364864
-0.358314
-0.351165
-0.343334
-0.334701
-0.324725
-0.313372
-0.306992
-0.439446
-0.432964
-0.427185
-0.421555
-0.41584
-0.410141
-0.404496
-0.398896
-0.39331
-0.387685
-0.381944
-0.37598
-0.369654
-0.362777
-0.355128
-0.346504
-0.336643
-0.324575
-0.309421
-0.298975
-0.451731
-0.443747
-0.436891
-0.430403
-0.423938
-0.4176
-0.411423
-0.405393
-0.399477
-0.39362
-0.38774
-0.381717
-0.375379
-0.368469
-0.36063
-0.351456
-0.34032
-0.325108
-0.302476
-0.282263
-0.464354
-0.454821
-0.446859
-0.439492
-0.432263
-0.425278
-0.418574
-0.412138
-0.405943
-0.399948
-0.394092
-0.388282
-0.382372
-0.376118
-0.369133
-0.360862
-0.350134
-0.333124
-0.303358
-0.272953
-0.477198
-0.466099
-0.45702
-0.448764
-0.440763
-0.433129
-0.425903
-0.419076
-0.412639
-0.406581
-0.400895
-0.39558
-0.390647
-0.386135
-0.382166
-0.379025
-0.377015
-0.376326
-0.380824
-0.405609
-0.490148
-0.477496
-0.467304
-0.458162
-0.44939
-0.441106
-0.433355
-0.426133
-0.419445
-0.413308
-0.407756
-0.402848
-0.398686
-0.395439
-0.393397
-0.392995
-0.394674
-0.399294
-0.411548
-0.438833
-0.503093
-0.488925
-0.477644
-0.467631
-0.458097
-0.449165
-0.440884
-0.433252
-0.42628
-0.420002
-0.414471
-0.409776
-0.406045
-0.403473
-0.402345
-0.403022
-0.405794
-0.411297
-0.422806
-0.443054
-0.515932
-0.500308
-0.487976
-0.477116
-0.466838
-0.457269
-0.448455
-0.440393
-0.433097
-0.426603
-0.420971
-0.416291
-0.412688
-0.410334
-0.409459
-0.410308
-0.413022
-0.418004
-0.427526
-0.441994
-0.528576
-0.511567
-0.498233
-0.486564
-0.47557
-0.465377
-0.456031
-0.447522
-0.439859
-0.433073
-0.427216
-0.422362
-0.418613
-0.416094
-0.414958
-0.415336
-0.417233
-0.420892
-0.428032
-0.437899
-0.54094
-0.522627
-0.508349
-0.495916
-0.484238
-0.473443
-0.463571
-0.454598
-0.446526
-0.439372
-0.433172
-0.427977
-0.423851
-0.420868
-0.419111
-0.418614
-0.419293
-0.421302
-0.426032
-0.43205
-0.552944
-0.53341
-0.518252
-0.505105
-0.492783
-0.48141
-0.471015
-0.461564
-0.453041
-0.445449
-0.4388
-0.433117
-0.428428
-0.424761
-0.422137
-0.420528
-0.419799
-0.420067
-0.422495
-0.425235
-0.564505
-0.543832
-0.527861
-0.514053
-0.501128
-0.489202
-0.478292
-0.468346
-0.459331
-0.451232
-0.444038
-0.437744
-0.432344
-0.42783
-0.424179
-0.421323
-0.419107
-0.417637
-0.417895
-0.417803
-0.575531
-0.553801
-0.537085
-0.522671
-0.509185
-0.496729
-0.485307
-0.474849
-0.465303
-0.456633
-0.448808
-0.4418
-0.435575
-0.430097
-0.425317
-0.421146
-0.417428
-0.414269
-0.412495
-0.409941
-0.58592
-0.563212
-0.545819
-0.530854
-0.516846
-0.503884
-0.491953
-0.480962
-0.470845
-0.461546
-0.453017
-0.445209
-0.438072
-0.431552
-0.425585
-0.420075
-0.41488
-0.410109
-0.406445
-0.401751
-0.595551
-0.571947
-0.553945
-0.538483
-0.523993
-0.510544
-0.498102
-0.486559
-0.475832
-0.465851
-0.456554
-0.44788
-0.439769
-0.432157
-0.424979
-0.41814
-0.411519
-0.405228
-0.399819
-0.393277
-0.604289
-0.579873
-0.561332
-0.545426
-0.53049
-0.51657
-0.503615
-0.4915
-0.480127
-0.469417
-0.459301
-0.449711
-0.440584
-0.431857
-0.423467
-0.415332
-0.407355
-0.399645
-0.392642
-0.384516
-0.61198
-0.586843
-0.567834
-0.551538
-0.53619
-0.521815
-0.508342
-0.495634
-0.483583
-0.472106
-0.461129
-0.450589
-0.440423
-0.430578
-0.420997
-0.411617
-0.402365
-0.393347
-0.384899
-0.375434
-0.618457
-0.592697
-0.573295
-0.556661
-0.540935
-0.526117
-0.512123
-0.498804
-0.486047
-0.473771
-0.461906
-0.450395
-0.439186
-0.428235
-0.417502
-0.406941
-0.396506
-0.386292
-0.376549
-0.365968
-0.623541
-0.597265
-0.577548
-0.56063
-0.544558
-0.529311
-0.514792
-0.500846
-0.487362
-0.474265
-0.461495
-0.449007
-0.436763
-0.424737
-0.412903
-0.401236
-0.389714
-0.378421
-0.36753
-0.356036
-0.627041
-0.60037
-0.58042
-0.563271
-0.546887
-0.531225
-0.516179
-0.501595
-0.487369
-0.473438
-0.459758
-0.4463
-0.433047
-0.419986
-0.407115
-0.394426
-0.381919
-0.369663
-0.357768
-0.345545
-0.628764
-0.601827
-0.581731
-0.564408
-0.547746
-0.531683
-0.516112
-0.500884
-0.48591
-0.471143
-0.45656
-0.442153
-0.427926
-0.413887
-0.400051
-0.38643
-0.373043
-0.359941
-0.347178
-0.334395
-0.628513
-0.601451
-0.581302
-0.563862
-0.546957
-0.530511
-0.514421
-0.49855
-0.48283
-0.467235
-0.451769
-0.436447
-0.421296
-0.406344
-0.391624
-0.377168
-0.363008
-0.349176
-0.335679
-0.322486
-0.626093
-0.599059
-0.578952
-0.561454
-0.544344
-0.527538
-0.510941
-0.494436
-0.47798
-0.461579
-0.445262
-0.429071
-0.413056
-0.397267
-0.381754
-0.366563
-0.35174
-0.337292
-0.323187
-0.309721
-0.621317
-0.59447
-0.574505
-0.557012
-0.539738
-0.522597
-0.50551
-0.48839
-0.471223
-0.454048
-0.436924
-0.419923
-0.403117
-0.386577
-0.370366
-0.354546
-0.339169
-0.324219
-0.309627
-0.296014
-0.614008
-0.587515
-0.567795
-0.550371
-0.532977
-0.515532
-0.497983
-0.480274
-0.46243
-0.444526
-0.426654
-0.408914
-0.391401
-0.374203
-0.357397
-0.341056
-0.325238
-0.309897
-0.294935
-0.281286
-0.603994
-0.57803
-0.55866
-0.541372
-0.523907
-0.506197
-0.48822
-0.469961
-0.451488
-0.432914
-0.414364
-0.395967
-0.377841
-0.360087
-0.342796
-0.326046
-0.309898
-0.294276
-0.279056
-0.265475
-0.591128
-0.565869
-0.546958
-0.529875
-0.512392
-0.494463
-0.476103
-0.457345
-0.438302
-0.419128
-0.399985
-0.381025
-0.362388
-0.344189
-0.326525
-0.30948
-0.293114
-0.277322
-0.261949
-0.24853
-0.57528
-0.550907
-0.532562
-0.515756
-0.498313
-0.480217
-0.461529
-0.442334
-0.422795
-0.403107
-0.383465
-0.364048
-0.345012
-0.326483
-0.308563
-0.291339
-0.274869
-0.259013
-0.243589
-0.230417
-0.556344
-0.533034
-0.515365
-0.498909
-0.48157
-0.463369
-0.444418
-0.424862
-0.404912
-0.384807
-0.364773
-0.345014
-0.325699
-0.306962
-0.288906
-0.271621
-0.255158
-0.239344
-0.223967
-0.211118
-0.534239
-0.512168
-0.495281
-0.479252
-0.462087
-0.44385
-0.424715
-0.404884
-0.384622
-0.364209
-0.343902
-0.323923
-0.304455
-0.285636
-0.267568
-0.25034
-0.233995
-0.218326
-0.203088
-0.19063
-0.508909
-0.48825
-0.472252
-0.456728
-0.439812
-0.42162
-0.402387
-0.382381
-0.361918
-0.341317
-0.320864
-0.300798
-0.281309
-0.262537
-0.244582
-0.227527
-0.21141
-0.195987
-0.180976
-0.168967
-0.480331
-0.46125
-0.446246
-0.431307
-0.414721
-0.396662
-0.377431
-0.35736
-0.336818
-0.316161
-0.295697
-0.275681
-0.256307
-0.237715
-0.219998
-0.203234
-0.187453
-0.172375
-0.157673
-0.146163
-0.448513
-0.43117
-0.417259
-0.402989
-0.386821
-0.36899
-0.34987
-0.329856
-0.309367
-0.288792
-0.268461
-0.248639
-0.22952
-0.211241
-0.193888
-0.177531
-0.162191
-0.147553
-0.13324
-0.122266
-0.413494
-0.398039
-0.385321
-0.371804
-0.356144
-0.338648
-0.319756
-0.29993
-0.279635
-0.259289
-0.23924
-0.219758
-0.201037
-0.183207
-0.166343
-0.150508
-0.135713
-0.121609
-0.107757
-0.0973478
-0.375348
-0.361922
-0.35049
-0.337811
-0.322758
-0.305707
-0.28717
-0.267671
-0.247717
-0.227753
-0.208139
-0.189147
-0.170969
-0.153723
-0.137474
-0.122275
-0.108128
-0.0946507
-0.0813292
-0.0715017
-0.334182
-0.322917
-0.312861
-0.301106
-0.286759
-0.27027
-0.252221
-0.233193
-0.213733
-0.194307
-0.175283
-0.156934
-0.139443
-0.122918
-0.107411
-0.0929636
-0.0795679
-0.0668102
-0.054089
-0.0448493
-0.290138
-0.281152
-0.272557
-0.261811
-0.248274
-0.232468
-0.215043
-0.196634
-0.177823
-0.159093
-0.140817
-0.123262
-0.106604
-0.0909381
-0.0763017
-0.0627234
-0.0501872
-0.0382473
-0.0261998
-0.0175459
-0.243394
-0.236792
-0.229737
-0.220084
-0.20746
-0.19246
-0.175796
-0.158155
-0.140148
-0.12227
-0.104897
-0.088288
-0.0726088
-0.0579409
-0.0443074
-0.0317228
-0.0201627
-0.00915168
0.00213529
0.01021
-0.194158
-0.190033
-0.184589
-0.176111
-0.164503
-0.15043
-0.134664
-0.117938
-0.100886
-0.0840126
-0.0676911
-0.0521754
-0.0376187
-0.0240899
-0.0115975
-0.000142464
0.0103066
0.0202513
0.0306594
0.038156
-0.142674
-0.141103
-0.137333
-0.130107
-0.119615
-0.106588
-0.0918524
-0.0761809
-0.0602272
-0.0445013
-0.029373
-0.0150889
-0.00179234
0.0104578
0.0216647
0.0318384
0.0410132
0.0497077
0.0590567
0.065944
-0.0892147
-0.0902589
-0.0882187
-0.0823168
-0.0730339
-0.061166
-0.0475853
-0.0330986
-0.0183741
-0.0039243
0.00988526
0.0228148
0.0347272
0.0455688
0.0553476
0.064079
0.0717926
0.0790008
0.0870037
0.0931463
-0.0340841
-0.0377871
-0.0375215
-0.0330083
-0.0250229
-0.014418
-0.00210584
0.0110796
0.0244605
0.0375253
0.0499133
0.0613893
0.0718178
0.0811412
0.0893599
0.0964854
0.102532
0.107929
0.114008
0.118929
0.0223887
0.0160016
0.0144584
0.0175259
0.0241347
0.0333825
0.0443252
0.0561091
0.0680527
0.0796491
0.0905436
0.100504
0.109389
0.117122
0.123671
0.129014
0.133095
0.135996
0.1386
0.140792
0.0798494
0.0707725
0.0673981
0.0689722
0.0741348
0.0819429
0.0914291
0.101729
0.112163
0.122238
0.131608
0.140051
0.147422
0.153625
0.158583
0.162234
0.164351
0.164159
0.161293
0.158903
0.137922
0.12617
0.120955
0.120998
0.124655
0.130953
0.138908
0.147655
0.156526
0.165047
0.172895
0.179872
0.185859
0.19079
0.194646
0.197498
0.199244
0.198576
0.194562
0.200054
0.196236
0.181838
0.174782
0.173264
0.175367
0.180092
0.186452
0.193585
0.200845
0.207777
0.214091
0.219613
0.22426
0.228006
0.230894
0.233081
0.234595
0.234538
0.232939
0.240749
0.254394
0.237399
0.228512
0.225415
0.225925
0.229027
0.233738
0.239207
0.244807
0.250114
0.254861
0.258901
0.262173
0.264678
0.266482
0.267746
0.268502
0.268038
0.266615
0.273482
0.311996
0.292469
0.281778
0.277094
0.275983
0.277425
0.280444
0.284206
0.28811
0.291756
0.294902
0.297423
0.299276
0.300476
0.301095
0.301286
0.301069
0.299815
0.2978
0.303052
0.368646
0.346669
0.334208
0.327942
0.325197
0.324954
0.326254
0.32828
0.330459
0.332417
0.333935
0.334906
0.335299
0.335135
0.334488
0.333495
0.332164
0.329931
0.32709
0.330705
0.423953
0.399621
0.385438
0.377605
0.373227
0.371291
0.370858
0.371136
0.371577
0.371836
0.371713
0.371116
0.370023
0.368461
0.366499
0.364259
0.361738
0.358436
0.354671
0.356668
0.477536
0.450955
0.435107
0.425736
0.419741
0.41612
0.41396
0.412494
0.411204
0.409769
0.40801
0.405848
0.403269
0.400301
0.397011
0.393505
0.389776
0.385385
0.380667
0.381076
0.529023
0.500311
0.482866
0.471999
0.464418
0.459138
0.455275
0.45209
0.449094
0.445992
0.442622
0.438919
0.434875
0.43052
0.425917
0.421161
0.416241
0.410781
0.405119
0.403985
0.578059
0.547343
0.528379
0.51607
0.506951
0.500056
0.494534
0.489674
0.485018
0.480294
0.47536
0.47016
0.464694
0.458993
0.453116
0.447149
0.44108
0.434592
0.428015
0.425398
0.624304
0.591719
0.571325
0.557642
0.547046
0.5386
0.53148
0.52501
0.518759
0.512479
0.506045
0.499413
0.492587
0.4856
0.478507
0.471386
0.464228
0.456768
0.449317
0.445289
0.667439
0.633128
0.6114
0.596423
0.584431
0.574511
0.565876
0.557879
0.550117
0.542365
0.534514
0.52653
0.518421
0.510223
0.501989
0.493785
0.485608
0.477243
0.468971
0.463617
0.707165
0.671278
0.648323
0.632143
0.618847
0.607551
0.597499
0.588075
0.578903
0.56978
0.560611
0.55137
0.542072
0.532752
0.52346
0.514257
0.505142
0.495946
0.486912
0.480328
0.743206
0.705901
0.681832
0.664553
0.650061
0.637499
0.626146
0.615412
0.604948
0.594568
0.584193
0.573805
0.563422
0.553079
0.542825
0.532714
0.522749
0.512802
0.503075
0.495367
0.775313
0.736752
0.71169
0.693425
0.677857
0.664157
0.651632
0.639719
0.628093
0.616586
0.60513
0.593714
0.58236
0.571105
0.559992
0.549072
0.538352
0.527738
0.517391
0.508675
0.803261
0.763614
0.737687
0.718559
0.702047
0.687345
0.673791
0.660845
0.6482
0.635706
0.623304
0.61099
0.598789
0.586737
0.574877
0.563252
0.551875
0.540683
0.529796
0.520199
0.826857
0.786296
0.759639
0.739779
0.722463
0.706911
0.692482
0.678657
0.665147
0.651815
0.638612
0.625538
0.61262
0.599895
0.587403
0.575184
0.563254
0.551576
0.540231
0.529886
0.845934
0.804637
0.777391
0.756935
0.738967
0.722723
0.707582
0.693043
0.67883
0.664819
0.650966
0.637276
0.623778
0.610508
0.597505
0.584806
0.57243
0.560359
0.548645
0.537693
0.860361
0.818509
0.790816
0.769909
0.751446
0.734675
0.718994
0.703913
0.689167
0.674641
0.660295
0.646139
0.632201
0.618519
0.60513
0.592069
0.579355
0.566988
0.554994
0.543582
0.870035
0.827811
0.799819
0.778609
0.759812
0.742688
0.726643
0.711198
0.696094
0.681222
0.666545
0.652076
0.637843
0.623885
0.610237
0.596932
0.583993
0.571428
0.559245
0.547524
0.874889
0.832479
0.804337
0.782975
0.76401
0.746709
0.730481
0.714852
0.699569
0.684522
0.66968
0.655053
0.640672
0.626575
0.612797
0.599371
0.586318
0.573654
0.561376
0.5495
0.87489
0.832479
0.804337
0.782975
0.76401
0.746709
0.730481
0.714852
0.699569
0.684522
0.66968
0.655053
0.640672
0.626575
0.612798
0.599371
0.586318
0.573654
0.561377
0.5495
0.870036
0.827812
0.799819
0.77861
0.759813
0.742689
0.726644
0.711198
0.696095
0.681222
0.666546
0.652076
0.637843
0.623885
0.610237
0.596933
0.583993
0.571428
0.559245
0.547525
0.860362
0.81851
0.790817
0.76991
0.751446
0.734676
0.718995
0.703913
0.689168
0.674642
0.660296
0.64614
0.632202
0.61852
0.605131
0.592069
0.579356
0.566989
0.554994
0.543583
0.845936
0.804639
0.777392
0.756937
0.738969
0.722724
0.707583
0.693044
0.678832
0.66482
0.650967
0.637277
0.623779
0.610509
0.597506
0.584807
0.572431
0.56036
0.548645
0.537694
0.826858
0.786297
0.759641
0.73978
0.722465
0.706913
0.692483
0.678658
0.665148
0.651816
0.638613
0.625539
0.612621
0.599896
0.587404
0.575186
0.563255
0.551577
0.540232
0.529888
0.803263
0.763616
0.73769
0.718561
0.702049
0.687347
0.673793
0.660847
0.648202
0.635707
0.623306
0.610992
0.598791
0.586739
0.574878
0.563254
0.551877
0.540685
0.529797
0.5202
0.775315
0.736755
0.711693
0.693428
0.67786
0.664159
0.651634
0.639722
0.628095
0.616588
0.605132
0.593716
0.582362
0.571107
0.559994
0.549074
0.538353
0.52774
0.517393
0.508677
0.743209
0.705904
0.681835
0.664556
0.650063
0.637502
0.626149
0.615415
0.60495
0.594571
0.584196
0.573807
0.563424
0.553082
0.542828
0.532717
0.522751
0.512804
0.503077
0.495368
0.707168
0.671282
0.648326
0.632147
0.61885
0.607554
0.597502
0.588078
0.578906
0.569783
0.560614
0.551373
0.542075
0.532755
0.523463
0.51426
0.505144
0.495949
0.486915
0.48033
0.667443
0.633132
0.611404
0.596427
0.584434
0.574514
0.565879
0.557882
0.55012
0.542368
0.534517
0.526533
0.518424
0.510226
0.501991
0.493788
0.485611
0.477246
0.468973
0.463619
0.624308
0.591723
0.571329
0.557646
0.54705
0.538603
0.531484
0.525014
0.518762
0.512483
0.506049
0.499416
0.49259
0.485603
0.47851
0.471389
0.46423
0.456771
0.44932
0.445292
0.578063
0.547347
0.528384
0.516075
0.506955
0.50006
0.494538
0.489678
0.485022
0.480297
0.475363
0.470163
0.464697
0.458996
0.453119
0.447152
0.441083
0.434595
0.428018
0.425401
0.529028
0.500316
0.482871
0.472004
0.464423
0.459143
0.455279
0.452094
0.449098
0.445996
0.442626
0.438923
0.434879
0.430524
0.42592
0.421164
0.416244
0.410784
0.405122
0.403988
0.477541
0.45096
0.435112
0.425741
0.419746
0.416125
0.413965
0.412498
0.411208
0.409773
0.408014
0.405852
0.403273
0.400305
0.397014
0.393509
0.389779
0.385388
0.38067
0.381079
0.423959
0.399627
0.385443
0.37761
0.373232
0.371296
0.370863
0.37114
0.371582
0.37184
0.371717
0.37112
0.370027
0.368465
0.366503
0.364263
0.361742
0.35844
0.354674
0.356672
0.368652
0.346675
0.334214
0.327947
0.325203
0.32496
0.326259
0.328285
0.330464
0.332422
0.33394
0.33491
0.335303
0.335139
0.334492
0.333499
0.332168
0.329935
0.327094
0.330708
0.312002
0.292475
0.281784
0.2771
0.275989
0.27743
0.28045
0.284211
0.288115
0.291761
0.294907
0.297427
0.299281
0.30048
0.301099
0.30129
0.301073
0.299819
0.297804
0.303055
0.2544
0.237405
0.228519
0.225421
0.225931
0.229033
0.233744
0.239212
0.244813
0.25012
0.254866
0.258905
0.262178
0.264683
0.266486
0.26775
0.268506
0.268042
0.266619
0.273486
0.196243
0.181845
0.174788
0.17327
0.175373
0.180098
0.186458
0.193591
0.20085
0.207783
0.214096
0.219618
0.224265
0.228011
0.230899
0.233086
0.234599
0.234542
0.232943
0.240752
0.137928
0.126177
0.120961
0.121004
0.124662
0.130959
0.138914
0.147661
0.156532
0.165052
0.172901
0.179877
0.185864
0.190795
0.194651
0.197503
0.199249
0.198581
0.194566
0.200058
0.0798565
0.0707795
0.067405
0.068979
0.0741415
0.0819495
0.0914356
0.101735
0.112169
0.122244
0.131614
0.140056
0.147428
0.15363
0.158588
0.162239
0.164356
0.164163
0.161297
0.158908
0.022396
0.0160088
0.0144655
0.0175329
0.0241415
0.0333893
0.0443318
0.0561155
0.0680589
0.0796552
0.0905495
0.10051
0.109394
0.117127
0.123676
0.129019
0.1331
0.136001
0.138604
0.140797
-0.0340766
-0.0377797
-0.0375142
-0.0330011
-0.0250158
-0.0144111
-0.00209908
0.0110862
0.0244669
0.0375316
0.0499194
0.0613952
0.0718234
0.0811467
0.0893652
0.0964905
0.102537
0.107934
0.114013
0.118933
-0.0892071
-0.0902514
-0.0882113
-0.0823095
-0.0730267
-0.0611589
-0.0475784
-0.0330918
-0.0183675
-0.00391791
0.00989145
0.0228208
0.034733
0.0455745
0.055353
0.0640843
0.0717978
0.0790058
0.0870086
0.093151
-0.142666
-0.141095
-0.137326
-0.1301
-0.119607
-0.106581
-0.0918454
-0.0761741
-0.0602205
-0.0444947
-0.0293667
-0.0150827
-0.00178638
0.0104636
0.0216703
0.0318439
0.0410185
0.0497128
0.0590617
0.0659489
-0.19415
-0.190026
-0.184581
-0.176103
-0.164495
-0.150423
-0.134657
-0.117931
-0.100879
-0.084006
-0.0676847
-0.0521692
-0.0376126
-0.0240839
-0.0115917
-0.000136868
0.010312
0.0202566
0.0306645
0.038161
-0.243386
-0.236784
-0.229729
-0.220077
-0.207453
-0.192453
-0.175789
-0.158148
-0.140141
-0.122264
-0.10489
-0.0882816
-0.0726026
-0.0579349
-0.0443015
-0.031717
-0.0201572
-0.00914628
0.00214055
0.0102151
-0.29013
-0.281144
-0.272549
-0.261804
-0.248267
-0.232461
-0.215035
-0.196627
-0.177816
-0.159086
-0.14081
-0.123256
-0.106598
-0.0909319
-0.0762958
-0.0627176
-0.0501815
-0.0382418
-0.0261945
-0.0175407
-0.334174
-0.322909
-0.312853
-0.301098
-0.286751
-0.270263
-0.252214
-0.233186
-0.213725
-0.1943
-0.175277
-0.156928
-0.139437
-0.122912
-0.107405
-0.0929577
-0.0795621
-0.0668046
-0.0540835
-0.044844
-0.375339
-0.361914
-0.350482
-0.337804
-0.32275
-0.305699
-0.287163
-0.267664
-0.24771
-0.227746
-0.208132
-0.189141
-0.170962
-0.153716
-0.137468
-0.122269
-0.108122
-0.094645
-0.0813236
-0.0714963
-0.413486
-0.398031
-0.385313
-0.371796
-0.356136
-0.33864
-0.319749
-0.299923
-0.279628
-0.259282
-0.239233
-0.219751
-0.201031
-0.1832
-0.166337
-0.150502
-0.135707
-0.121604
-0.107751
-0.0973422
-0.448505
-0.431162
-0.417251
-0.402981
-0.386813
-0.368982
-0.349862
-0.329849
-0.30936
-0.288785
-0.268455
-0.248632
-0.229514
-0.211235
-0.193882
-0.177525
-0.162185
-0.147547
-0.133234
-0.12226
-0.480323
-0.461242
-0.446237
-0.431299
-0.414714
-0.396654
-0.377423
-0.357353
-0.336811
-0.316153
-0.29569
-0.275674
-0.256301
-0.237708
-0.219991
-0.203228
-0.187447
-0.172369
-0.157668
-0.146157
-0.508901
-0.488242
-0.472244
-0.45672
-0.439804
-0.421612
-0.40238
-0.382373
-0.361911
-0.34131
-0.320857
-0.300791
-0.281302
-0.26253
-0.244575
-0.227521
-0.211404
-0.195981
-0.18097
-0.168962
-0.53423
-0.51216
-0.495273
-0.479244
-0.462079
-0.443843
-0.424707
-0.404876
-0.384615
-0.364202
-0.343895
-0.323917
-0.304448
-0.285629
-0.267562
-0.250334
-0.233989
-0.21832
-0.203082
-0.190624
-0.556336
-0.533026
-0.515357
-0.498901
-0.481562
-0.463361
-0.444411
-0.424854
-0.404905
-0.3848
-0.364766
-0.345007
-0.325692
-0.306955
-0.2889
-0.271615
-0.255152
-0.239338
-0.223961
-0.211112
-0.575272
-0.550899
-0.532555
-0.515748
-0.498305
-0.480209
-0.461521
-0.442327
-0.422788
-0.4031
-0.383458
-0.364041
-0.345005
-0.326477
-0.308556
-0.291333
-0.274863
-0.259007
-0.243583
-0.230411
-0.59112
-0.565862
-0.546951
-0.529868
-0.512385
-0.494455
-0.476095
-0.457337
-0.438295
-0.419121
-0.399978
-0.381019
-0.362381
-0.344183
-0.326518
-0.309473
-0.293108
-0.277316
-0.261943
-0.248524
-0.603986
-0.578022
-0.558653
-0.541365
-0.523899
-0.50619
-0.488213
-0.469954
-0.451481
-0.432907
-0.414357
-0.39596
-0.377834
-0.360081
-0.342789
-0.326039
-0.309891
-0.29427
-0.279049
-0.265469
-0.614001
-0.587508
-0.567788
-0.550364
-0.53297
-0.515525
-0.497976
-0.480267
-0.462424
-0.444519
-0.426648
-0.408907
-0.391394
-0.374196
-0.357391
-0.34105
-0.325231
-0.30989
-0.294929
-0.28128
-0.62131
-0.594463
-0.574498
-0.557005
-0.539731
-0.52259
-0.505504
-0.488383
-0.471216
-0.454041
-0.436917
-0.419916
-0.403111
-0.38657
-0.370359
-0.354539
-0.339163
-0.324213
-0.309621
-0.296007
-0.626086
-0.599052
-0.578944
-0.561447
-0.544337
-0.527531
-0.510934
-0.494429
-0.477974
-0.461573
-0.445255
-0.429065
-0.41305
-0.397261
-0.381747
-0.366556
-0.351733
-0.337286
-0.32318
-0.309715
-0.628506
-0.601444
-0.581295
-0.563855
-0.54695
-0.530505
-0.514415
-0.498544
-0.482823
-0.467229
-0.451763
-0.436441
-0.421289
-0.406337
-0.391618
-0.377161
-0.363001
-0.34917
-0.335672
-0.322479
-0.628757
-0.60182
-0.581725
-0.564402
-0.547739
-0.531677
-0.516106
-0.500878
-0.485903
-0.471136
-0.456554
-0.442147
-0.42792
-0.413881
-0.400044
-0.386423
-0.373036
-0.359935
-0.347172
-0.334389
-0.627035
-0.600363
-0.580413
-0.563265
-0.546881
-0.531219
-0.516173
-0.501588
-0.487363
-0.473432
-0.459752
-0.446294
-0.43304
-0.41998
-0.407109
-0.394419
-0.381912
-0.369657
-0.357761
-0.345539
-0.623534
-0.597259
-0.577542
-0.560624
-0.544552
-0.529305
-0.514786
-0.50084
-0.487356
-0.474259
-0.461489
-0.449001
-0.436757
-0.424731
-0.412897
-0.40123
-0.389708
-0.378415
-0.367524
-0.35603
-0.618451
-0.592691
-0.573289
-0.556655
-0.540929
-0.526112
-0.512118
-0.498798
-0.486041
-0.473765
-0.461901
-0.450389
-0.43918
-0.428229
-0.417496
-0.406935
-0.396499
-0.386286
-0.376543
-0.365962
-0.611974
-0.586837
-0.567828
-0.551532
-0.536185
-0.521809
-0.508337
-0.495628
-0.483577
-0.4721
-0.461124
-0.450583
-0.440418
-0.430572
-0.420992
-0.411611
-0.40236
-0.393341
-0.384893
-0.375428
-0.604283
-0.579867
-0.561326
-0.545421
-0.530485
-0.516565
-0.50361
-0.491495
-0.480121
-0.469412
-0.459295
-0.449705
-0.440578
-0.431851
-0.423461
-0.415326
-0.407349
-0.399639
-0.392636
-0.38451
-0.595546
-0.571942
-0.55394
-0.538478
-0.523988
-0.510539
-0.498097
-0.486554
-0.475827
-0.465846
-0.456549
-0.447875
-0.439763
-0.432152
-0.424973
-0.418134
-0.411514
-0.405222
-0.399814
-0.393271
-0.585915
-0.563207
-0.545814
-0.530849
-0.516842
-0.503879
-0.491948
-0.480958
-0.47084
-0.461541
-0.453012
-0.445204
-0.438067
-0.431546
-0.42558
-0.42007
-0.414875
-0.410104
-0.406439
-0.401745
-0.575526
-0.553796
-0.53708
-0.522666
-0.50918
-0.496725
-0.485303
-0.474844
-0.465298
-0.456628
-0.448804
-0.441795
-0.43557
-0.430092
-0.425312
-0.42114
-0.417422
-0.414264
-0.41249
-0.409935
-0.5645
-0.543827
-0.527857
-0.514048
-0.501124
-0.489197
-0.478287
-0.468341
-0.459327
-0.451228
-0.444033
-0.437739
-0.43234
-0.427825
-0.424174
-0.421318
-0.419101
-0.417631
-0.417889
-0.417797
-0.552939
-0.533405
-0.518248
-0.5051
-0.492779
-0.481406
-0.471011
-0.46156
-0.453037
-0.445444
-0.438796
-0.433113
-0.428423
-0.424756
-0.422132
-0.420523
-0.419794
-0.420062
-0.42249
-0.425229
-0.540935
-0.522623
-0.508345
-0.495912
-0.484234
-0.473439
-0.463567
-0.454594
-0.446522
-0.439368
-0.433168
-0.427973
-0.423847
-0.420864
-0.419106
-0.418609
-0.419288
-0.421297
-0.426026
-0.432044
-0.528571
-0.511563
-0.498229
-0.48656
-0.475566
-0.465373
-0.456028
-0.447519
-0.439855
-0.433069
-0.427212
-0.422359
-0.418609
-0.41609
-0.414954
-0.415332
-0.417229
-0.420887
-0.428027
-0.437893
-0.515928
-0.500304
-0.487972
-0.477113
-0.466835
-0.457265
-0.448451
-0.440389
-0.433093
-0.4266
-0.420968
-0.416287
-0.412684
-0.410331
-0.409455
-0.410304
-0.413018
-0.417999
-0.427521
-0.441988
-0.503089
-0.488921
-0.477641
-0.467627
-0.458093
-0.449162
-0.440881
-0.433248
-0.426277
-0.419998
-0.414468
-0.409772
-0.406042
-0.403469
-0.402341
-0.403017
-0.405789
-0.411292
-0.422801
-0.443048
-0.490144
-0.477492
-0.4673
-0.458159
-0.449387
-0.441103
-0.433352
-0.42613
-0.419442
-0.413305
-0.407752
-0.402845
-0.398683
-0.395436
-0.393393
-0.392991
-0.39467
-0.39929
-0.411543
-0.438828
-0.477194
-0.466096
-0.457016
-0.448761
-0.44076
-0.433126
-0.4259
-0.419074
-0.412636
-0.406578
-0.400892
-0.395577
-0.390644
-0.386132
-0.382162
-0.379021
-0.377011
-0.376322
-0.380819
-0.405605
-0.46435
-0.454817
-0.446856
-0.439489
-0.43226
-0.425275
-0.418572
-0.412136
-0.40594
-0.399946
-0.39409
-0.388279
-0.382369
-0.376115
-0.36913
-0.360859
-0.350131
-0.33312
-0.303353
-0.272948
-0.451728
-0.443744
-0.436888
-0.4304
-0.423936
-0.417597
-0.41142
-0.405391
-0.399474
-0.393617
-0.387737
-0.381714
-0.375376
-0.368466
-0.360627
-0.351453
-0.340317
-0.325104
-0.302472
-0.282258
-0.439442
-0.432961
-0.427181
-0.421552
-0.415837
-0.410138
-0.404494
-0.398894
-0.393307
-0.387682
-0.381941
-0.375978
-0.369651
-0.362774
-0.355124
-0.346501
-0.33664
-0.324571
-0.309417
-0.298971
-0.427602
-0.422551
-0.417801
-0.412998
-0.408012
-0.402942
-0.397831
-0.39268
-0.387467
-0.38215
-0.376668
-0.370939
-0.364861
-0.358311
-0.351163
-0.343331
-0.334698
-0.324721
-0.313368
-0.306988
-0.416305
-0.412587
-0.408808
-0.404792
-0.400504
-0.396045
-0.391465
-0.386776
-0.381968
-0.377016
-0.371877
-0.366498
-0.360815
-0.354759
-0.348275
-0.341356
-0.333976
-0.325803
-0.317006
-0.312574
-0.40563
-0.403135
-0.400255
-0.396978
-0.393353
-0.389482
-0.385423
-0.381199
-0.376816
-0.372264
-0.36752
-0.362557
-0.357343
-0.35185
-0.346068
-0.340035
-0.333772
-0.327061
-0.320101
-0.316812
-0.395638
-0.394245
-0.392189
-0.389596
-0.386594
-0.383283
-0.379727
-0.375964
-0.372012
-0.367875
-0.36355
-0.359029
-0.354305
-0.349378
-0.344263
-0.339016
-0.333677
-0.328086
-0.322423
-0.319807
-0.386371
-0.385957
-0.384644
-0.38268
-0.380255
-0.37747
-0.374396
-0.37108
-0.367553
-0.363832
-0.359928
-0.35585
-0.351607
-0.347215
-0.342704
-0.338133
-0.333547
-0.328819
-0.324091
-0.321865
-0.377854
-0.378297
-0.377648
-0.376254
-0.374359
-0.372064
-0.369443
-0.366554
-0.363437
-0.36012
-0.356625
-0.352972
-0.349182
-0.34528
-0.341302
-0.337306
-0.333332
-0.329277
-0.325244
-0.32325
-0.370097
-0.371284
-0.37122
-0.370338
-0.368925
-0.367079
-0.36488
-0.362391
-0.359661
-0.356726
-0.353617
-0.350362
-0.346988
-0.343525
-0.34001
-0.336497
-0.333022
-0.329499
-0.325996
-0.324144
-0.363099
-0.364925
-0.365373
-0.364946
-0.363965
-0.362527
-0.360713
-0.358594
-0.356223
-0.353643
-0.35089
-0.347998
-0.344998
-0.341922
-0.338806
-0.335698
-0.33263
-0.32953
-0.32644
-0.324682
-0.356853
-0.359222
-0.360114
-0.360085
-0.359488
-0.358415
-0.35695
-0.355165
-0.353121
-0.350863
-0.348433
-0.345866
-0.343196
-0.340456
-0.33768
-0.334911
-0.332177
-0.329418
-0.326656
-0.324966
-0.351346
-0.354174
-0.355445
-0.355762
-0.355501
-0.35475
-0.353593
-0.352108
-0.350355
-0.348385
-0.34624
-0.34396
-0.341577
-0.339126
-0.336637
-0.33415
-0.331689
-0.329206
-0.326708
-0.325072
-0.346564
-0.349775
-0.351367
-0.35198
-0.352007
-0.351536
-0.350648
-0.349423
-0.347926
-0.346206
-0.34431
-0.342277
-0.34014
-0.337932
-0.335685
-0.333431
-0.331193
-0.328932
-0.326649
-0.32506
-0.342492
-0.346019
-0.347878
-0.348739
-0.34901
-0.348775
-0.348117
-0.347115
-0.345835
-0.34433
-0.342645
-0.340819
-0.338889
-0.336884
-0.334834
-0.332771
-0.330714
-0.328632
-0.326521
-0.324976
-0.339119
-0.3429
-0.344975
-0.346039
-0.346511
-0.346472
-0.346003
-0.345186
-0.344086
-0.342757
-0.341246
-0.339592
-0.33783
-0.335989
-0.334099
-0.332188
-0.330275
-0.328334
-0.326361
-0.324855
-0.336432
-0.340412
-0.342657
-0.34388
-0.34451
-0.344626
-0.344308
-0.343638
-0.342681
-0.341493
-0.34012
-0.338601
-0.33697
-0.335258
-0.333492
-0.331699
-0.329897
-0.328064
-0.326199
-0.324726
-0.334425
-0.338551
-0.34092
-0.342262
-0.343009
-0.34324
-0.343035
-0.342474
-0.341624
-0.340541
-0.33927
-0.337851
-0.336318
-0.334701
-0.333026
-0.331319
-0.329597
-0.327844
-0.326057
-0.324611
-0.33309
-0.337312
-0.339763
-0.341183
-0.342009
-0.342316
-0.342185
-0.341697
-0.340918
-0.339904
-0.338701
-0.337348
-0.335879
-0.334324
-0.332709
-0.331058
-0.32939
-0.327687
-0.325953
-0.324526
-0.332424
-0.336693
-0.339186
-0.340644
-0.341508
-0.341854
-0.34176
-0.341308
-0.340565
-0.339585
-0.338415
-0.337095
-0.335658
-0.334134
-0.332549
-0.330926
-0.329284
-0.327607
-0.325898
-0.324481
-0.314544
-0.201398
-0.172017
-0.109811
-0.0905852
-0.0621766
-0.0496249
-0.0357063
-0.0272692
-0.019302
-0.0135441
-0.00862308
-0.00505662
-0.00211258
-0.000373559
0.00145828
0.00145027
0.00320135
0.000591215
0.00456432
-0.314883
-0.201558
-0.172122
-0.109913
-0.0906395
-0.0622341
-0.0496613
-0.0357421
-0.0272969
-0.0193273
-0.0135648
-0.00864087
-0.00507127
-0.00212496
-0.000383563
0.00144978
0.00144434
0.00319533
0.000590239
0.00455619
-0.315555
-0.201877
-0.172331
-0.110117
-0.0907486
-0.0623498
-0.0497347
-0.0358137
-0.027352
-0.0193773
-0.0136057
-0.00867587
-0.00510008
-0.00214933
-0.000403301
0.00143295
0.00143255
0.00318328
0.000588213
0.00453991
-0.316544
-0.202352
-0.172642
-0.110423
-0.0909121
-0.0625233
-0.0498447
-0.035921
-0.0274343
-0.0194518
-0.0136665
-0.00872795
-0.00514292
-0.00218558
-0.000432691
0.00140786
0.00141495
0.00316527
0.000585201
0.00451559
-0.317831
-0.20298
-0.173052
-0.11083
-0.0911292
-0.0627541
-0.049991
-0.0360632
-0.0275433
-0.0195505
-0.0137468
-0.00879677
-0.00519955
-0.00223349
-0.000471559
0.00137464
0.00139163
0.00314137
0.000581212
0.00448327
-0.319389
-0.203758
-0.173557
-0.111338
-0.0913992
-0.0630415
-0.050173
-0.0362399
-0.0276785
-0.0196726
-0.0138463
-0.00888195
-0.00526963
-0.00229281
-0.000519705
0.00133344
0.0013627
0.00311167
0.000576287
0.00444306
-0.321187
-0.204682
-0.174153
-0.111945
-0.0917208
-0.0633844
-0.0503899
-0.0364499
-0.0278392
-0.0198176
-0.0139644
-0.008983
-0.00535278
-0.0023632
-0.000576869
0.00128448
0.0013283
0.00307629
0.00057046
0.00439508
-0.323189
-0.205751
-0.174834
-0.11265
-0.092093
-0.0637819
-0.050641
-0.0366925
-0.0280244
-0.0199846
-0.0141003
-0.00909937
-0.00544855
-0.00244429
-0.000642753
0.00122799
0.00128858
0.00303537
0.000563773
0.00433947
-0.325353
-0.206964
-0.175597
-0.113452
-0.0925144
-0.0642327
-0.0509253
-0.0369663
-0.0282334
-0.0201727
-0.0142535
-0.00923043
-0.00555642
-0.00253564
-0.000717023
0.00116423
0.00124373
0.00298905
0.000556274
0.0042764
-0.327632
-0.208323
-0.176434
-0.11435
-0.0929836
-0.0647352
-0.0512419
-0.0372703
-0.028465
-0.020381
-0.0144231
-0.00937551
-0.00567586
-0.00263679
-0.000799311
0.0010935
0.00119394
0.00293752
0.000548015
0.00420605
-0.329972
-0.209831
-0.17734
-0.11534
-0.0934992
-0.0652877
-0.0515897
-0.037603
-0.0287183
-0.0206085
-0.0146083
-0.00953387
-0.00580626
-0.00274724
-0.000889222
0.00101613
0.00113943
0.00288095
0.00053905
0.00412863
-0.332308
-0.211495
-0.178311
-0.116421
-0.0940596
-0.0658886
-0.0519677
-0.0379629
-0.028992
-0.0208539
-0.0148081
-0.00970474
-0.005947
-0.00286646
-0.000986337
0.000932437
0.00108041
0.00281957
0.000529433
0.00404435
-0.334561
-0.213323
-0.179344
-0.11759
-0.0946638
-0.0665359
-0.0523748
-0.0383488
-0.0292851
-0.0211163
-0.0150217
-0.00988735
-0.00609744
-0.00299391
-0.00109023
0.000842786
0.00101713
0.00275358
0.000519214
0.00395347
-0.336622
-0.215328
-0.180437
-0.118847
-0.0953115
-0.0672285
-0.0528106
-0.0387593
-0.0295966
-0.0213945
-0.0152484
-0.010081
-0.006257
-0.00312908
-0.00120049
0.000747516
0.00094981
0.0026832
0.000508459
0.00385621
-0.338327
-0.217508
-0.181586
-0.120187
-0.0959999
-0.0679635
-0.0532733
-0.0391929
-0.0299252
-0.0216875
-0.015487
-0.0102848
-0.00642498
-0.00327141
-0.00131664
0.000646977
0.000878743
0.00260861
0.000497317
0.00375276
-0.339479
-0.219832
-0.182767
-0.12159
-0.0967169
-0.0687312
-0.0537571
-0.0396446
-0.0302675
-0.0219923
-0.0157354
-0.0104971
-0.0066001
-0.00341991
-0.00143794
0.000541669
0.000804301
0.00253003
0.000485932
0.00364335
-0.339978
-0.22231
-0.183985
-0.123045
-0.097459
-0.0695242
-0.0542576
-0.0401094
-0.0306194
-0.0223054
-0.015991
-0.0107157
-0.00678081
-0.00357335
-0.00156367
0.000432378
0.000726574
0.00244823
0.000473636
0.0035289
-0.339595
-0.225229
-0.185435
-0.124677
-0.0983132
-0.0703961
-0.0548108
-0.0406102
-0.0309967
-0.0226372
-0.0162612
-0.0109458
-0.00697087
-0.0037338
-0.00169557
0.000319019
0.000644357
0.00236465
0.000458369
0.00341139
-0.336345
-0.228756
-0.187335
-0.126706
-0.0994118
-0.0714623
-0.0554962
-0.0412109
-0.031447
-0.0230256
-0.0165744
-0.0112084
-0.00718486
-0.00391129
-0.00183957
0.000197303
0.000556787
0.00227673
0.000443171
0.00328777
-0.325907
-0.230493
-0.188405
-0.128355
-0.100201
-0.0724079
-0.0561097
-0.0417955
-0.0318961
-0.0234268
-0.0169006
-0.0114849
-0.00740783
-0.00409972
-0.00198609
6.35551e-05
0.000476087
0.00216852
0.000454416
0.00313659
-0.280346
-0.22624
-0.186603
-0.130223
-0.0999494
-0.0736689
-0.0568025
-0.0428552
-0.0327582
-0.0243336
-0.017672
-0.0121947
-0.00799503
-0.00465199
-0.00240281
-0.000401546
0.000265625
0.00170553
0.000623175
0.0024874
-0.250677
-0.216951
-0.178746
-0.128738
-0.098764
-0.074566
-0.0577234
-0.0442076
-0.0340419
-0.0256638
-0.0189046
-0.0133542
-0.00903714
-0.00561018
-0.00322626
-0.0011768
-0.000295761
0.00107454
0.000459597
0.00173818
-0.230517
-0.20151
-0.166926
-0.124857
-0.0969586
-0.0747444
-0.0583906
-0.0453224
-0.0352294
-0.0269182
-0.0201196
-0.0145144
-0.0101004
-0.00658773
-0.00407738
-0.00196538
-0.000894369
0.000447797
0.000196703
0.00112818
-0.206265
-0.182139
-0.152895
-0.119361
-0.0944672
-0.0742804
-0.0587148
-0.0461821
-0.0362662
-0.028063
-0.0212722
-0.0156402
-0.0111475
-0.00755704
-0.00491946
-0.00274801
-0.00148548
-0.000174975
-7.65953e-05
0.000599872
-0.180491
-0.162041
-0.138673
-0.112853
-0.0913487
-0.0732159
-0.0586545
-0.0467475
-0.0371019
-0.0290544
-0.0223213
-0.0166982
-0.0121537
-0.00849773
-0.00573992
-0.00350657
-0.00206303
-0.000768127
-0.000354052
0.000149563
-0.155631
-0.14321
-0.125399
-0.105929
-0.0877982
-0.0716929
-0.0582572
-0.0470407
-0.0377393
-0.0298908
-0.0232584
-0.017678
-0.013109
-0.0094017
-0.00653418
-0.00423531
-0.00262408
-0.00132202
-0.000630939
-0.000222931
-0.133399
-0.126438
-0.113508
-0.099054
-0.0840384
-0.0698786
-0.0576076
-0.0471138
-0.0382061
-0.0305895
-0.0240889
-0.0185772
-0.0140069
-0.0102628
-0.00729764
-0.00493159
-0.00316536
-0.00183488
-0.000900637
-0.000521868
-0.114259
-0.111867
-0.103056
-0.0925157
-0.0802537
-0.0679134
-0.0567878
-0.0470199
-0.038533
-0.0311697
-0.0248205
-0.0193948
-0.0148408
-0.0110733
-0.00802393
-0.00559177
-0.00368348
-0.0023067
-0.00115853
-0.000754893
-0.0981735
-0.0993715
-0.0939581
-0.0864718
-0.076578
-0.0659017
-0.0558661
-0.046805
-0.0387474
-0.0316483
-0.0254606
-0.0201304
-0.015605
-0.0118257
-0.00870571
-0.00621106
-0.00417449
-0.00273783
-0.00140174
-0.000931581
-0.0848149
-0.0887403
-0.0860878
-0.0809931
-0.0731017
-0.063919
-0.0548966
-0.0465071
-0.038873
-0.0320398
-0.0260165
-0.0207851
-0.0162956
-0.0125133
-0.00933606
-0.00678444
-0.00463398
-0.00312864
-0.00162817
-0.00106213
-0.0738115
-0.0797524
-0.0793153
-0.0761009
-0.0698832
-0.0620196
-0.0539215
-0.0461572
-0.0389297
-0.0323566
-0.0264947
-0.0213611
-0.0169109
-0.0131322
-0.0099096
-0.0073076
-0.00505779
-0.00347951
-0.00183616
-0.00115631
-0.0647988
-0.0722017
-0.0735218
-0.0717896
-0.0669584
-0.0602431
-0.0529739
-0.0457811
-0.0389346
-0.0326095
-0.026902
-0.0218616
-0.0174514
-0.0136806
-0.010423
-0.00777751
-0.00544244
-0.00379096
-0.00202444
-0.00122282
-0.0574624
-0.0659058
-0.0686041
-0.0680405
-0.0643485
-0.0586183
-0.0520801
-0.0454003
-0.0389028
-0.0328082
-0.0272446
-0.0222909
-0.0179195
-0.0141589
-0.0108748
-0.00819253
-0.00578551
-0.00406371
-0.00219213
-0.00126887
-0.0515367
-0.060708
-0.0644745
-0.0648293
-0.0620643
-0.0571659
-0.0512609
-0.0450324
-0.0388473
-0.0329616
-0.0275287
-0.0226535
-0.0183181
-0.0145689
-0.0112653
-0.00855231
-0.00608555
-0.00429873
-0.00233875
-0.00130015
-0.0468066
-0.0564767
-0.0610598
-0.0621307
-0.0601104
-0.0559012
-0.0505326
-0.0446922
-0.0387794
-0.0330775
-0.0277602
-0.022954
-0.0186512
-0.0149132
-0.0115954
-0.00885738
-0.00634196
-0.0044971
-0.00246411
-0.00132094
-0.0430995
-0.0531041
-0.0583
-0.0599212
-0.0584872
-0.054835
-0.0499084
-0.0443917
-0.0387084
-0.0331631
-0.0279444
-0.023197
-0.0189223
-0.0151947
-0.0118669
-0.00910878
-0.00655469
-0.00466001
-0.00256825
-0.00133431
-0.0402815
-0.0505039
-0.0561473
-0.0581797
-0.0571932
-0.0539749
-0.0493981
-0.0441403
-0.0386424
-0.0332242
-0.0280859
-0.0233864
-0.0191348
-0.0154161
-0.0120814
-0.00930785
-0.00672406
-0.00478865
-0.00265128
-0.00134237
-0.0382512
-0.0486095
-0.0545644
-0.0568891
-0.0562259
-0.053326
-0.0490092
-0.0439454
-0.0385874
-0.0332657
-0.0281885
-0.0235254
-0.0192915
-0.01558
-0.0122407
-0.00945588
-0.00685049
-0.00488417
-0.00271351
-0.00134619
-0.0369365
-0.047372
-0.0535241
-0.0560362
-0.0555826
-0.0528919
-0.0487472
-0.0438126
-0.0385481
-0.0332913
-0.0282552
-0.0236165
-0.0193948
-0.015688
-0.0123463
-0.00955365
-0.00693498
-0.00494665
-0.00275656
-0.00134552
-0.0362901
-0.0467596
-0.0530085
-0.0556123
-0.0552618
-0.052675
-0.048616
-0.0437457
-0.038528
-0.0333036
-0.0282884
-0.0236615
-0.0194464
-0.0157411
-0.0123998
-0.00960093
-0.00697931
-0.00497454
-0.00278325
-0.00133985
-0.244173
-0.254812
-0.264757
-0.27411
-0.283001
-0.291586
-0.300052
-0.308618
-0.317531
-0.327062
-0.337502
-0.349153
-0.362313
-0.377276
-0.394311
-0.413574
-0.435086
-0.459931
-0.491228
-0.517226
-0.168456
-0.178327
-0.187923
-0.197239
-0.206264
-0.214989
-0.2234
-0.231492
-0.239265
-0.246733
-0.253935
-0.260941
-0.267866
-0.274882
-0.282228
-0.290178
-0.299031
-0.309801
-0.325043
-0.339297
-0.128549
-0.136011
-0.143333
-0.150536
-0.157641
-0.164672
-0.171655
-0.178614
-0.185571
-0.192547
-0.199559
-0.206617
-0.213726
-0.220889
-0.228106
-0.235364
-0.242634
-0.250185
-0.25895
-0.266356
-0.0940708
-0.100009
-0.105849
-0.111591
-0.117236
-0.122786
-0.128245
-0.133617
-0.138911
-0.144135
-0.149305
-0.154437
-0.159554
-0.164679
-0.169842
-0.175063
-0.180353
-0.185853
-0.19198
-0.197389
-0.0739353
-0.078767
-0.0835358
-0.0882434
-0.0928914
-0.0974811
-0.102014
-0.10649
-0.110909
-0.115272
-0.119579
-0.123828
-0.128019
-0.132154
-0.136234
-0.14026
-0.144231
-0.148207
-0.152331
-0.155997
-0.0570427
-0.060998
-0.0649102
-0.0687793
-0.0726054
-0.0763887
-0.0801295
-0.0838281
-0.087485
-0.0911007
-0.0946758
-0.0982109
-0.101706
-0.105163
-0.108581
-0.111958
-0.115295
-0.118612
-0.121947
-0.125028
-0.0458775
-0.0492148
-0.0525202
-0.0557934
-0.0590341
-0.0622419
-0.0654163
-0.068557
-0.0716634
-0.074735
-0.0777713
-0.0807716
-0.0837354
-0.0866623
-0.0895516
-0.0924026
-0.0952153
-0.0979963
-0.100747
-0.103375
-0.0368832
-0.0397218
-0.0425378
-0.0453306
-0.0481
-0.0508456
-0.0535669
-0.0562636
-0.0589354
-0.061582
-0.0642028
-0.0667977
-0.0693661
-0.0719075
-0.0744216
-0.0769077
-0.0793659
-0.0817962
-0.0841904
-0.0865425
-0.030399
-0.0328603
-0.0353038
-0.0377288
-0.0401348
-0.0425211
-0.0448874
-0.0472331
-0.0495576
-0.0518606
-0.0541417
-0.0564004
-0.0586364
-0.0608494
-0.0630389
-0.065205
-0.0673479
-0.0694648
-0.0715467
-0.0736302
-0.0252563
-0.0274113
-0.0295524
-0.031679
-0.0337904
-0.0358862
-0.0379657
-0.0400284
-0.0420738
-0.0441015
-0.0461109
-0.0481016
-0.0500734
-0.0520256
-0.0539581
-0.0558707
-0.0577635
-0.0596324
-0.06147
-0.0633304
-0.0213606
-0.0232725
-0.0251728
-0.0270609
-0.0289361
-0.0307977
-0.0326451
-0.0344777
-0.0362949
-0.0380963
-0.0398813
-0.0416494
-0.0434004
-0.0451336
-0.0468489
-0.0485461
-0.0502252
-0.0518817
-0.0535104
-0.0551689
-0.0182807
-0.0199941
-0.0216978
-0.0233911
-0.0250733
-0.0267438
-0.0284019
-0.0300469
-0.0316783
-0.0332956
-0.0348982
-0.0364856
-0.0380573
-0.0396129
-0.0411521
-0.0426746
-0.0441802
-0.0456649
-0.047125
-0.0486141
-0.0158945
-0.0174472
-0.0189915
-0.0205267
-0.0220521
-0.023567
-0.0250707
-0.0265626
-0.028042
-0.0295085
-0.0309613
-0.0324002
-0.0338244
-0.0352337
-0.0366275
-0.0380058
-0.039368
-0.0407109
-0.042032
-0.0433769
-0.0140181
-0.01544
-0.0168545
-0.018261
-0.0196587
-0.0210469
-0.022425
-0.0237924
-0.0251483
-0.0264923
-0.0278238
-0.0291423
-0.0304472
-0.0317382
-0.0330147
-0.0342767
-0.0355234
-0.0367523
-0.0379621
-0.0391887
-0.0125653
-0.0138818
-0.0151918
-0.0164945
-0.0177892
-0.0190753
-0.0203522
-0.0216191
-0.0228755
-0.0241208
-0.0253545
-0.026576
-0.0277849
-0.0289807
-0.030163
-0.0313314
-0.0324855
-0.0336233
-0.0347441
-0.0358743
-0.0114488
-0.0126812
-0.0139078
-0.0151278
-0.0163405
-0.0175453
-0.0187416
-0.0199287
-0.0211061
-0.0222732
-0.0234296
-0.0245746
-0.0257078
-0.0268287
-0.027937
-0.0290323
-0.0301141
-0.031181
-0.0322328
-0.0332871
-0.0106148
-0.0117822
-0.0129442
-0.0141002
-0.0152495
-0.0163915
-0.0175256
-0.0186513
-0.0197679
-0.020875
-0.021972
-0.0230585
-0.0241339
-0.0251978
-0.0262499
-0.0272898
-0.028317
-0.0293306
-0.0303306
-0.0313276
-0.0100224
-0.0111409
-0.0122544
-0.0133623
-0.0144641
-0.0155591
-0.0166468
-0.0177268
-0.0187984
-0.0198611
-0.0209146
-0.0219583
-0.0229918
-0.0240147
-0.0250265
-0.0260271
-0.0270158
-0.0279921
-0.0289564
-0.0299134
-0.00963946
-0.0107255
-0.0118069
-0.012883
-0.0139534
-0.0150176
-0.0160749
-0.017125
-0.0181673
-0.0192013
-0.0202267
-0.021243
-0.0222497
-0.0232465
-0.0242331
-0.025209
-0.0261739
-0.0271275
-0.02807
-0.0290029
-0.00945451
-0.0105192
-0.0115795
-0.0126349
-0.0136851
-0.0147295
-0.0157679
-0.0167997
-0.0178246
-0.0188421
-0.019852
-0.0208539
-0.0218473
-0.0228319
-0.0238075
-0.0247735
-0.0257297
-0.0266759
-0.0276123
-0.0285386
0.141719
0.119827
0.0937616
0.0691062
0.0450516
0.02109
-0.00248643
-0.0254149
-0.0475949
-0.068973
-0.0895004
-0.109138
-0.12786
-0.145649
-0.162496
-0.178398
-0.19336
-0.207392
-0.220516
-0.232761
0.103392
0.0851989
0.0654808
0.0483826
0.0325618
0.0170599
0.00191097
-0.0127401
-0.0268953
-0.0406047
-0.0539038
-0.0668158
-0.0793615
-0.0915607
-0.103431
-0.114989
-0.126246
-0.137214
-0.147901
-0.158314
0.0689204
0.0548601
0.0413941
0.0297249
0.0186831
0.00775762
-0.00299006
-0.0134703
-0.0236815
-0.0336462
-0.0433756
-0.0528729
-0.0621402
-0.0711803
-0.0799968
-0.0885943
-0.0969782
-0.105156
-0.113136
-0.120929
0.050613
0.0406441
0.0315658
0.0235291
0.0157394
0.00797091
0.000296851
-0.00723079
-0.0146146
-0.0218676
-0.028996
-0.0360027
-0.0428906
-0.049663
-0.0563231
-0.0628741
-0.0693185
-0.0756587
-0.0818966
-0.0880336
0.0396026
0.0319974
0.0252674
0.0191768
0.0131688
0.00715055
0.0011907
-0.00467911
-0.0104625
-0.0161661
-0.0217918
-0.0273399
-0.0328108
-0.0382054
-0.043525
-0.0487705
-0.0539431
-0.0590444
-0.0640758
-0.0690388
0.0326503
0.0267477
0.0216465
0.016964
0.0122965
0.00761167
0.00296591
-0.00162237
-0.00615826
-0.0106467
-0.0150888
-0.0194848
-0.023835
-0.02814
-0.0324004
-0.0366166
-0.0407888
-0.0449174
-0.0490025
-0.0530442
0.0278452
0.0231317
0.0191024
0.0153501
0.011576
0.00777581
0.0039961
0.0002493
-0.00346852
-0.00715993
-0.0108246
-0.0144617
-0.0180706
-0.0216509
-0.0252021
-0.0287239
-0.0322158
-0.0356775
-0.0391085
-0.0425087
0.0245065
0.0206816
0.0174153
0.0143378
0.0112278
0.00809194
0.00496735
0.00186275
-0.00122485
-0.00429699
-0.00735303
-0.0103921
-0.0134134
-0.0164164
-0.0194007
-0.0223657
-0.0253109
-0.0282357
-0.0311396
-0.0340223
0.0219654
0.0187949
0.0160697
0.0134762
0.0108482
0.00819559
0.0055473
0.00290983
0.000281109
-0.00233966
-0.00495163
-0.00755373
-0.0101451
-0.012725
-0.0152926
-0.0178472
-0.020388
-0.0229143
-0.0254253
-0.0279205
0.0199864
0.0173225
0.0150045
0.0127794
0.0105232
0.00824514
0.00596749
0.00369522
0.00142699
-0.000837562
-0.00309754
-0.00535193
-0.00759986
-0.00984052
-0.0120731
-0.0142969
-0.016511
-0.0187147
-0.0209073
-0.0230881
0.0183606
0.016088
0.0140782
0.0121341
0.0101632
0.00817331
0.00618112
0.00419054
0.0022008
0.000211888
-0.00177534
-0.00375988
-0.00574085
-0.00771741
-0.00968874
-0.011654
-0.0136123
-0.015563
-0.0175051
-0.0194379
0.0170062
0.0150432
0.0132748
0.0115523
0.00980756
0.00804656
0.00628173
0.00451613
0.00274941
0.000981764
-0.000785985
-0.00255291
-0.00431814
-0.00608087
-0.00784026
-0.00959549
-0.0113457
-0.0130902
-0.014828
-0.0165585
0.0158551
0.0141366
0.0125582
0.0110108
0.00944527
0.00786577
0.00628143
0.00469466
0.00310545
0.00151412
-7.85389e-05
-0.00167164
-0.00326436
-0.00485588
-0.00644539
-0.00803206
-0.00961508
-0.0111936
-0.0127669
-0.0143341
0.0148793
0.0133551
0.0119279
0.0105206
0.00909844
0.00766429
0.00622473
0.00478168
0.00333532
0.0018861
0.000434768
-0.00101785
-0.00247095
-0.00392375
-0.00537545
-0.00682526
-0.00827238
-0.00971601
-0.0111554
-0.0125897
0.0140574
0.0126858
0.0113782
0.010082
0.00877349
0.00745463
0.00613006
0.0048013
0.0034687
0.00213276
0.000794212
-0.00054617
-0.00188762
-0.00322937
-0.00457066
-0.00591071
-0.00724874
-0.00858399
-0.00991567
-0.011243
0.0133796
0.0121258
0.0109115
0.00970221
0.00848257
0.00725397
0.00601959
0.00478065
0.00353761
0.002291
0.00104154
-0.000210055
-0.00146304
-0.0027167
-0.00397028
-0.00522305
-0.00647425
-0.00772317
-0.00896904
-0.0102112
0.0128409
0.0116752
0.010531
0.00938748
0.0082351
0.00707491
0.00590907
0.00473857
0.00356391
0.00238566
0.00120449
2.10942e-05
-0.00116384
-0.00234962
-0.00353555
-0.00472091
-0.00590501
-0.00708715
-0.00826662
-0.00944276
0.0124352
0.0113304
0.0102352
0.00913782
0.00803291
0.00692126
0.00580434
0.00468296
0.00355767
0.00242903
0.00129767
0.000164243
-0.000970602
-0.00210622
-0.00324195
-0.00437715
-0.00551116
-0.00664334
-0.00777302
-0.00889961
0.0121682
0.0111009
0.0100359
0.00896731
0.00789234
0.00681164
0.0057262
0.00463667
0.00354358
0.00244748
0.00134893
0.000248539
-0.000853107
-0.00195541
-0.00305776
-0.00415957
-0.00526023
-0.00635914
-0.0074557
-0.00854934
0.0120253
0.0109696
0.00991337
0.00885371
0.00778911
0.00672008
0.00564742
0.00457174
0.00349355
0.00241334
0.00133165
0.000248992
-0.000834109
-0.00191714
-0.0029996
-0.00408098
-0.00516078
-0.00623852
-0.00731369
-0.00838585
0.225617
0.225897
0.226744
0.228192
0.230207
0.232757
0.235802
0.239285
0.243116
0.247159
0.251211
0.254974
0.258016
0.259711
0.259168
0.25514
0.245882
0.229144
0.202034
0.161246
0.21138
0.211572
0.212104
0.212991
0.214189
0.215645
0.217296
0.219058
0.220812
0.222393
0.223578
0.224068
0.223464
0.221237
0.216706
0.209005
0.19708
0.179696
0.155811
0.123128
0.195882
0.195954
0.196153
0.196475
0.196879
0.197305
0.197682
0.197913
0.197874
0.197401
0.196286
0.19427
0.191027
0.186161
0.179194
0.169566
0.156636
0.13967
0.117978
0.0900793
0.179882
0.179856
0.179786
0.179651
0.179418
0.179031
0.17842
0.177491
0.176129
0.17419
0.1715
0.167848
0.162986
0.156629
0.148451
0.138096
0.125188
0.109351
0.0902669
0.0676633
0.164039
0.163944
0.163679
0.163213
0.162519
0.161553
0.160253
0.158538
0.156313
0.153463
0.149851
0.145324
0.139706
0.132804
0.124416
0.114334
0.102361
0.0883379
0.0721117
0.0537542
0.148817
0.148676
0.148279
0.147589
0.146587
0.145241
0.143501
0.141304
0.138574
0.135226
0.131161
0.126272
0.120443
0.113552
0.105479
0.0961138
0.0853602
0.0731644
0.0594449
0.0444145
0.134529
0.134359
0.133882
0.133056
0.13187
0.130304
0.12832
0.12587
0.122898
0.119345
0.115143
0.11022
0.104503
0.0979204
0.090405
0.081902
0.0723721
0.0618124
0.0501762
0.0377113
0.121364
0.121181
0.120662
0.119768
0.118493
0.116827
0.114741
0.112203
0.109173
0.10561
0.101471
0.0967115
0.0912872
0.0851585
0.0782924
0.0706673
0.0622742
0.0531348
0.0432242
0.0327865
0.109422
0.109234
0.108703
0.107789
0.106493
0.104809
0.102721
0.100204
0.0972332
0.0937826
0.0898254
0.0853359
0.0802904
0.0746697
0.0684613
0.0616621
0.0542789
0.0463421
0.0378379
0.0289801
0.0987306
0.0985455
0.0980214
0.0971204
0.0958469
0.0942012
0.0921723
0.0897452
0.086904
0.0836336
0.0799193
0.0757478
0.0711087
0.0659957
0.0604082
0.054353
0.0478444
0.0409147
0.033558
0.0259555
0.0892753
0.0890969
0.0885915
0.0877237
0.0865
0.0849246
0.0829915
0.0806917
0.0780162
0.0749576
0.0715091
0.067666
0.063426
0.0587906
0.0537657
0.0483634
0.042601
0.0365089
0.0300866
0.0234816
0.0810117
0.0808423
0.0803621
0.0795381
0.0783785
0.0768897
0.0750695
0.072913
0.0704162
0.0675764
0.0643926
0.0608652
0.056997
0.0527939
0.0482656
0.043426
0.0382933
0.0328951
0.0272351
0.0214312
0.0738806
0.073721
0.0732685
0.0724926
0.0714021
0.070005
0.0683015
0.0662897
0.0639688
0.0613396
0.0584042
0.0551666
0.0516324
0.04781
0.0437106
0.039349
0.0347426
0.0299163
0.0248764
0.0197155
0.0678167
0.0676668
0.0672419
0.0665134
0.0654907
0.0641827
0.062591
0.0607158
0.0585584
0.0561218
0.0534101
0.0504291
0.0471862
0.0436911
0.0399554
0.0359937
0.0318226
0.0274641
0.0229268
0.0182823
0.0627551
0.0626143
0.0622148
0.0615303
0.0605701
0.0593433
0.057853
0.0561003
0.054088
0.0518202
0.0493026
0.0465418
0.0435461
0.0403256
0.0368919
0.0332592
0.029443
0.0254626
0.0213285
0.0170954
0.0586358
0.0585028
0.0581257
0.0574795
0.0565737
0.0554175
0.0540144
0.0523665
0.0504774
0.048352
0.0459965
0.0434182
0.0406257
0.0376292
0.03444
0.0310716
0.0275385
0.0238581
0.0200419
0.0161316
0.0554061
0.0552797
0.0549209
0.0543064
0.0534452
0.0523468
0.0510149
0.0494521
0.0476625
0.0456514
0.0434253
0.0409919
0.0383597
0.0355388
0.0325404
0.0293769
0.0260624
0.0226125
0.0190395
0.0153755
0.0530227
0.0529012
0.0525565
0.0519661
0.051139
0.0500845
0.0488066
0.0473082
0.0455934
0.0436681
0.0415387
0.039213
0.0366996
0.0340082
0.0311499
0.0281365
0.0249813
0.0216988
0.018302
0.0148154
0.0514522
0.051334
0.0509988
0.0504248
0.0496206
0.0485956
0.0473538
0.0458984
0.0442337
0.0423654
0.0403003
0.0380459
0.0356109
0.0330049
0.0302384
0.0273234
0.0242723
0.0210992
0.0178173
0.0144473
0.0506734
0.0505563
0.0502259
0.0496602
0.0488675
0.0478572
0.0466336
0.0451997
0.04356
0.0417202
0.039687
0.0374681
0.035072
0.0325083
0.0297874
0.0269209
0.0239211
0.0208015
0.0175755
0.0142607
0.253533
0.253788
0.255196
0.257509
0.260794
0.265103
0.270498
0.277065
0.284906
0.294154
0.304965
0.317537
0.332095
0.348944
0.368378
0.390899
0.416796
0.446924
0.481349
0.520903
0.253418
0.253673
0.255079
0.25739
0.260671
0.264975
0.270364
0.276922
0.284752
0.293984
0.304775
0.31732
0.331841
0.348641
0.368006
0.390433
0.416187
0.446135
0.480233
0.519454
0.25319
0.253443
0.254845
0.257151
0.260425
0.26472
0.270096
0.276636
0.284444
0.293646
0.304396
0.316888
0.331336
0.348037
0.367263
0.389504
0.41497
0.444561
0.478005
0.516565
0.252848
0.253098
0.254496
0.256794
0.260058
0.264338
0.269695
0.276209
0.283983
0.29314
0.30383
0.316241
0.33058
0.347135
0.366152
0.388114
0.413151
0.442207
0.474674
0.51225
0.252394
0.25264
0.254032
0.256321
0.25957
0.263831
0.269162
0.275643
0.283371
0.292468
0.303078
0.315383
0.329577
0.345936
0.364676
0.386268
0.410736
0.439084
0.47025
0.506534
0.251827
0.252069
0.253454
0.255731
0.258963
0.263201
0.2685
0.274938
0.28261
0.291632
0.302143
0.314315
0.328329
0.344445
0.362842
0.383973
0.407734
0.435202
0.464751
0.499446
0.25115
0.251388
0.252764
0.255027
0.258239
0.262449
0.26771
0.274098
0.281702
0.290636
0.301029
0.313043
0.326842
0.342668
0.360655
0.381237
0.404156
0.430578
0.458195
0.491023
0.250363
0.250597
0.251964
0.254211
0.257401
0.261578
0.266795
0.273124
0.280652
0.289483
0.299739
0.311569
0.325121
0.34061
0.358125
0.378069
0.400016
0.425226
0.450607
0.481307
0.249469
0.249699
0.251056
0.253285
0.256449
0.260591
0.265759
0.272022
0.279461
0.288176
0.298277
0.3099
0.323171
0.338279
0.355259
0.374478
0.39533
0.419165
0.442016
0.470345
0.248468
0.248695
0.250043
0.252253
0.255389
0.25949
0.264604
0.270793
0.278135
0.286721
0.296649
0.308041
0.320999
0.335682
0.352067
0.370478
0.390114
0.412413
0.432456
0.458187
0.247364
0.247589
0.248926
0.251116
0.254222
0.25828
0.263334
0.269443
0.276678
0.285121
0.29486
0.305998
0.318612
0.332827
0.348562
0.366079
0.384391
0.40499
0.421967
0.444881
0.246157
0.246383
0.247709
0.249878
0.252952
0.256963
0.261953
0.267975
0.275094
0.283383
0.292916
0.303778
0.316019
0.329724
0.344753
0.361296
0.378181
0.396913
0.410595
0.430472
0.244851
0.245079
0.246395
0.248543
0.251583
0.255545
0.260465
0.266395
0.273389
0.281512
0.290823
0.301388
0.313227
0.326384
0.340656
0.356144
0.371509
0.388201
0.398396
0.414999
0.243447
0.243681
0.244988
0.247114
0.250119
0.254029
0.258876
0.264707
0.271568
0.279514
0.288589
0.298837
0.310247
0.322818
0.336284
0.350641
0.364402
0.378874
0.385436
0.398484
0.241947
0.242192
0.24349
0.245595
0.248564
0.252418
0.257189
0.262914
0.269635
0.277392
0.286217
0.296127
0.307083
0.319031
0.331644
0.344795
0.356877
0.368942
0.371783
0.380923
0.240355
0.240614
0.241904
0.243989
0.246919
0.250715
0.255404
0.261017
0.267588
0.275144
0.283701
0.293252
0.303725
0.31501
0.32672
0.338592
0.348924
0.358391
0.3575
0.36229
0.238673
0.238954
0.240237
0.242302
0.245194
0.24893
0.253534
0.25903
0.265443
0.272789
0.281065
0.290239
0.300204
0.310794
0.321559
0.332087
0.340607
0.347291
0.34272
0.34259
0.236906
0.23722
0.238504
0.240557
0.243418
0.247103
0.251631
0.257022
0.263291
0.270441
0.278452
0.287265
0.296739
0.306647
0.316475
0.325644
0.332321
0.336044
0.327825
0.321726
0.235054
0.235415
0.236707
0.238756
0.241597
0.245243
0.249711
0.255014
0.26116
0.268138
0.27591
0.28439
0.293398
0.302643
0.311533
0.319306
0.324046
0.324542
0.312729
0.298609
0.233081
0.233475
0.234734
0.236733
0.239492
0.243022
0.247332
0.252429
0.258303
0.264928
0.272239
0.280114
0.288327
0.296515
0.304013
0.309891
0.312204
0.309101
0.294156
0.272166
0.233082
0.233476
0.234735
0.236734
0.239493
0.243023
0.247333
0.25243
0.258304
0.26493
0.27224
0.280116
0.288329
0.296517
0.304015
0.309893
0.312206
0.309103
0.294159
0.272169
0.235055
0.235416
0.236708
0.238757
0.241598
0.245244
0.249712
0.255015
0.261161
0.268139
0.275911
0.284391
0.2934
0.302645
0.311535
0.319308
0.324048
0.324544
0.312732
0.298612
0.236907
0.237221
0.238505
0.240558
0.243419
0.247104
0.251632
0.257023
0.263292
0.270442
0.278453
0.287266
0.29674
0.306649
0.316476
0.325646
0.332323
0.336047
0.327828
0.321729
0.238673
0.238954
0.240238
0.242303
0.245195
0.248931
0.253534
0.259031
0.265444
0.27279
0.281066
0.29024
0.300205
0.310795
0.321561
0.332089
0.340609
0.347293
0.342722
0.342593
0.240356
0.240615
0.241905
0.243989
0.24692
0.250716
0.255405
0.261018
0.267588
0.275145
0.283702
0.293253
0.303726
0.315012
0.326722
0.338594
0.348926
0.358393
0.357503
0.362293
0.241948
0.242193
0.24349
0.245596
0.248564
0.252419
0.25719
0.262915
0.269636
0.277393
0.286218
0.296128
0.307085
0.319032
0.331645
0.344797
0.356879
0.368943
0.371785
0.380925
0.243448
0.243682
0.244988
0.247115
0.25012
0.254029
0.258877
0.264707
0.271569
0.279515
0.28859
0.298838
0.310249
0.322819
0.336285
0.350642
0.364404
0.378876
0.385438
0.398486
0.244852
0.24508
0.246396
0.248544
0.251584
0.255545
0.260466
0.266396
0.27339
0.281512
0.290824
0.301389
0.313228
0.326385
0.340657
0.356145
0.37151
0.388202
0.398398
0.415001
0.246158
0.246383
0.247709
0.249879
0.252952
0.256964
0.261953
0.267976
0.275095
0.283384
0.292917
0.303779
0.31602
0.329725
0.344754
0.361297
0.378182
0.396914
0.410597
0.430475
0.247364
0.24759
0.248926
0.251116
0.254222
0.25828
0.263334
0.269444
0.276679
0.285122
0.294861
0.305999
0.318613
0.332828
0.348563
0.36608
0.384392
0.404991
0.421969
0.444883
0.248469
0.248696
0.250043
0.252253
0.255389
0.25949
0.264604
0.270794
0.278136
0.286721
0.29665
0.308042
0.321
0.335682
0.352068
0.370479
0.390116
0.412414
0.432458
0.458189
0.249469
0.249699
0.251057
0.253286
0.25645
0.260591
0.265759
0.272022
0.279462
0.288177
0.298278
0.309901
0.323171
0.338279
0.355259
0.374479
0.395331
0.419166
0.442018
0.470347
0.250364
0.250597
0.251965
0.254211
0.257401
0.261578
0.266796
0.273125
0.280652
0.289483
0.299739
0.31157
0.325121
0.340611
0.358125
0.378069
0.400017
0.425227
0.450608
0.481308
0.25115
0.251388
0.252765
0.255027
0.25824
0.262449
0.267711
0.274098
0.281703
0.290636
0.301029
0.313043
0.326843
0.342668
0.360656
0.381238
0.404157
0.430578
0.458196
0.491024
0.251827
0.25207
0.253455
0.255731
0.258964
0.263201
0.2685
0.274938
0.28261
0.291633
0.302144
0.314316
0.32833
0.344446
0.362842
0.383974
0.407735
0.435203
0.464752
0.499447
0.252394
0.25264
0.254032
0.256321
0.259571
0.263832
0.269163
0.275643
0.283371
0.292468
0.303078
0.315383
0.329577
0.345936
0.364676
0.386269
0.410737
0.439084
0.470251
0.506535
0.252848
0.253098
0.254496
0.256795
0.260058
0.264338
0.269695
0.27621
0.283983
0.29314
0.30383
0.316241
0.330581
0.347135
0.366152
0.388114
0.413152
0.442208
0.474674
0.512251
0.25319
0.253443
0.254846
0.257151
0.260425
0.26472
0.270096
0.276636
0.284444
0.293646
0.304396
0.316888
0.331336
0.348038
0.367263
0.389504
0.414971
0.444561
0.478006
0.516565
0.253419
0.253673
0.255079
0.25739
0.260671
0.264975
0.270364
0.276922
0.284752
0.293985
0.304775
0.31732
0.331841
0.348641
0.368006
0.390433
0.416187
0.446135
0.480233
0.519454
0.253533
0.253788
0.255196
0.257509
0.260794
0.265103
0.270498
0.277065
0.284906
0.294154
0.304965
0.317537
0.332095
0.348944
0.368378
0.390899
0.416796
0.446924
0.481349
0.520903
0.0506758
0.0505587
0.0502283
0.0496626
0.04887
0.0478597
0.046636
0.0452022
0.0435624
0.0417226
0.0396895
0.0374706
0.0350745
0.0325108
0.0297899
0.0269233
0.0239235
0.0208039
0.0175779
0.0142631
0.0514546
0.0513364
0.0510012
0.0504272
0.049623
0.048598
0.0473563
0.0459009
0.0442362
0.0423679
0.0403027
0.0380483
0.0356133
0.0330073
0.0302409
0.0273258
0.0242747
0.0211016
0.0178197
0.0144497
0.0530251
0.0529036
0.0525589
0.0519685
0.0511415
0.0500869
0.048809
0.0473106
0.0455959
0.0436705
0.0415411
0.0392154
0.036702
0.0340107
0.0311523
0.0281389
0.0249837
0.0217013
0.0183044
0.0148178
0.0554085
0.0552821
0.0549233
0.0543088
0.0534476
0.0523492
0.0510173
0.0494545
0.0476649
0.0456538
0.0434278
0.0409943
0.0383622
0.0355413
0.0325428
0.0293794
0.0260648
0.0226149
0.0190419
0.0153779
0.0586382
0.0585052
0.0581281
0.0574819
0.0565761
0.0554199
0.0540168
0.052369
0.0504798
0.0483544
0.0459989
0.0434206
0.0406282
0.0376316
0.0344425
0.031074
0.0275409
0.0238606
0.0200444
0.0161341
0.0627575
0.0626167
0.0622172
0.0615327
0.0605724
0.0593457
0.0578554
0.0561027
0.0540904
0.0518226
0.049305
0.0465442
0.0435485
0.040328
0.0368944
0.0332617
0.0294454
0.0254651
0.021331
0.0170979
0.0678191
0.0676692
0.0672442
0.0665158
0.0654931
0.0641851
0.0625934
0.0607182
0.0585608
0.0561242
0.0534125
0.0504315
0.0471887
0.0436935
0.0399579
0.0359962
0.0318251
0.0274666
0.0229293
0.0182849
0.073883
0.0737234
0.0732709
0.0724949
0.0714044
0.0700073
0.0683039
0.0662921
0.0639712
0.061342
0.0584067
0.055169
0.0516348
0.0478125
0.0437131
0.0393515
0.0347451
0.0299188
0.024879
0.019718
0.0810141
0.0808446
0.0803644
0.0795405
0.0783809
0.0768921
0.0750719
0.0729154
0.0704185
0.0675788
0.064395
0.0608676
0.0569994
0.0527964
0.0482681
0.0434285
0.0382958
0.0328977
0.0272377
0.0214338
0.0892776
0.0890992
0.0885938
0.087726
0.0865023
0.0849269
0.0829939
0.080694
0.0780186
0.07496
0.0715115
0.0676684
0.0634285
0.058793
0.0537683
0.048366
0.0426035
0.0365115
0.0300892
0.0234843
0.0987329
0.0985478
0.0980236
0.0971227
0.0958492
0.0942035
0.0921747
0.0897475
0.0869064
0.083636
0.0799217
0.0757503
0.0711112
0.0659982
0.0604107
0.0543556
0.047847
0.0409173
0.0335606
0.0259582
0.109424
0.109236
0.108705
0.107791
0.106495
0.104812
0.102723
0.100206
0.0972355
0.0937849
0.0898278
0.0853383
0.0802928
0.0746722
0.0684638
0.0616647
0.0542815
0.0463447
0.0378406
0.0289828
0.121366
0.121183
0.120664
0.11977
0.118496
0.116829
0.114744
0.112205
0.109175
0.105612
0.101474
0.0967139
0.0912896
0.0851609
0.078295
0.0706699
0.0622769
0.0531375
0.0432269
0.0327893
0.134531
0.134362
0.133884
0.133058
0.131872
0.130306
0.128322
0.125872
0.122901
0.119348
0.115145
0.110223
0.104506
0.0979229
0.0904075
0.0819046
0.0723748
0.0618152
0.0501791
0.0377142
0.148819
0.148678
0.148281
0.147591
0.146589
0.145243
0.143503
0.141306
0.138576
0.135228
0.131163
0.126275
0.120445
0.113554
0.105482
0.0961165
0.0853629
0.0731672
0.0594479
0.0444175
0.164041
0.163946
0.163681
0.163215
0.162521
0.161555
0.160255
0.15854
0.156315
0.153465
0.149854
0.145326
0.139708
0.132807
0.124418
0.114336
0.102364
0.0883408
0.0721147
0.0537574
0.179884
0.179858
0.179787
0.179653
0.179419
0.179033
0.178421
0.177493
0.176131
0.174192
0.171502
0.16785
0.162989
0.156631
0.148454
0.138099
0.125191
0.109354
0.09027
0.0676666
0.195884
0.195955
0.196155
0.196477
0.19688
0.197307
0.197684
0.197915
0.197876
0.197402
0.196288
0.194272
0.191029
0.186163
0.179197
0.169568
0.156639
0.139673
0.117982
0.0900828
0.211382
0.211573
0.212105
0.212993
0.214191
0.215646
0.217298
0.21906
0.220813
0.222394
0.22358
0.22407
0.223466
0.221239
0.216708
0.209008
0.197083
0.179699
0.155815
0.123131
0.225618
0.225898
0.226745
0.228193
0.230208
0.232758
0.235803
0.239286
0.243117
0.24716
0.251212
0.254976
0.258017
0.259713
0.25917
0.255142
0.245884
0.229147
0.202037
0.16125
0.0120277
0.010972
0.00991578
0.00885614
0.00779156
0.00672254
0.0056499
0.00457423
0.00349605
0.00241585
0.00133417
0.000251528
-0.000831565
-0.00191459
-0.00299705
-0.00407842
-0.00515823
-0.00623596
-0.00731115
-0.00838331
0.0121706
0.0111033
0.0100383
0.00896974
0.0078948
0.00681411
0.00572868
0.00463917
0.0035461
0.00245001
0.00135148
0.000251097
-0.000850539
-0.00195283
-0.00305518
-0.00415699
-0.00525765
-0.00635656
-0.00745313
-0.00854678
0.0124376
0.0113328
0.0102376
0.00914028
0.00803539
0.00692375
0.00580684
0.00468548
0.0035602
0.00243157
0.00130023
0.000166811
-0.000968027
-0.00210364
-0.00323937
-0.00437457
-0.00550859
-0.00664077
-0.00777047
-0.00889706
0.0128433
0.0116776
0.0105335
0.00938996
0.00823759
0.00707742
0.00591159
0.0047411
0.00356645
0.00238821
0.00120705
2.3661e-05
-0.00116127
-0.00234706
-0.00353298
-0.00471836
-0.00590247
-0.00708462
-0.00826411
-0.00944025
0.0133821
0.0121283
0.0109139
0.00970471
0.00848508
0.00725648
0.00602211
0.00478318
0.00354014
0.00229354
0.00104408
-0.000207508
-0.0014605
-0.00271416
-0.00396774
-0.00522052
-0.00647174
-0.00772067
-0.00896657
-0.0102087
0.0140599
0.0126883
0.0113807
0.0100846
0.00877602
0.00745717
0.00613261
0.00480385
0.00347125
0.00213531
0.000796762
-0.000543622
-0.00188507
-0.00322683
-0.00456812
-0.00590818
-0.00724622
-0.00858148
-0.00991318
-0.0112406
0.0148819
0.0133576
0.0119305
0.0105232
0.009101
0.00766685
0.0062273
0.00478424
0.00333789
0.00188867
0.000437333
-0.00101528
-0.00246839
-0.0039212
-0.00537291
-0.00682272
-0.00826985
-0.00971348
-0.0111528
-0.0125871
0.0158577
0.0141392
0.0125608
0.0110134
0.00944786
0.00786835
0.00628401
0.00469725
0.00310803
0.0015167
-7.59575e-05
-0.00166906
-0.00326178
-0.0048533
-0.0064428
-0.00802947
-0.00961249
-0.011191
-0.0127643
-0.0143315
0.0170088
0.0150459
0.0132774
0.0115549
0.00981018
0.00804917
0.00628435
0.00451875
0.00275203
0.000984382
-0.000783366
-0.00255029
-0.00431552
-0.00607824
-0.00783762
-0.00959284
-0.0113431
-0.0130875
-0.0148253
-0.0165558
0.0183633
0.0160907
0.0140809
0.0121368
0.0101659
0.00817598
0.00618378
0.0041932
0.00220347
0.000214558
-0.00177266
-0.00375719
-0.00573815
-0.0077147
-0.00968601
-0.0116512
-0.0136096
-0.0155602
-0.0175023
-0.019435
0.0199891
0.0173252
0.0150072
0.0127822
0.0105259
0.00824786
0.00597021
0.00369795
0.00142972
-0.000834816
-0.00309479
-0.00534916
-0.00759707
-0.00983771
-0.0120703
-0.014294
-0.0165081
-0.0187118
-0.0209044
-0.0230851
0.0219682
0.0187977
0.0160725
0.013479
0.0108511
0.00819842
0.00555014
0.00291268
0.000283972
-0.00233678
-0.00494874
-0.00755082
-0.0101422
-0.012722
-0.0152896
-0.0178442
-0.0203849
-0.0229112
-0.0254222
-0.0279174
0.0245094
0.0206845
0.0174182
0.0143407
0.0112307
0.00809488
0.00497031
0.00186572
-0.00122186
-0.00429398
-0.00735001
-0.010389
-0.0134103
-0.0164134
-0.0193976
-0.0223626
-0.0253077
-0.0282325
-0.0311364
-0.0340191
0.0278482
0.0231347
0.0191055
0.0153531
0.0115791
0.00777892
0.00399924
0.000252455
-0.00346534
-0.00715673
-0.0108214
-0.0144585
-0.0180673
-0.0216476
-0.0251988
-0.0287205
-0.0322124
-0.0356741
-0.0391051
-0.0425052
0.0326535
0.0267509
0.0216497
0.0169672
0.0122998
0.00761496
0.00296922
-0.00161903
-0.00615491
-0.0106433
-0.0150854
-0.0194814
-0.0238316
-0.0281366
-0.032397
-0.0366131
-0.0407853
-0.0449139
-0.0489989
-0.0530407
0.0396059
0.0320008
0.0252708
0.0191802
0.0131722
0.00715404
0.00119423
-0.00467555
-0.0104589
-0.0161625
-0.0217882
-0.0273362
-0.0328071
-0.0382017
-0.0435212
-0.0487667
-0.0539394
-0.0590406
-0.0640719
-0.069035
0.0506165
0.0406477
0.0315694
0.0235328
0.0157431
0.00797461
0.000300578
-0.00722704
-0.0146109
-0.0218638
-0.0289922
-0.0359989
-0.0428868
-0.0496591
-0.0563192
-0.0628701
-0.0693145
-0.0756547
-0.0818926
-0.0880296
0.0689241
0.0548639
0.041398
0.0297288
0.0186871
0.00776163
-0.002986
-0.0134662
-0.0236774
-0.033642
-0.0433714
-0.0528687
-0.0621359
-0.0711759
-0.0799925
-0.0885899
-0.0969737
-0.105151
-0.113131
-0.120924
0.103396
0.0852029
0.0654848
0.0483867
0.0325659
0.0170641
0.00191521
-0.0127358
-0.026891
-0.0406004
-0.0538994
-0.0668114
-0.079357
-0.0915561
-0.103427
-0.114984
-0.126241
-0.137209
-0.147897
-0.15831
0.141723
0.119832
0.0937663
0.0691109
0.0450565
0.021095
-0.00248141
-0.0254098
-0.0475898
-0.0689678
-0.0894951
-0.109133
-0.127854
-0.145643
-0.16249
-0.178392
-0.193354
-0.207386
-0.22051
-0.232755
-0.00945198
-0.0105167
-0.011577
-0.0126325
-0.0136826
-0.0147271
-0.0157655
-0.0167973
-0.0178222
-0.0188398
-0.0198497
-0.0208516
-0.021845
-0.0228297
-0.0238052
-0.0247713
-0.0257276
-0.0266737
-0.0276102
-0.0285365
-0.00963691
-0.0107229
-0.0118043
-0.0128805
-0.013951
-0.0150151
-0.0160725
-0.0171226
-0.0181649
-0.019199
-0.0202244
-0.0212406
-0.0222474
-0.0232443
-0.0242308
-0.0252068
-0.0261717
-0.0271253
-0.0280679
-0.0290008
-0.0100199
-0.0111384
-0.0122519
-0.0133598
-0.0144616
-0.0155566
-0.0166444
-0.0177243
-0.0187959
-0.0198587
-0.0209122
-0.021956
-0.0229895
-0.0240124
-0.0250243
-0.0260249
-0.0270136
-0.02799
-0.0289543
-0.0299113
-0.0106123
-0.0117797
-0.0129417
-0.0140977
-0.015247
-0.016389
-0.0175232
-0.0186489
-0.0197655
-0.0208726
-0.0219697
-0.0230561
-0.0241316
-0.0251956
-0.0262477
-0.0272876
-0.0283148
-0.0293284
-0.0303285
-0.0313254
-0.0114463
-0.0126788
-0.0139053
-0.0151253
-0.016338
-0.0175428
-0.0187391
-0.0199263
-0.0211037
-0.0222708
-0.0234272
-0.0245722
-0.0257054
-0.0268264
-0.0279347
-0.02903
-0.0301118
-0.0311787
-0.0322306
-0.033285
-0.0125629
-0.0138794
-0.0151893
-0.016492
-0.0177868
-0.0190729
-0.0203497
-0.0216166
-0.0228731
-0.0241184
-0.0253521
-0.0265736
-0.0277825
-0.0289783
-0.0301606
-0.0313291
-0.0324832
-0.033621
-0.0347419
-0.035872
-0.0140156
-0.0154375
-0.016852
-0.0182584
-0.0196561
-0.0210444
-0.0224225
-0.0237898
-0.0251458
-0.0264898
-0.0278213
-0.0291398
-0.0304448
-0.0317357
-0.0330123
-0.0342742
-0.035521
-0.03675
-0.0379598
-0.0391863
-0.0158918
-0.0174446
-0.0189889
-0.0205241
-0.0220495
-0.0235644
-0.0250681
-0.0265599
-0.0280394
-0.0295058
-0.0309587
-0.0323976
-0.0338218
-0.0352311
-0.036625
-0.0380033
-0.0393655
-0.0407084
-0.0420295
-0.0433745
-0.018278
-0.0199914
-0.0216951
-0.0233883
-0.0250706
-0.026741
-0.0283991
-0.0300441
-0.0316756
-0.0332929
-0.0348954
-0.0364828
-0.0380546
-0.0396102
-0.0411494
-0.042672
-0.0441776
-0.0456623
-0.0471225
-0.0486116
-0.0213577
-0.0232696
-0.02517
-0.027058
-0.0289332
-0.0307948
-0.0326422
-0.0344748
-0.036292
-0.0380934
-0.0398784
-0.0416466
-0.0433975
-0.0451308
-0.046846
-0.0485433
-0.0502224
-0.051879
-0.0535077
-0.0551662
-0.0252533
-0.0274083
-0.0295494
-0.031676
-0.0337874
-0.0358832
-0.0379627
-0.0400254
-0.0420708
-0.0440984
-0.0461079
-0.0480986
-0.0500703
-0.0520226
-0.0539551
-0.0558677
-0.0577606
-0.0596295
-0.0614671
-0.0633275
-0.0303959
-0.0328572
-0.0353006
-0.0377256
-0.0401316
-0.042518
-0.0448842
-0.0472299
-0.0495544
-0.0518575
-0.0541385
-0.0563972
-0.0586332
-0.0608462
-0.0630357
-0.0652018
-0.0673447
-0.0694616
-0.0715435
-0.073627
-0.0368799
-0.0397185
-0.0425344
-0.0453273
-0.0480967
-0.0508422
-0.0535635
-0.0562603
-0.0589321
-0.0615786
-0.0641995
-0.0667943
-0.0693627
-0.0719041
-0.0744182
-0.0769043
-0.0793625
-0.0817927
-0.0841869
-0.086539
-0.0458741
-0.0492114
-0.0525168
-0.05579
-0.0590306
-0.0622384
-0.0654128
-0.0685535
-0.0716599
-0.0747314
-0.0777677
-0.080768
-0.0837318
-0.0866586
-0.0895479
-0.0923988
-0.0952115
-0.0979926
-0.100743
-0.103372
-0.0570391
-0.0609944
-0.0649065
-0.0687756
-0.0726017
-0.076385
-0.0801258
-0.0838243
-0.0874812
-0.0910969
-0.094672
-0.098207
-0.101702
-0.105159
-0.108577
-0.111954
-0.115291
-0.118608
-0.121942
-0.125023
-0.0739314
-0.0787631
-0.0835319
-0.0882394
-0.0928874
-0.0974771
-0.10201
-0.106485
-0.110905
-0.115268
-0.119574
-0.123823
-0.128015
-0.132149
-0.13623
-0.140255
-0.144227
-0.148202
-0.152326
-0.155992
-0.0940668
-0.100005
-0.105844
-0.111586
-0.117232
-0.122782
-0.128241
-0.133613
-0.138906
-0.144131
-0.1493
-0.154433
-0.159549
-0.164674
-0.169837
-0.175057
-0.180348
-0.185848
-0.191975
-0.197383
-0.128544
-0.136006
-0.143328
-0.150531
-0.157636
-0.164667
-0.17165
-0.178608
-0.185565
-0.192542
-0.199553
-0.206611
-0.21372
-0.220883
-0.2281
-0.235357
-0.242628
-0.250178
-0.258943
-0.266349
-0.168451
-0.178322
-0.187918
-0.197234
-0.206259
-0.214983
-0.223395
-0.231487
-0.23926
-0.246728
-0.25393
-0.260936
-0.267861
-0.274876
-0.282222
-0.290172
-0.299024
-0.309795
-0.325036
-0.33929
-0.244167
-0.254806
-0.26475
-0.274104
-0.282994
-0.291579
-0.300046
-0.308612
-0.317524
-0.327055
-0.337495
-0.349146
-0.362306
-0.377269
-0.394303
-0.413566
-0.435078
-0.459922
-0.491219
-0.517217
-0.0362883
-0.0467583
-0.0530078
-0.0556122
-0.0552621
-0.0526753
-0.048616
-0.043745
-0.0385266
-0.0333015
-0.0282859
-0.0236589
-0.0194437
-0.0157388
-0.0123978
-0.00959955
-0.00697831
-0.00497386
-0.0027829
-0.00133918
-0.0369347
-0.0473707
-0.0535234
-0.0560362
-0.055583
-0.0528923
-0.0487472
-0.0438119
-0.0385467
-0.0332892
-0.0282527
-0.0236138
-0.0193921
-0.0156857
-0.0123444
-0.00955226
-0.00693398
-0.00494597
-0.00275621
-0.00134485
-0.0382493
-0.0486082
-0.0545637
-0.0568891
-0.0562263
-0.0533265
-0.0490093
-0.0439448
-0.0385859
-0.0332636
-0.0281858
-0.0235226
-0.0192887
-0.0155776
-0.0122387
-0.00945447
-0.00684949
-0.0048835
-0.00271316
-0.00134553
-0.0402796
-0.0505026
-0.0561466
-0.0581798
-0.0571938
-0.0539755
-0.0493983
-0.0441397
-0.0386409
-0.033222
-0.0280831
-0.0233834
-0.0191318
-0.0154136
-0.0120794
-0.0093064
-0.00672305
-0.004788
-0.00265094
-0.00134173
-0.0430975
-0.0531028
-0.0582994
-0.0599214
-0.058488
-0.0548359
-0.0499088
-0.0443912
-0.038707
-0.0331607
-0.0279414
-0.0231938
-0.0189191
-0.015192
-0.0118647
-0.0091073
-0.00655368
-0.00465937
-0.00256793
-0.00133371
-0.0468045
-0.0564753
-0.0610592
-0.0621311
-0.0601115
-0.0559025
-0.0505334
-0.0446919
-0.0387778
-0.033075
-0.027757
-0.0229505
-0.0186478
-0.0149103
-0.0115931
-0.00885583
-0.00634092
-0.00449649
-0.0024638
-0.00132037
-0.0515346
-0.0607065
-0.064474
-0.0648298
-0.0620658
-0.0571676
-0.051262
-0.0450323
-0.0388458
-0.0329588
-0.0275251
-0.0226496
-0.0183144
-0.0145658
-0.0112628
-0.0085507
-0.0060845
-0.00429815
-0.00233846
-0.00129964
-0.0574602
-0.0659042
-0.0686037
-0.0680413
-0.0643504
-0.0586205
-0.0520817
-0.0454004
-0.0389012
-0.0328051
-0.0272405
-0.0222865
-0.0179153
-0.0141554
-0.0108722
-0.00819082
-0.00578444
-0.00406317
-0.00219187
-0.00126843
-0.0647964
-0.0722
-0.0735214
-0.0717908
-0.066961
-0.0602461
-0.0529761
-0.0457815
-0.0389328
-0.032606
-0.0268973
-0.0218566
-0.0174467
-0.0136767
-0.0104201
-0.00777567
-0.00544134
-0.00379045
-0.00202421
-0.00122245
-0.0738089
-0.0797506
-0.0793149
-0.0761025
-0.0698866
-0.0620235
-0.0539244
-0.0461578
-0.0389277
-0.0323525
-0.0264893
-0.0213553
-0.0169055
-0.0131279
-0.00990638
-0.00730562
-0.00505664
-0.00347905
-0.00183598
-0.00115603
-0.084812
-0.0887382
-0.0860874
-0.0809952
-0.0731061
-0.0639241
-0.0549005
-0.0465081
-0.0388709
-0.0320351
-0.0260101
-0.0207784
-0.0162894
-0.0125084
-0.00933247
-0.00678228
-0.0046328
-0.00312822
-0.00162805
-0.00106193
-0.0981702
-0.099369
-0.0939577
-0.0864745
-0.0765837
-0.0659084
-0.0558712
-0.0468067
-0.038745
-0.0316426
-0.0254531
-0.0201225
-0.0155979
-0.01182
-0.0087017
-0.00620868
-0.00417325
-0.00273746
-0.00140169
-0.000931473
-0.114255
-0.111864
-0.103055
-0.0925193
-0.0802611
-0.0679221
-0.0567944
-0.0470222
-0.0385303
-0.0311629
-0.0248115
-0.0193855
-0.0148326
-0.0110669
-0.00801943
-0.00558914
-0.00368219
-0.00230638
-0.00115857
-0.00075487
-0.133395
-0.126434
-0.113507
-0.0990584
-0.0840479
-0.0698898
-0.0576162
-0.047117
-0.0382031
-0.0305816
-0.0240784
-0.0185664
-0.0139974
-0.0102554
-0.00729258
-0.00492869
-0.00316401
-0.00183462
-0.000900784
-0.00052192
-0.155626
-0.143205
-0.125398
-0.105935
-0.0878101
-0.071707
-0.0582683
-0.0470451
-0.037736
-0.0298816
-0.0232461
-0.0176655
-0.0130981
-0.00939338
-0.00652853
-0.0042321
-0.00262267
-0.00132182
-0.000631207
-0.000223047
-0.180484
-0.162034
-0.13867
-0.112859
-0.0913634
-0.0732336
-0.0586685
-0.0467533
-0.0370985
-0.0290439
-0.0223072
-0.016684
-0.0121414
-0.00848841
-0.00573367
-0.00350305
-0.00206157
-0.000767992
-0.000354444
0.000149399
-0.206257
-0.18213
-0.15289
-0.119368
-0.0944847
-0.0743018
-0.0587321
-0.0461898
-0.0362631
-0.0280517
-0.0212567
-0.0156245
-0.011134
-0.00754685
-0.00491267
-0.00274421
-0.00148397
-0.00017489
-7.70985e-05
0.00059968
-0.230508
-0.201497
-0.166919
-0.124864
-0.0969783
-0.0747692
-0.0584109
-0.045332
-0.0352269
-0.0269065
-0.0201032
-0.0144977
-0.0100861
-0.00657693
-0.00407023
-0.00196141
-0.000892851
0.000447829
0.000196099
0.00112796
-0.250666
-0.216934
-0.178735
-0.128743
-0.0987848
-0.0745933
-0.0577463
-0.0442191
-0.0340404
-0.0256523
-0.0188881
-0.0133372
-0.00902245
-0.00559912
-0.00321899
-0.00117279
-0.000294313
0.00107447
0.000458854
0.00173787
-0.280335
-0.22622
-0.186588
-0.130226
-0.0999694
-0.0736965
-0.0568264
-0.042868
-0.032758
-0.0243232
-0.0176564
-0.0121783
-0.00798085
-0.0046413
-0.0023958
-0.000397699
0.000266946
0.00170536
0.000622288
0.00248692
-0.325898
-0.230475
-0.188391
-0.128357
-0.100217
-0.0724313
-0.0561305
-0.0418071
-0.0318968
-0.023419
-0.0168882
-0.0114716
-0.00739615
-0.00409074
-0.00198005
6.69838e-05
0.000477441
0.00216854
0.000453799
0.00313635
-0.336337
-0.228738
-0.187321
-0.126707
-0.0994278
-0.0714851
-0.0555164
-0.0412221
-0.0314478
-0.0230182
-0.0165626
-0.0111957
-0.00717366
-0.00390267
-0.00183377
0.000200603
0.000558105
0.00227675
0.000442589
0.00328759
-0.339586
-0.225211
-0.185421
-0.124678
-0.0983293
-0.0704185
-0.0548304
-0.0406209
-0.0309973
-0.0226299
-0.0162497
-0.0109335
-0.00696005
-0.0037255
-0.00169
0.000322168
0.000645613
0.00236466
0.000457817
0.00341128
-0.33997
-0.222292
-0.183971
-0.123047
-0.0974749
-0.0695461
-0.0542767
-0.0401199
-0.03062
-0.0222982
-0.0159798
-0.0107039
-0.00677043
-0.00356543
-0.00155836
0.000435368
0.000727794
0.00244825
0.000473181
0.0035289
-0.33947
-0.219814
-0.182754
-0.121592
-0.0967326
-0.0687525
-0.0537755
-0.0396545
-0.0302678
-0.0219853
-0.0157246
-0.0104857
-0.0065901
-0.00341229
-0.00143286
0.000544529
0.000805446
0.00253002
0.000485436
0.00364332
-0.338318
-0.21749
-0.181573
-0.120189
-0.0960151
-0.0679841
-0.053291
-0.0392024
-0.0299255
-0.0216807
-0.0154766
-0.0102739
-0.00641545
-0.00326415
-0.00131181
0.000649689
0.000879826
0.00260859
0.000496833
0.00375274
-0.336614
-0.215311
-0.180425
-0.118849
-0.0953263
-0.0672483
-0.0528274
-0.0387683
-0.0295968
-0.021388
-0.0152385
-0.0100706
-0.00624796
-0.00312222
-0.00119593
0.00075007
0.000950831
0.00268318
0.000508003
0.00385621
-0.334553
-0.213307
-0.179332
-0.117592
-0.094678
-0.0665548
-0.0523909
-0.0383572
-0.0292852
-0.0211101
-0.0150124
-0.00987759
-0.00608894
-0.00298746
-0.00108595
0.000845177
0.00101809
0.00275356
0.000518789
0.00395349
-0.3323
-0.211479
-0.1783
-0.116423
-0.0940731
-0.0659064
-0.0519828
-0.0379708
-0.0289921
-0.0208481
-0.0147994
-0.00969561
-0.00593905
-0.00286044
-0.00098235
0.000934659
0.0010813
0.00281955
0.00052904
0.00404439
-0.329965
-0.209816
-0.17733
-0.115342
-0.0935119
-0.0653045
-0.0516038
-0.0376103
-0.0287184
-0.0206031
-0.0146001
-0.00952541
-0.00579891
-0.00274167
-0.000885538
0.00101817
0.00114025
0.00288094
0.000538689
0.00412867
-0.327625
-0.208309
-0.176424
-0.114352
-0.0929955
-0.0647506
-0.0512549
-0.0372771
-0.0284651
-0.0203761
-0.0144156
-0.00936775
-0.00566912
-0.00263168
-0.000795941
0.00109537
0.00119469
0.0029375
0.000547686
0.0042061
-0.325346
-0.206951
-0.175588
-0.113455
-0.0925253
-0.0642468
-0.0509372
-0.0369725
-0.0282334
-0.0201682
-0.0142467
-0.0092234
-0.00555033
-0.00253102
-0.000713975
0.00116591
0.00124441
0.00298904
0.000555978
0.00427645
-0.323182
-0.205739
-0.174827
-0.112652
-0.0921028
-0.0637947
-0.0506516
-0.036698
-0.0280244
-0.0199805
-0.0140943
-0.0090931
-0.00544311
-0.00244016
-0.000640035
0.00122948
0.00128918
0.00303535
0.000563509
0.00433952
-0.321181
-0.204672
-0.174146
-0.111947
-0.0917295
-0.0633957
-0.0503993
-0.0364548
-0.0278392
-0.019814
-0.013959
-0.00897752
-0.00534803
-0.00235959
-0.00057449
0.00128579
0.00132882
0.00307628
0.000570226
0.00439513
-0.319384
-0.203749
-0.173551
-0.11134
-0.0914067
-0.0630511
-0.050181
-0.036244
-0.0276785
-0.0196695
-0.0138418
-0.00887728
-0.00526558
-0.00228973
-0.000517673
0.00133456
0.00136315
0.00311166
0.000576082
0.00444311
-0.317826
-0.202973
-0.173047
-0.110832
-0.0911355
-0.0627621
-0.0499977
-0.0360667
-0.0275433
-0.0195479
-0.0137431
-0.00879293
-0.00519621
-0.00223095
-0.000469881
0.00137556
0.001392
0.00314136
0.000581033
0.00448331
-0.31654
-0.202346
-0.172638
-0.110424
-0.090917
-0.0625296
-0.0498499
-0.0359237
-0.0274343
-0.0194499
-0.0136635
-0.00872495
-0.00514032
-0.00218358
-0.00043137
0.00140859
0.00141524
0.00316525
0.000585045
0.00451562
-0.315552
-0.201873
-0.172329
-0.110118
-0.0907522
-0.0623543
-0.0497384
-0.0358157
-0.027352
-0.0193759
-0.0136036
-0.00867375
-0.00509822
-0.0021479
-0.000402356
0.00143348
0.00143276
0.00318327
0.000588096
0.00453995
-0.314882
-0.201556
-0.172121
-0.109913
-0.0906417
-0.0622368
-0.0496636
-0.0357432
-0.0272969
-0.0193264
-0.0135636
-0.00863957
-0.00507014
-0.00212408
-0.00038298
0.00145011
0.00144447
0.00319531
0.000590136
0.00455619
-0.314544
-0.201397
-0.172016
-0.109811
-0.0905859
-0.0621775
-0.0496257
-0.0357068
-0.0272692
-0.0193018
-0.0135437
-0.00862268
-0.00505626
-0.0021123
-0.000373377
0.00145838
0.00145032
0.00320136
0.00059121
0.00456435
)
;

boundaryField
{
    inlet
    {
        type            zeroGradient;
    }
    outlet
    {
        type            fixedValue;
        value           uniform 0;
    }
    cylinder
    {
        type            zeroGradient;
    }
    top
    {
        type            symmetryPlane;
    }
    bottom
    {
        type            symmetryPlane;
    }
    defaultFaces
    {
        type            empty;
    }
}


// ************************************************************************* //
